-0.19123178981694688
-0.198031981583919
-0.20881602402801377
-0.16770056436428796
-0.14153614435884432
-0.2071317274597744
-0.1783410406151128
-0.17852512123986697
-0.14887467663198328
-0.16678166098927993
-0.19361513150908818
-0.20061514420694657
-0.16472987877536202
-0.16062237496313697
-0.12875026951027765
-0.16276901045963862
-0.17648940581799036
-0.18935885597929966
-0.18075954496374
-0.16830959971867335
-0.11508702724006349
-0.13675378521827247
-0.17386126212652606
-0.17711343016514852
-0.17060107563905794
-0.17726454478934295
-0.17241658432244825
-0.16696696019272345
-0.19216148690348567
-0.17325325046268353
-0.1676970356195038
-0.035020863308374034
-0.053671095422343655
-0.04133746932849101
-0.038759373670329104
-0.024770119476635936
-0.05528669309606422
-0.029240298885507554
-0.030622734513707457
-0.031618455752305596
-0.07153465378329578
-0.05771925948590053
-0.024766695337739033
-0.0707116193786001
-0.07031433152541174
-0.060597472382906824
-0.06565965040658499
-0.04629057495869926
-0.06782422959962414
-0.020198077332374494
-0.022508591093531913
-0.05049815713329155
-0.0281636494343669
-0.05987298942802848
-0.0417638759626516
-0.013554125442149142
-0.06454676955825185
-0.01550711253906824
-0.0755972813114678
