2.1672500447282406e-16
-5.446671129270229e-17
5.885010506702218e-17
3.092058805188572e-17
-2.684137488447241e-17
1.6019682914309065e-17
8.755030456314176e-18
1.6924532778959668e-17
-5.826302466626559e-18
2.7147598232337662e-17
1.6335323733291117e-17
2.3769906578896922e-18
-5.184021054623515e-18
-7.619561967277763e-19
1.0627506296380515e-17
-1.7494031288719446e-18
3.1519989505487573e-18
2.472711251487021e-18
1.5119673998557854e-18
-1.752140907440633e-18
-5.341099179380691e-18
-1.4397306833322397e-17
-6.997741161932437e-18
-4.889036557704615e-19
6.0423036524742324e-18
1.1542999862201152e-17
3.452168144563809e-19
9.684998798718982e-18
-2.567704227938747e-18
2.0385826615335674e-18
1.0907480788803793e-18
3.544877000714478e-18
3.5748457111244907e-19
-5.499982670900822e-18
-2.1283921160191e-18
4.4020648758734445e-18
8.764050778310218e-18
-2.5945701519572674e-18
-7.063158777035119e-19
-5.590995420944144e-20
-7.327645261135969e-19
-1.4140862302633868e-18
-3.2904628314731803e-18
-8.81554929394574e-19
-2.251838723774705e-18
1.6997114755158029e-18
-2.4418210890322975e-18
-6.97598804160311e-19
-3.0180674412396723e-18
2.4489235898210025e-18
-1.1282343389870023e-18
-1.7533065293340328e-19
-6.210651914738797e-19
7.126461952630873e-19
1.3139147669752148e-18
-3.7951760310241275e-19
-4.358784337421109e-19
0.0
0.0
0.0
0.0
0.0
0.0
0.0
0.0
0.0
0.0
0.0
0.0
0.0
0.0
0.0
0.0
0.0
0.0
0.0
0.0
0.0
0.0
0.0
0.0
0.0
0.0
0.0
0.0
0.0
0.0
0.0
0.0
0.0
0.0
0.0
0.0
0.0
0.0
0.0
0.0
0.0
0.0
0.0
-0.0024740743722068206
-0.003298765829609093
-0.003298765829609093
-0.003298765829609093
-0.003298765829609093
0.0
0.0
0.0
0.0
0.0
0.0
0.0
0.0
0.0
0.0
0.0
0.0
0.0
0.0
0.0
0.0
0.0
0.0
0.0
0.0
0.0
0.0
-0.003298765829609093
-0.003298765829609093
-0.003298765829609093
-0.003298765829609093
-0.003298765829609093
-0.003298765829609093
-0.003298765829609093
0.0
0.0
0.0
0.0
0.0
0.0
0.0
0.0
0.0
0.0
0.0
0.0
0.0
0.0
0.0
0.0
0.0
0.0
0.0
-0.003298765829609093
-0.003298765829609093
-0.003298765829609094
-0.003298765829609094
-0.0032987658296090936
-0.0032955317456551847
0.0
-0.0021862409003089054
-0.003298765829609093
-0.003298765829609093
0.0
0.0
0.0
0.0
0.0
0.0
0.0
0.0
0.0
0.0
0.0
0.0
0.0
0.0
0.0
0.0
0.0
-0.003298765829609093
-0.003298765829609093
-0.008211711207795971
-0.013352611996000264
-0.008240781888764129
-0.003298765829609093
-0.003298765829609093
-0.003298765829609093
-0.003298765829609093
0.0
-0.003298765829609093
-0.003298765829609093
0.0
0.0
0.0
0.0
0.0
0.0
0.0
0.0
0.0
0.0
0.0
0.0
0.0
0.0
0.0
-0.003298765829609093
-0.003298765829609093
-0.003298765829609093
-0.013352611996000264
-0.013352611996000264
0.0
0.0
-0.0023987072616396773
-0.00568804791593095
-0.003298765829609093
-0.003298765829609093
-0.003153232051683182
-0.003298765829609093
-0.0032858294937934554
0.0
0.0
0.0
0.0
0.0
0.0
0.0
0.0
0.0
-0.005080974260743903
-0.005080974260743903
-0.010495169301577022
-0.02033544155942512
-0.023634207389034236
-0.029384485230789095
-0.03920209672120412
-0.03838855346639603
-0.04858943714826224
-0.05320612899103558
-0.050722541894280375
-0.048197482687154534
-0.032961359414781365
-0.025959917510258813
-0.01763272836529336
-0.012709561462299636
-0.007902721763702457
-0.007902721763702457
-0.006751732780179121
0.0
0.0
0.0
0.0
0.0
0.0
0.0
-0.0012652622181684322
-0.005080974260743903
-0.010046971873166808
-0.017945191079111394
-0.02093420456069658
-0.03282933963940384
-0.05168827026826386
-0.07037627721679672
-0.10020140254654787
-0.10985258639851331
-0.11582932290722232
-0.12398159210465931
-0.12003778349412607
-0.11895228349900396
-0.1075911198430323
-0.06921655211418803
-0.055772749237351926
-0.03149172463721118
-0.022645688188033048
-0.0058038011301491015
-0.007902721763702457
-0.0020504093250892806
0.0
0.0
0.0
0.0
0.0
0.0
-0.005080974260743903
-0.010046971873166808
-0.015254467298681235
-0.032408109416887626
-0.049861220057754355
-0.08333092845268784
-0.113076239716695
-0.11444250279159648
-0.12622481386034767
-0.13592280715741656
-0.13362168496351967
-0.12449299442838785
-0.1269511085727527
-0.13080722002934111
-0.13396599762895978
-0.11331323508342499
-0.0927846288248381
-0.05566095358773949
-0.03886984630089532
-0.02246882228060831
-0.009517345619356918
-0.003298765829609093
0.0
0.0
0.0
0.0
0.0
0.0
-0.010046971873166808
-0.022415571447883753
-0.05589464965431849
-0.06807306661472477
-0.10259289870737663
-0.12455605675025538
-0.11372268184010133
-0.09103085068539579
-0.05851825909066329
-0.0665357648391943
-0.08158632732726508
-0.1113653034539568
-0.11624594365518427
-0.09069919915371476
-0.08254004303270707
-0.08109909986931024
-0.09728281101552629
-0.09619938929109494
-0.06469187700405599
-0.030282544502208058
-0.01256820720285216
-0.003298765829609093
0.0
0.0
0.0
0.0
0.0
-0.003494540074302404
-0.019771213587130857
-0.060975623915062366
-0.07387701668654166
-0.10130849322805645
-0.10320655516887518
-0.08833399107066986
-0.04274253071487459
-0.018852056255218425
-0.007987942633680863
-0.0371534862972378
-0.07687876442833495
-0.1044189636081017
-0.07354677740357475
-0.028828480006415122
-0.036148326523082676
-0.04526832227175377
-0.08965613427549866
-0.09112160775078111
-0.08879837199887759
-0.03916992607055107
-0.017157879905938738
-0.003298765829609093
-0.00033957881516046
0.0
0.0
0.0
0.0
-0.004665485439149696
-0.03445299788905598
-0.07444692437498131
-0.08971637384105444
-0.0945529899372406
-0.07545746954618399
-0.023633232365079887
-0.009336183755622908
-0.003988269956765155
-0.006085743857139444
-0.04307802526261555
-0.08136299145395412
-0.10019557825919104
-0.06125676788531818
-0.014896948906064128
-0.011117653121606789
-0.035606401306120306
-0.05800193092946907
-0.09517985812135558
-0.09931664941651643
-0.048303790255069506
-0.008275053262933464
-0.003298765829609093
-0.003298765829609093
0.0
0.0
0.0
0.0
-0.009012516070851849
-0.0436895265813273
-0.08856157025147157
-0.08742680857709968
-0.08224653888041336
-0.025421446308365233
-0.012181038084864993
-0.0019763863439953805
-0.0016789678854407192
-0.00969681741640524
-0.04392372465945417
-0.08924373022444096
-0.10955478233576595
-0.04673392967159354
-0.015220977063295255
-0.017422370135856118
-0.04110100295463954
-0.0691267250259629
-0.07507997124328022
-0.1053890117501738
-0.04670658067243358
-0.005454601973058968
-0.003298765829609093
-0.0016461488308506381
0.0
0.0
0.0
0.0
-0.010662105770279413
-0.04642605299450482
-0.0971351924463875
-0.09216204669125516
-0.054201353900282426
-0.03023108143136777
-0.004116861965289205
-0.00038850500296207116
0.0
-0.00969681741640524
-0.03476115902738857
-0.08052996513971769
-0.10887647425923529
-0.07002786933989788
-0.026747955271216935
-0.035016008130611266
-0.04652445637766487
-0.05922082657612515
-0.07118788739169325
-0.09812291636373893
-0.04688944485864539
-0.0009152458081117295
-0.003298765829609093
0.0
0.0
0.0
0.0
-0.003298765829609093
-0.011435782349710487
-0.035791393789771773
-0.06908075658789681
-0.06897866587503489
-0.05919916897456297
-0.04536388216170713
-0.01217965653448647
-0.0029627114294884147
0.0
-0.01154693626069746
-0.020453995821011053
-0.05607479300444333
-0.11702010684296468
-0.11622425894749949
-0.07970426230665252
-0.047172751999213544
-0.08114854282116848
-0.07656706035609816
-0.09735486296517705
-0.09662687583060428
-0.028604067483920387
-0.003298765829609093
-0.003298765829609093
0.0
0.0
0.0
0.0
-0.003298765829609093
-0.007902721763702457
-0.018844304936063268
-0.044704523082313166
-0.04855740379839002
-0.0684715898454042
-0.044358091152256855
-0.029720121569205202
-0.011587444420773585
-0.0020154357943749928
-0.010704535313592735
-0.013653213341859694
-0.02674567415996758
-0.07805018865589648
-0.12045527953686268
-0.11463443874410642
-0.12160231063533025
-0.10753151761170172
-0.11234550249805202
-0.09366405386726293
-0.06421231149625917
-0.006958569808495983
-0.003298765829609093
-0.003298765829609093
0.0
0.0
0.0
0.0
-0.003298765829609093
-0.010448613621629256
-0.01465780210048454
-0.015334562533576958
-0.027770537291067578
-0.032831323138551444
-0.02388187292717689
-0.02632131955727614
-0.011977194442054086
-0.005080974260743903
-0.009970951978551966
-0.00969681741640524
-0.016067831739670854
-0.03350763508155417
-0.04810480007373169
-0.0855048911353312
-0.08309659491952154
-0.07104942420557407
-0.07147783715921724
-0.0434543945291217
-0.0027639358006451027
-0.003298765829609093
-0.003298765829609093
0.0
0.0
0.0
0.0
0.0
-0.003298765829609093
-0.007899487679748556
-0.01465780210048454
-0.008696020059985791
-0.01614695504875952
-0.017578481516203226
-0.011449336077136055
-0.005080974260743903
-0.005080974260743903
-0.005080974260743903
-0.005080974260743903
-0.006086975054798452
-0.00969681741640524
-0.00969681741640524
-0.014477318377032708
-0.02160412330093052
-0.024974761096016762
-0.030206587080328973
-0.009507854096813031
0.0
0.0
-0.0028848030835087217
-0.002681055745257004
0.0
0.0
0.0
0.0
-0.0016461488308506381
-0.003298765829609093
0.0
-0.005111830107236128
-0.010053846166391175
-0.007982055172451397
-0.008216556321290664
0.0
0.0
0.0
0.0
0.0
0.0
0.0
0.0
0.0
-0.0032922976617012763
-0.003298765829609093
-0.003298765829609093
0.0
0.0
0.0
0.0
0.0
0.0
0.0
0.0
0.0
-0.0016461488308506381
-0.003298765829609093
0.0
-0.005111830107236128
0.0
-0.00494201605915504
-0.008240781888764129
-0.005760083632197225
0.0
0.0
0.0
0.0
0.0
0.0
0.0
-0.003298765829609093
-0.003298765829609093
-0.003298765829609093
0.0
0.0
0.0
0.0
0.0
0.0
0.0
0.0
0.0
0.0
0.0
0.0
0.0
0.0
0.0
0.0
-0.003298765829609093
-0.003298765829609093
-0.0008214573734483639
0.0
0.0
0.0
0.0
-0.0024126267770825465
-0.003298765829609093
-0.003298765829609093
-0.003298765829609093
0.0
0.0
0.0
0.0
0.0
0.0
0.0
0.0
0.0
0.0
0.0
0.0
0.0
0.0
0.0
0.0
0.0
0.0
-0.003298765829609093
-0.003298765829609093
-0.003298765829609093
-0.003298765829609093
-0.003298765829609093
-0.003298765829609093
-0.003298765829609093
-0.003298765829609093
0.0
0.0
0.0
0.0
0.0
0.0
0.0
0.0
0.0
0.0
0.0
0.0
0.0
0.0
0.0
0.0
0.0
0.0
0.0
0.0
0.0
-0.003298765829609093
-0.003298765829609093
-0.003298765829609093
-0.003298765829609093
-0.003298765829609093
-0.0016493829148045466
0.0
0.0
0.0
0.0
0.0
0.0
0.0
0.0
0.0
0.0
0.0
0.0
0.0
0.0
0.0
0.0
0.0
0.0
0.0
0.0
0.0
0.0
0.0
0.0
0.0
0.0
0.0
0.0
0.0
0.0
0.0
0.0
0.0
0.0
0.0
0.0
0.0
0.0
0.0
0.0
0.0
0.0
0.0
0.0
0.0
0.0
0.0
0.0
0.0
0.0
0.0
0.0
0.0
0.0
0.0
0.0
0.0
0.0
0.0
0.0
0.0
0.0
0.0
0.0
0.0
0.0
0.0
0.0
0.0
0.0
0.0
0.0
0.0
0.0
0.0
0.0
0.0
0.0
0.0
0.0
0.0
0.0
0.0
0.0
0.0
0.0
0.0
0.0
0.0
0.0
0.0
0.0
0.0
0.0
0.0
0.0
0.0
