2.0499587098497583e-18	5.657022044110402e-17
-6.722189010105525e-17	-7.713679902119536e-17
-7.217992798627299e-17	4.022860180236733e-17
-5.1322909091533674e-18	9.46881847405564e-18
-3.3866192846993596e-18	5.4112717362431345e-17
-3.898097704080621e-18	-1.8209607550209084e-17
2.274918171505784e-17	-3.070969495527663e-17
2.4347466118056398e-17	8.847462711695995e-17
2.186395278402789e-17	-1.2676386135911909e-17
-5.399527227307552e-18	-1.89710603465008e-17
5.014512693142102e-17	-5.100953220620389e-17
-1.0199906543614936e-17	4.931154540805422e-17
-1.6236994215734e-17	2.3141608475942044e-17
-1.7054747759008087e-17	2.4391837947731645e-17
-1.047522502307426e-17	3.080144373102933e-17
-3.590432009712935e-17	9.873262732189238e-17
-1.0739143599769556e-17	2.3491815351117373e-17
-7.877943673231992e-19	2.1380681517677933e-17
-1.266701740663576e-17	3.205529346804507e-17
1.9258482625746968e-18	1.5089434955493216e-17
3.9126703399573946e-18	-3.935000443862012e-17
9.844341003481762e-18	-3.0611916259526056e-17
-1.5252185310703805e-18	5.580476304669593e-18
-1.557370361437041e-17	2.9697586081177835e-17
-2.451916025904243e-18	3.998721409092948e-19
-8.383126601640755e-18	4.4549161469800716e-17
9.762054360120327e-18	-2.6407518334178392e-17
-2.362336727293824e-18	4.3716904221621165e-18
1.6763087204698481e-18	1.4140822867712353e-17
-1.0919334462741226e-18	-1.6970235374667684e-18
-3.544035571950257e-21	7.161010354492071e-18
5.164795108058231e-19	1.4930270450128183e-18
-1.3331967873908257e-19	-1.915147163986609e-18
-2.1972253275409356e-19	-5.953658752064473e-19
1.81853709864592e-18	3.848908646284326e-18
1.6429387752185361e-19	-2.538365366249165e-18
2.576095721612111e-18	4.738026541023532e-18
8.721385585556913e-19	-7.2215079830366e-18
4.796976097370979e-19	-1.5708734848269106e-18
-7.920702772385453e-19	-7.029307320860394e-19
1.9745511751232586e-18	5.3334070995580504e-18
-4.6844649218345826e-20	5.298945855802173e-19
4.724720113802729e-19	-5.974619140241376e-20
-2.4364374333511053e-19	4.457812297095281e-19
2.889007384333427e-19	9.12381964132547e-19
-1.5403442582991335e-20	1.6125064002899387e-18
-1.3129584093193031e-18	-1.982497003550709e-18
3.3316571778848257e-19	1.4420963548952767e-18
3.936186360620493e-19	7.963701821536983e-19
1.7726759143403067e-19	9.61781760288493e-19
3.6070604231654414e-19	7.753859904911846e-19
4.526348564047693e-19	1.399547828783666e-18
3.7767838869398103e-19	1.9206920462489348e-18
-3.8980194413098793e-19	-1.883461653968297e-18
-2.834925834231704e-19	-1.498998084291028e-19
1.7007418659559018e-19	3.326818316730011e-19
1.678817320714801e-19	2.524102214744775e-19
-3.693398105572562e-19	-5.553024872438505e-19
0.0	0.0
0.0	0.0
0.0	0.0
0.0	0.0
0.0	0.0
0.0	0.0
0.0	0.0
0.0	0.0
0.0	0.0
0.0	0.0
0.0	0.0
0.0	0.0
0.0	0.0
0.0	0.0
0.0	0.0
0.0	0.0
0.0	0.0
0.0	0.0
0.0	0.0
0.0	0.0
0.0	0.0
0.0	0.0
0.0	0.0
0.0	0.0
0.0	0.0
0.0	0.0
0.0	0.0
0.0	0.0
0.0	0.0
0.0	0.0
0.0	0.0
0.0	0.0
0.0	0.0
0.0	0.0
0.0	0.0
0.0	0.0
0.0	0.0
0.0	0.0
0.0	0.0
0.0	0.0
0.0	0.0
0.0	0.0
0.0	0.0
-0.004126873575226892	0.004982011696253637
-0.004126873575226892	0.004982011696253637
-0.004126873575226892	0.004982011696253637
-0.004126873575226892	0.004982011696253637
-0.004126873575226892	0.004982011696253637
-0.003556393965277082	0.004293321810935809
0.0	0.0
0.0	0.0
0.0	0.0
0.0	0.0
0.0	0.0
0.0	0.0
0.0	0.0
0.0	0.0
0.0	0.0
0.0	0.0
0.0	0.0
0.0	0.0
0.0	0.0
0.0	0.0
0.0	0.0
0.0	0.0
0.0	0.0
0.0	0.0
0.0	0.0
0.0	0.0
0.0	0.0
-0.004126873575226892	0.004982011696253637
-0.004126873575226892	0.004982011696253637
-0.004126873575226892	0.004982011696253637
-0.004126873575226892	0.004982011696253637
-0.004126873575226892	0.004982011696253637
-0.004126873575226892	0.004982011696253637
-0.004126873575226892	0.004982011696253637
-0.004126873575226892	0.004982011696253637
0.0	0.0
0.0	0.0
0.0	0.0
0.0	0.0
0.0	0.0
0.0	0.0
0.0	0.0
0.0	0.0
0.0	0.0
0.0	0.0
0.0	0.0
0.0	0.0
0.0	0.0
0.0	0.0
0.0	0.0
0.0	0.0
0.0	0.0
0.0	0.0
0.0	0.0
0.0	0.0
-0.0009022478579872391	0.0010892045272225433
0.0	0.0
0.0	0.0
0.0	0.0
-0.0044910069564908645	-0.0025308686589102154
-0.005988009275321146	-0.0033744915452136215
-0.01011488285054804	0.0016075201510400148
-0.004126873575226892	0.004982011696253637
-0.0006691599305296009	-0.0005490096681538709
0.0	0.0
0.0	0.0
0.0	0.0
0.0	0.0
0.0	0.0
0.0	0.0
-0.004118781666738176	0.004972243046451084
-0.004126873575226892	0.004982011696253637
-0.008460698190582	0.021836452209480207
-0.002403979239773873	0.0038136888408988896
0.0	0.0
0.0	0.0
0.0	0.0
-0.002059390833369088	0.002486121523225542
-0.004126873575226892	0.004982011696253637
-0.004126873575226892	0.004982011696253637
-0.004126873575226892	0.004982011696253637
-0.004126873575226892	0.004982011696253637
-0.0030627875474652988	0.0036974341729800113
0.0	0.0
0.0	0.0
0.0	0.0
-0.005505676899560948	0.0003946085344674026
-0.012360290624752013	0.012047259626938065
-0.007269711498291184	-0.0008415689805199055
-0.005988009275321146	-0.0033744915452136215
-0.01011488285054804	0.0016075201510400148
-0.007045503720627578	-0.0015965116328581972
-0.004982066933014129	-0.004087517480985009
0.0	0.0
0.0	0.0
0.0	0.0
0.0	0.0
0.0	0.0
-0.004126873575226892	0.004982011696253637
-0.008456019757114706	0.021796620247053807
-0.019046532190117142	0.055030079279452755
-0.011078562096198417	0.02996388977083187
-0.011048215911973048	0.029869498277421122
-0.011048215911973048	0.029869498277421122
-0.008468790099070724	0.021846220859282763
-0.008468790099070724	0.021846220859282763
-0.008468790099070724	0.021846220859282763
-0.008468790099070724	0.021846220859282763
-0.008468790099070724	0.021846220859282763
-0.008468790099070724	0.021846220859282763
-0.007374797406805754	0.01759710149370617
-0.0020189312909254984	0.0024372782742127707
0.0	0.0
-0.00431003127771668	-0.013322435847657943
-0.018290494436291497	0.019836350503239317
-0.020365343926701352	0.019552599234069667
-0.00686632859776762	0.010934236664038156
0.0	0.0
-0.010652164546593705	0.0011667094685807048
-0.013709187416251866	-0.0041553208453207835
-0.002476380329342182	-0.0020317366309708924
0.0	0.0
0.0	0.0
0.0	0.0
0.0	0.0
0.0	0.0
-0.004126873575226892	0.004982011696253637
-0.006841641882643076	0.013567497773623077
-0.02122474129273753	0.06525753451069446
-0.03478852774749484	0.08954867646614721
-0.04248473953328607	0.09029926155427295
-0.04357673677682428	0.08977277378567736
-0.04362272984771098	0.07479015495666069
-0.04139861829019348	0.08150223718271339
-0.037625439455129424	0.08269446249833282
-0.03091159199790379	0.07131293730617647
-0.016671371762099704	0.052860326973901604
-0.01464871446988765	0.03902652147991633
-0.006120802366041851	0.0037791485804371657
-0.007074086193046662	0.001121666944602617
-0.00865590799875076	-0.02746052069432819
-0.01256084249106181	-0.027191199478070947
-0.010573528471177467	-0.0010390901483365799
-0.01819460121801845	0.01196047640049892
-0.024596915265360193	0.040920204299934974
-0.011538584523711825	0.02924378050279574
-0.015096949783562175	-0.0024799973299449948
-0.012572274212091814	-0.005527816216817399
0.0	0.0
0.0	0.0
0.0	0.0
0.0	0.0
0.0	0.0
0.0	0.0
-0.004054046398828432	0.004894093848030647
-0.012527147118093987	0.0323571251429037
-0.04868284708314634	0.12063222262210545
-0.05260624473636431	0.09857781349109404
-0.0781183618000907	0.07560210332471001
-0.08608436503915803	0.07731508020345888
-0.08856005067808828	0.08068416607376133
-0.08927450036712908	0.09388487536291024
-0.08763019240518549	0.09049992493040583
-0.0925924094223878	0.09174606918703125
-0.08239647324423673	0.09440741958341466
-0.05115392024032673	0.07320816771978209
-0.020873617069877833	0.030611449639617053
-0.004982066933014129	-0.004087517480985009
-0.006986955049795987	-0.016121295527207792
-0.02560880630392588	-0.05749824524696911
-0.055338390470863814	-0.06513477226166674
-0.06854716946107763	-0.02449030630138486
-0.048610747165670404	0.049618083782361086
-0.03582466863865722	0.05938497464133447
-0.023096678564523885	0.027084482552175868
-0.01433456209070222	0.0015280643426170244
0.0	0.0
0.0	0.0
0.0	0.0
0.0	0.0
0.0	0.0
0.0	0.0
-0.0050341737156481756	0.012695147140038028
-0.016407145679886524	0.04201521611723487
-0.06077235811893289	0.14308201015682898
-0.0898145687967518	0.08399200453700108
-0.0922188662062292	-0.023854674047818027
-0.11900170363804292	-0.061978319393637966
-0.11877423173025353	-0.04793757904528423
-0.1076475055146107	-0.0513510321967391
-0.1282882862090677	-0.024605801217405004
-0.1372330283322488	0.018743109159778858
-0.12309437002512552	0.025652168809746915
-0.09436226700519816	0.05563115174781555
-0.04652639195410031	0.009459082466686615
-0.011507280039610525	-0.0093079018272597
-0.014008414945100666	-0.004249780822257771
-0.0335068293470992	-0.05408973546200046
-0.061148380297317194	-0.09117144465777534
-0.08059516405562879	-0.025662459216630882
-0.08726854197362026	0.026055981903427745
-0.05756187389749885	0.09759214639356445
-0.027684279073620248	0.04045407839824038
-0.012827715344447783	0.01716772743707872
-0.0018261294442751162	0.006272545606732609
0.0	0.0
0.0	0.0
0.0	0.0
0.0	0.0
0.0	0.0
-0.006944382560727975	0.01783488003582093
-0.021936210849101637	0.054177084806060455
-0.07430180104119229	0.13510819729196555
-0.09874535620383802	0.0477546566428876
-0.1017364089892912	-0.11381341920245337
-0.08256792735926628	-0.12042149149380975
-0.06554849354032592	-0.11949381680903291
-0.07906608473481203	-0.12195243835548333
-0.11221123409819828	-0.11182170091743998
-0.12720707145662877	-0.033085220303851345
-0.1167095296310254	-0.04021140938082071
-0.09135107288964699	-0.01768888628809331
-0.05019138720635769	-0.024566405966153976
-0.014329859635867793	-0.02028588273679866
-0.007985933597068331	0.009613505365192235
-0.01932500079109225	-0.022982768031583178
-0.03778792929024169	-0.09619229772745674
-0.08125000521395855	-0.08245990963715924
-0.09842430430266814	0.023052239384518756
-0.06359671184447672	0.10081469741701722
-0.04303099340589234	0.07500478023319194
-0.017027582028864258	0.026913149119763266
-0.0029707369280347275	0.01020414129191121
-0.0005854099334281824	0.0020108161103114908
0.0	0.0
0.0	0.0
0.0	0.0
-0.0007951089982021827	0.002731108393866571
-0.012479932464534882	0.03202646032983152
-0.020130032558730766	0.05023066849525587
-0.06686190019116986	0.13397428208227385
-0.11086038195158622	0.0034153744493523553
-0.09348087125020194	-0.12741058475191275
-0.057883007176341046	-0.10151941580075818
-0.041662677977578964	-0.0713643070174476
-0.04204301642524509	-0.07148603400252725
-0.07896540078831604	-0.049042753370149864
-0.11213920729507047	-0.03050166931183837
-0.11760713379906626	-0.0640871378183512
-0.080704305979752	-0.008290445044270883
-0.02002784982992368	-0.0018821892088853637
-0.006402353019435292	-0.019060664666709894
-0.0034681314247709673	-0.011966425874924245
-0.009531311721277514	-0.023911482615167075
-0.027407175377226756	-0.07541996767534913
-0.07838717832157438	-0.13334690607059296
-0.10623399177792527	-0.007048505920572178
-0.07344615263249575	0.10641890176268269
-0.035774151063585946	0.0674423737128259
-0.01960482996567921	0.023209389386232775
-0.007170603612451217	0.019949562974595773
-0.0018348669053073658	0.006302557785214073
0.0	0.0
0.0	0.0
0.0	0.0
-0.004387162533093324	0.01349083247538753
-0.013070641907201691	0.03273957191389349
-0.016972850281801954	0.04173048397836372
-0.06728959142153398	0.11556626758224134
-0.11667268010471253	-0.00030428101077409645
-0.08622585902223759	-0.13644564169090984
-0.03253981458680594	-0.07072727898942001
-0.014758384821267874	-0.029722068710035302
-0.016434666647711337	-0.013346371504769968
-0.05239807498163551	0.019923745287124442
-0.10472132381451035	-0.002177021269702546
-0.10007831692040854	-0.048800071555966565
-0.06249746287586194	-0.021842346429201756
-0.023443941166298846	0.0045220289800465665
-0.005308196266424702	0.004991689730943558
-0.0014704793623641734	-0.004340052174701451
-0.003485403930636222	-0.010162234931919503
-0.026419193262970302	-0.07713588624667325
-0.07734493343848939	-0.13651641007965148
-0.1120409333616717	0.009234464717904818
-0.08572810230864876	0.11314106682050745
-0.03023405647367018	0.05596049174005029
-0.012336974775093148	0.0295565008234761
-0.007170603612451217	0.019949562974595773
0.0	0.0
0.0	0.0
0.0	0.0
-0.0029707369280347297	0.010204141291911209
-0.007170603612451217	0.019949562974595773
-0.01013227261312184	0.02257450522119251
-0.012337759240162614	0.03218429854966391
-0.0710841929393367	0.10338701068576396
-0.12569235772298837	0.01562264321476824
-0.07936666714141107	-0.13707457954586327
-0.018293576613618277	-0.060879951725531706
-0.008421012098516789	-0.017701789718143113
-0.012246951076054002	-0.002729029180189846
-0.05016992907435277	0.016143144700875384
-0.10320503691554224	0.005892971599374977
-0.10313879755623268	-0.020622998910457296
-0.0641253192457423	-0.04211114361313209
-0.02308689854015293	0.0046936967453538566
-0.008528906943579686	0.015426159497996129
-0.002156853290977732	-0.004401993168325404
-0.010332752616959453	-0.030561475221779853
-0.04092960862190847	-0.06780586096172199
-0.08569761464866255	-0.11743513722828985
-0.12098733332628762	0.017040153410129644
-0.07190961440971541	0.11239025685786576
-0.027121061791795808	0.06013915415678682
-0.011039572753543116	0.030287640664976904
-0.006296857464958786	0.016948344974396026
0.0	0.0
0.0	0.0
0.0	0.0
-0.0023270772543915494	0.007993243991723303
-0.007170603612451217	0.019949562974595773
-0.010200200475646678	0.023024843539852517
-0.012337759240162614	0.03218429854966391
-0.0789933914403099	0.09947338102962629
-0.13045936842363876	0.009495512319801279
-0.07507249962320844	-0.13554780996105026
-0.020531026917814093	-0.06781556984360557
-0.0043926343806656885	-0.004703826876783787
-0.0051001358999762545	0.0019026578104028617
-0.0350670795956185	0.02384015940681433
-0.10140760635123941	0.012066847834670743
-0.11439644893304035	-0.04060497536934016
-0.08756794081082178	-0.06523312118219775
-0.0508271417215066	-0.012235773253837838
-0.02447489112426766	0.006501179556690713
-0.02761059675390247	-0.0062093303880021555
-0.028860758952812385	-0.006375929104419634
-0.06368325504608206	-0.07311058518793959
-0.09904282150339687	-0.10227478696285659
-0.10331627759359745	0.03627102818191295
-0.06450147608491044	0.11997306704576523
-0.01867403490500443	0.05936412213168073
-0.008761939041724233	0.022493164761262494
-0.0015564211528614222	0.0036115385535367213
0.0	0.0
0.0	0.0
0.0	0.0
0.0	0.0
-0.007170603612451217	0.019949562974595773
-0.009234040400064661	0.022440568822722582
-0.027132141064354486	0.03389125231662641
-0.07535689387494111	0.10508047444511201
-0.10210936555365865	0.02284294976818652
-0.07859938053696662	-0.1268438516730961
-0.028151052760602206	-0.08623166744513953
-0.003538235089916004	-0.0018315320431302952
-0.00449657700970149	0.0028889159290579275
-0.013815740176117761	0.015506184361936173
-0.06533854103281683	0.03249688818039453
-0.1107032204357818	-0.03408584881039471
-0.11772709119712582	-0.08318428395396012
-0.09628995605973761	-0.07459488062991834
-0.06393659109951769	-0.03212780525450936
-0.057190173902809026	-0.0248727010009846
-0.0729785602064958	-0.0547822559317561
-0.09684281759607032	-0.11202772927136091
-0.09476019524801915	-0.076367059514591
-0.08889355740745256	0.04697648022198026
-0.04760050311809746	0.11413305613450833
-0.01784028896418458	0.05411868069083367
-0.004199866684416486	0.009745421682684557
0.0	0.0
0.0	0.0
0.0	0.0
0.0	0.0
0.0	0.0
-0.0047736266698016686	0.011716221555020763
-0.011822964206873126	0.02448545653036442
-0.03686622950821726	0.049852646834760476
-0.06928819763517108	0.08859883968662789
-0.08194893561288796	0.0454989258169432
-0.07644717804811459	-0.08326317981458566
-0.030189850320567542	-0.07758769561040248
-0.0021084136629261766	-0.007346903413127746
-0.00449657700970149	0.0028889159290579275
-0.01102512745542541	0.01641805854082649
-0.03789031919278208	0.04884922376744586
-0.06467990157675557	0.031436475663331166
-0.0958613988288122	-0.01721744119649826
-0.11508107885419475	-0.046473856546779845
-0.09784719020663953	-0.08496843770218476
-0.10109209349269797	-0.08240492402414208
-0.08947427144577333	-0.0971483529679181
-0.09520850238189744	-0.08227547756127099
-0.08458876811556018	0.00336379989939158
-0.04655412182143532	0.08390975910759291
-0.032056311643476255	0.0754587086519009
-0.017834965889389272	0.05410184640541087
0.0	0.0
0.0	0.0
0.0	0.0
0.0	0.0
0.0	0.0
0.0	0.0
0.0	0.0
-0.019037780082283826	0.00360996903406852
-0.033015228154021685	0.03955007740211013
-0.046871740267538146	0.07375141290914924
-0.06770842709274957	0.05747372550089569
-0.059663474865095226	-0.044803367550116546
-0.01711353111144095	-0.034375588549973045
-0.0006300341742399763	-0.0022973029314192804
-0.00221742964485879	0.0014246320720798893
-0.00449657700970149	0.0028889159290579275
-0.01652302253341371	0.02149833549960782
-0.04570130326314484	0.033457743123650505
-0.06040524506443727	0.05995533698292239
-0.05582098789567506	0.07731520699953831
-0.09891955321140757	0.04355398831039036
-0.09220152836718148	0.007500915874654201
-0.0874521528910516	-0.007084801957304767
-0.06402578697235276	0.04100525506227271
-0.05676724892667611	0.10463370963377211
-0.043673641868350044	0.095677564927728
-0.017840288964184565	0.05411868069083366
-0.00736005602157706	0.02386753672380922
0.0	0.0
0.0	0.0
0.0	0.0
0.0	0.0
0.0	0.0
0.0	0.0
0.0	0.0
-0.012960685819550262	-0.005058921026294802
-0.027909941314806	0.034570312886790154
-0.02678456563425099	0.051462499359426844
-0.019703562932442447	0.006561591171119489
-0.015249252339514775	-0.01926588298819453
-0.006909515030530468	-0.0023640804605754586
0.0	0.0
-0.000948079635822685	-0.003629664202074071
0.0	0.0
-0.001031718393806723	0.0012455029240634092
-0.020483442938540954	-0.012070172071026708
-0.03162923283086711	0.00973181569144313
-0.035517971746264206	0.04030148792572113
-0.05111558663534708	0.0636051069332782
-0.05525748698413946	0.09283797500603794
-0.0541203841573717	0.09667547049877757
-0.04859090829579745	0.10910613452643211
-0.03393537782646459	0.07317652267063025
-0.01511449261825056	0.02726323069982313
-0.004341916523843826	0.016864209163029126
-0.004341916523843826	0.016864209163029126
0.0	0.0
0.0	0.0
0.0	0.0
0.0	0.0
0.0	0.0
0.0	0.0
-0.0032334590828610736	-0.002652878956254467
-0.010970076208335284	-0.00746200902619864
-0.02093217571239338	0.03024398492408559
-0.019429444687320673	0.02941849607820958
-0.006018878366963156	-0.000979384366457436
0.0	0.0
-0.0008729719327475694	-0.0037698618201164823
0.0	0.0
0.0	0.0
0.0	0.0
0.0	0.0
-0.005505676899560948	0.0003946085344674026
-0.007701268144101922	-0.006392029802545423
-0.015258039746121131	0.0022111171137658516
-0.009261496405952807	0.003365156867812744
-0.01333058054082689	0.03338116268740369
-0.020435981664041793	0.050476344688512136
-0.0271601642546146	0.06310703074297895
-0.011199654502317564	0.021534726450758438
-0.004341916523843826	0.016864209163029126
-0.004341916523843826	0.016864209163029126
-0.004341916523843826	0.016864209163029126
0.0	0.0
0.0	0.0
0.0	0.0
0.0	0.0
0.0	0.0
0.0	0.0
-0.004691625128916963	-0.003583785305477238
-0.010970076208335284	-0.00746200902619864
-0.009108940508241018	0.0008944942152686225
-0.007977457094110992	0.013089420696110604
0.0	0.0
0.0	0.0
0.0	0.0
0.0	0.0
0.0	0.0
0.0	0.0
0.0	0.0
0.0	0.0
-0.005505676899560948	0.0003946085344674026
-0.005505676899560948	0.0003946085344674026
-0.005505676899560948	0.0003946085344674026
-0.005505676899560948	0.0003946085344674026
-0.005505676899560948	0.0003946085344674026
-0.005505676899560948	0.0003946085344674026
-0.004341916523843826	0.016864209163029126
-0.004341916523843826	0.016864209163029126
-0.004341916523843826	0.016864209163029126
0.0	0.0
0.0	0.0
0.0	0.0
0.0	0.0
0.0	0.0
0.0	0.0
0.0	0.0
0.0	0.0
-0.005988009275321146	-0.0033744915452136215
-0.004126873575226892	0.004982011696253637
-0.004126873575226892	0.004982011696253637
0.0	0.0
0.0	0.0
0.0	0.0
0.0	0.0
0.0	0.0
0.0	0.0
0.0	0.0
0.0	0.0
0.0	0.0
0.0	0.0
-0.002752838449780474	0.0001973042672337013
0.0	0.0
0.0	0.0
0.0	0.0
0.0	0.0
0.0	0.0
0.0	0.0
0.0	0.0
0.0	0.0
0.0	0.0
0.0	0.0
0.0	0.0
0.0	0.0
0.0	0.0
0.0	0.0
0.0	0.0
-0.004126873575226892	0.004982011696253637
-0.004126873575226892	0.004982011696253637
0.0	0.0
0.0	0.0
0.0	0.0
0.0	0.0
0.0	0.0
0.0	0.0
0.0	0.0
0.0	0.0
0.0	0.0
0.0	0.0
0.0	0.0
0.0	0.0
0.0	0.0
0.0	0.0
0.0	0.0
0.0	0.0
0.0	0.0
0.0	0.0
0.0	0.0
0.0	0.0
0.0	0.0
0.0	0.0
0.0	0.0
0.0	0.0
0.0	0.0
0.0	0.0
-0.004126873575226892	0.004982011696253637
-0.004126873575226892	0.004982011696253637
0.0	0.0
0.0	0.0
0.0	0.0
0.0	0.0
0.0	0.0
0.0	0.0
0.0	0.0
0.0	0.0
0.0	0.0
0.0	0.0
0.0	0.0
0.0	0.0
0.0	0.0
0.0	0.0
0.0	0.0
0.0	0.0
0.0	0.0
0.0	0.0
0.0	0.0
0.0	0.0
0.0	0.0
0.0	0.0
0.0	0.0
0.0	0.0
0.0	0.0
0.0	0.0
0.0	0.0
0.0	0.0
0.0	0.0
0.0	0.0
0.0	0.0
0.0	0.0
0.0	0.0
0.0	0.0
0.0	0.0
0.0	0.0
0.0	0.0
0.0	0.0
0.0	0.0
0.0	0.0
0.0	0.0
0.0	0.0
0.0	0.0
0.0	0.0
0.0	0.0
0.0	0.0
0.0	0.0
0.0	0.0
0.0	0.0
0.0	0.0
0.0	0.0
0.0	0.0
0.0	0.0
0.0	0.0
0.0	0.0
0.0	0.0
0.0	0.0
0.0	0.0
0.0	0.0
0.0	0.0
0.0	0.0
0.0	0.0
0.0	0.0
0.0	0.0
0.0	0.0
0.0	0.0
0.0	0.0
0.0	0.0
0.0	0.0
0.0	0.0
0.0	0.0
0.0	0.0
0.0	0.0
0.0	0.0
0.0	0.0
0.0	0.0
0.0	0.0
0.0	0.0
0.0	0.0
0.0	0.0
0.0	0.0
0.0	0.0
0.0	0.0
0.0	0.0
0.0	0.0
0.0	0.0
0.0	0.0
0.0	0.0
0.0	0.0
0.0	0.0
0.0	0.0
0.0	0.0
0.0	0.0
0.0	0.0
0.0	0.0
0.0	0.0
0.0	0.0
0.0	0.0
0.0	0.0
0.0	0.0
0.0	0.0
0.0	0.0
0.0	0.0
0.0	0.0
0.0	0.0
0.0	0.0
