1.6119779394492367e-16	1.283521371418412e-16	3.229712123191052e-17	1.1096431904290428e-16	-3.12917536363424e-17
-9.857002518436818e-17	-2.3231708567144274e-17	-4.9112904892775677e-17	1.0769419786748154e-16	-3.290551870715768e-17
-5.146189451262464e-18	8.2853692543441e-18	2.0349338546198604e-17	3.023696154140138e-17	4.1726853931450773e-17
1.7100971173812018e-17	2.5706645012959912e-17	-6.531295722918024e-17	-2.0399039005093002e-17	1.4894689063899707e-18
1.7794571285337375e-18	-9.24054851306463e-18	1.9539870549348702e-17	4.120817237811194e-17	1.5257800306570116e-17
-3.6442384568671135e-17	5.72490264990556e-17	-6.409564601259904e-17	6.345035405023857e-17	-6.844144583509671e-18
5.4343357969328985e-17	1.6629026275785766e-17	-1.1386457681780628e-17	-8.231483071753933e-17	-3.7605144794212717e-17
-4.720221608855781e-18	-1.8901749051379227e-17	4.7096888330283705e-17	1.175420228159288e-16	9.603684543397625e-19
2.4031096752925013e-17	-1.6450498421054602e-19	3.0900783666390865e-18	-4.675654654996305e-17	1.1601249462975224e-17
1.7282634320640588e-17	-1.3191316020850368e-16	1.4415225989873762e-17	-1.8736067318527436e-17	-7.25537592051579e-17
4.8938119522717803e-17	-3.896067906672338e-17	-4.0834987019088e-17	-1.1729967105997738e-17	-8.600421803169259e-17
1.2939660472803229e-17	-5.752707368051921e-17	1.4798164942494714e-17	2.1626043376767605e-17	1.197558288762757e-17
-2.2922338170745087e-18	-7.726394677334848e-18	1.3252627796278969e-17	2.1059210730017728e-17	-1.4799857473701993e-18
7.854759418165181e-18	5.767334660182421e-18	3.847050646711649e-18	-3.6087504979262664e-18	1.966596438855848e-17
1.4320939606180413e-17	1.3972525450851828e-17	2.5045780554120524e-17	-1.5344300785623718e-17	1.2650557192166554e-17
-6.152246971274223e-18	5.675798928588654e-17	-1.12754266502269e-17	-1.8644798956768543e-17	3.4995019461689225e-18
1.0199752146104368e-17	-1.2393673150696117e-17	-2.702744902937015e-18	-1.441263385976198e-17	-1.9246278398972098e-17
3.565649066207296e-18	5.5364624967494574e-18	1.2722505937735973e-17	-2.7150029528063408e-17	-1.4553316084454166e-17
-1.9448744810005983e-17	1.2310135584651836e-17	-1.0725537580601955e-17	9.650077603089858e-18	-3.8382882147904365e-17
-3.61527287864745e-18	1.5422432415755663e-17	2.748691521812325e-17	-4.80818351504857e-17	-6.174872907859063e-18
-3.3284272724532163e-18	9.713627216847442e-18	6.515097298058636e-18	4.871082039798155e-18	-8.487728897167762e-18
-7.347365080818077e-18	1.2618896955563918e-17	2.0628877063348412e-17	3.816071485078431e-17	-8.30071716621305e-18
-1.811941489319351e-17	-1.519158804202986e-18	1.804315545610319e-17	3.636995176662717e-17	9.80714979873085e-19
3.18438134699641e-18	1.486912034458092e-17	-1.293084066320281e-18	-6.642549964004642e-18	-1.6413732064254028e-18
-8.48614736500109e-19	-3.525749331172355e-18	1.2162432474945916e-17	1.1935829028129506e-17	1.2641900994561695e-17
-3.1715011914231487e-18	-2.2270164304305485e-17	-5.901604142108111e-18	-3.6903942835098817e-19	3.528241986147971e-18
-4.197606674022839e-18	-2.1619543218087253e-18	5.879831299129545e-18	7.289351525000705e-18	3.7364602523162295e-18
-5.363822266233883e-19	2.0585349969688283e-18	1.0906578152171696e-17	4.38571391119899e-18	4.7331300128993455e-18
2.28796461981825e-18	2.3612559053466714e-18	-2.812471542170949e-18	2.9078628366342752e-18	2.733019277719655e-18
-3.0674382945270005e-18	2.661697435276294e-18	6.6576045382010416e-18	5.462498948037292e-18	-1.910438598896014e-18
-2.4710827082979158e-18	-5.031746538590248e-18	1.3131729570526187e-18	2.1093719039281462e-18	-2.1062753680114597e-18
8.350919626190669e-19	-5.50756176997396e-19	5.210149581318281e-19	-2.160359839987638e-18	1.378538747734896e-19
3.0007707484710757e-18	2.570785821676948e-18	-8.372335808965724e-18	-1.1198950516600695e-17	-4.05287532531706e-18
-2.952716471537542e-18	5.294434061125705e-19	8.143602593215924e-18	4.352275750834713e-18	9.227174163324095e-18
-2.3734214340314355e-18	-7.329019272539149e-19	1.0765134377773079e-17	5.165207431439556e-18	2.7144264717542815e-18
-2.6015196518214905e-20	2.4453605747126725e-18	4.719236886758005e-18	1.3171785648111288e-18	3.192009692502063e-18
2.4216484322477063e-18	-3.269987835451534e-18	-4.54823731223625e-18	-8.144515141938982e-18	4.513105764357795e-20
3.51545939828876e-18	-1.6277907680021e-18	-9.75592303534542e-18	-1.3291462547817487e-17	-1.610922390702694e-18
2.3345696074784562e-18	8.905084700128563e-18	2.723601048939545e-19	-1.7676667725220165e-18	5.526550848590133e-18
-2.4485278874115434e-20	-5.240356194706945e-19	2.1092585266331443e-18	4.327255881546343e-18	-2.9968577395632794e-18
2.5240514768949914e-18	-1.2006913256721155e-18	-1.413381842059498e-17	-1.756822550767787e-17	1.1674733693905186e-18
-3.9837217922001245e-19	2.875051034445299e-18	7.885778482987436e-19	5.6057217988729274e-18	-1.2381331781030283e-18
-7.059031926524256e-19	-1.1344056291312717e-18	1.319908405309947e-18	6.2726121474931466e-18	4.049331394571903e-18
4.1132822687110113e-19	-1.1688153859600083e-18	-1.1476142443985486e-18	-2.6676694275619502e-18	6.054590934875427e-19
-6.740978473614738e-19	-5.989153576744468e-19	2.968824611515195e-18	2.2627607206557948e-18	1.2785470275361284e-18
-3.4584774445120654e-18	-6.673448563459002e-18	4.821070207314808e-18	5.3432682559249775e-18	3.796895497770961e-18
4.581832654615622e-19	-8.262573580437955e-19	2.7786682812646363e-19	1.261636967390802e-19	2.7577132617776383e-18
-1.8360945129645567e-18	2.1219586940153605e-18	1.8021882048303283e-18	9.511883532786152e-18	-6.879029859147205e-19
-8.565509308518311e-19	8.54746963630515e-19	2.296927756565377e-18	4.551309694064777e-18	6.198079506158448e-19
3.3540937830420896e-19	1.03301640288077e-18	5.073393427286488e-20	-4.414986576699177e-19	-1.4176555865802482e-18
-1.2030472900862677e-18	8.39936225715582e-19	2.6649657310415776e-18	2.8972415732357715e-18	4.411361541517574e-19
-1.975828823033968e-18	-3.067681480246395e-18	7.171688708062304e-19	-9.417254781533809e-19	-3.0857796648083174e-18
4.321842709020339e-19	-1.668316873777489e-19	-6.776738302333616e-19	-1.3048079594686411e-18	-4.781703599234713e-19
-6.652074480215392e-19	1.1583996730852028e-18	2.712267894742786e-18	5.2368038487915824e-18	4.795478905990905e-19
-3.403101450998548e-19	4.1424889186038643e-19	1.1030197049084148e-19	-6.986008847631656e-19	-7.967923677644966e-19
4.648632166095103e-19	-6.165371738210738e-20	-1.0198375985800405e-18	-4.1020966637323224e-19	-3.9053233393006254e-19
1.5755927767564127e-19	7.062725932027186e-20	-7.381411473140893e-21	4.843088769961624e-19	2.8610475339978982e-19
8.447170785663338e-21	5.268280765153833e-21	-2.7345276973835666e-20	-3.6580334067713814e-20	-1.174810260163636e-20
0.0	0.0	0.0	0.0	0.0
0.0	0.0	0.0	0.0	0.0
0.0	0.0	0.0	0.0	0.0
0.0	0.0	0.0	0.0	0.0
0.0	0.0	0.0	0.0	0.0
0.0	0.0	0.0	0.0	0.0
0.0	0.0	0.0	0.0	0.0
0.0	0.0	0.0	0.0	0.0
0.0	0.0	0.0	0.0	0.0
0.0	0.0	0.0	0.0	0.0
0.0	0.0	0.0	0.0	0.0
0.0	0.0	0.0	0.0	0.0
0.0	0.0	0.0	0.0	0.0
0.0	0.0	0.0	0.0	0.0
0.0	0.0	0.0	0.0	0.0
0.0	0.0	0.0	0.0	0.0
0.0	0.0	0.0	0.0	0.0
0.0	0.0	0.0	0.0	0.0
0.0	0.0	0.0	0.0	0.0
0.0	0.0	0.0	0.0	0.0
0.0	0.0	0.0	0.0	0.0
0.0	0.0	0.0	0.0	0.0
0.0	0.0	0.0	0.0	0.0
0.0	0.0	0.0	0.0	0.0
0.0	0.0	0.0	0.0	0.0
0.0	0.0	0.0	0.0	0.0
0.0	0.0	0.0	0.0	0.0
0.0	0.0	0.0	0.0	0.0
0.0	0.0	0.0	0.0	0.0
0.0	0.0	0.0	0.0	0.0
0.0	0.0	0.0	0.0	0.0
0.0	0.0	0.0	0.0	0.0
0.0	0.0	0.0	0.0	0.0
0.0	0.0	0.0	0.0	0.0
0.0	0.0	0.0	0.0	0.0
0.0	0.0	0.0	0.0	0.0
0.0	0.0	0.0	0.0	0.0
0.0	0.0	0.0	0.0	0.0
0.0	0.0	0.0	0.0	0.0
0.0	0.0	0.0	0.0	0.0
0.0	0.0	0.0	0.0	0.0
0.0	0.0	0.0	0.0	0.0
0.0	0.0	0.0	0.0	0.0
0.0	0.0	0.0	0.0	0.0
0.0	0.0	0.0	0.0	0.0
0.0	0.0	0.0	0.0	0.0
0.0	0.0	0.0	0.0	0.0
0.0	0.0	0.0	0.0	0.0
0.0	0.0	0.0	0.0	0.0
0.0	0.0	0.0	0.0	0.0
0.0	0.0	0.0	0.0	0.0
0.0	0.0	0.0	0.0	0.0
0.0	0.0	0.0	0.0	0.0
0.0	0.0	0.0	0.0	0.0
0.0	0.0	0.0	0.0	0.0
0.0	0.0	0.0	0.0	0.0
0.0	0.0	0.0	0.0	0.0
0.0	0.0	0.0	0.0	0.0
0.0	0.0	0.0	0.0	0.0
0.0	0.0	0.0	0.0	0.0
0.0	0.0	0.0	0.0	0.0
-0.0011388043694451051	0.007066626023364925	-0.001782887417008984	-0.003542208803048959	-0.012763784290534291
0.0	0.0	0.0	0.0	0.0
0.0	0.0	0.0	0.0	0.0
0.0	0.0	0.0	0.0	0.0
-0.004693383982697364	0.009466295560830658	0.033404053803090354	-0.04426421624250491	-0.04718310333182997
-0.005262786167419914	0.01299960857251312	0.032512610094585864	-0.046035320644029404	-0.05356499547709711
-0.005832188352142467	0.016532921584195573	0.031621166386081374	-0.04780642504555386	-0.05994688762236424
-0.005832188352142467	0.016532921584195573	0.031621166386081374	-0.04780642504555386	-0.05994688762236424
-0.005832188352142467	0.016532921584195573	0.031621166386081374	-0.04780642504555386	-0.05994688762236424
-0.004693383982697364	0.009466295560830658	0.033404053803090354	-0.04426421624250491	-0.04718310333182997
-0.004693383982697364	0.009466295560830658	0.033404053803090354	-0.04426421624250491	-0.04718310333182997
-0.004693383982697364	0.009466295560830658	0.033404053803090354	-0.04426421624250491	-0.04718310333182997
0.0	0.0	0.0	0.0	0.0
0.0	0.0	0.0	0.0	0.0
0.0	0.0	0.0	0.0	0.0
0.0	0.0	0.0	0.0	0.0
0.0	0.0	0.0	0.0	0.0
0.0	0.0	0.0	0.0	0.0
0.0	0.0	0.0	0.0	0.0
0.0	0.0	0.0	0.0	0.0
0.0	0.0	0.0	0.0	0.0
0.0	0.0	0.0	0.0	0.0
0.0	0.0	0.0	0.0	0.0
0.0	0.0	0.0	0.0	0.0
0.0	0.0	0.0	0.0	0.0
0.0	0.0	0.0	0.0	0.0
0.0	0.0	0.0	0.0	0.0
0.0	0.0	0.0	0.0	0.0
0.0	0.0	0.0	0.0	0.0
0.0	0.0	0.0	0.0	0.0
-0.004693383982697364	0.009466295560830658	0.033404053803090354	-0.04426421624250491	-0.04718310333182997
-0.004693383982697364	0.009466295560830658	0.033404053803090354	-0.04426421624250491	-0.04718310333182997
-0.004693383982697364	0.009466295560830658	0.033404053803090354	-0.04426421624250491	-0.04718310333182997
-0.004693383982697364	0.009466295560830658	0.033404053803090354	-0.04426421624250491	-0.04718310333182997
-0.004693383982697364	0.009466295560830658	0.033404053803090354	-0.04426421624250491	-0.04718310333182997
-0.004693383982697364	0.009466295560830658	0.033404053803090354	-0.04426421624250491	-0.04718310333182997
-0.0023420906347771616	0.004723867099046116	0.0166692778311412	-0.022088711833405248	-0.0235452937242292
-0.00803511668876477	0.026902866790094997	0.027549889219424632	-0.04403888063969067	-0.059714836346350546
-0.005808652220723073	0.01467911020788799	0.03146666243097391	-0.04251063290311494	-0.04720585151888043
-0.004693383982697364	0.009466295560830658	0.033404053803090354	-0.04426421624250491	-0.04718310333182997
-0.004665775843268243	0.00941061147261539	0.0332075593806665	-0.044003838515421646	-0.04690555568171527
0.0	0.0	0.0	0.0	0.0
0.0	0.0	0.0	0.0	0.0
0.0	0.0	0.0	0.0	0.0
0.0	0.0	0.0	0.0	0.0
0.0	0.0	0.0	0.0	0.0
0.0	0.0	0.0	0.0	0.0
0.0	0.0	0.0	0.0	0.0
0.0	0.0	0.0	0.0	0.0
0.0	0.0	0.0	0.0	0.0
0.0	0.0	0.0	0.0	0.0
0.0	0.0	0.0	0.0	0.0
0.0	0.0	0.0	0.0	0.0
0.0	0.0	0.0	0.0	0.0
0.0	0.0	0.0	0.0	0.0
0.0	0.0	0.0	0.0	0.0
-0.004693383982697364	0.009466295560830658	0.033404053803090354	-0.04426421624250491	-0.04718310333182997
-0.004693383982697364	0.009466295560830658	0.033404053803090354	-0.04426421624250491	-0.04718310333182997
-0.004693383982697364	0.009466295560830658	0.033404053803090354	-0.04426421624250491	-0.04718310333182997
-0.004693383982697364	0.009466295560830658	0.033404053803090354	-0.04426421624250491	-0.04718310333182997
0.0	0.0	0.0	0.0	0.0
-0.0044610729521028444	0.020851258588229366	-0.0077495654884657955	0.007014333357559893	-9.099274820196097e-5
-0.015429286219899105	0.030689376444318687	0.01977623083844539	-0.021575461268823665	0.029589042797373552
-0.01691186116122974	0.033798426952671254	0.0226070702570956	-0.019475751893472372	0.03279763207767153
-0.009068792690245471	0.03287666481660193	0.00203168070875636	-0.0021192771962091463	-0.024197705628377274
-0.016751217570328915	0.055788996969266764	0.005988202552717953	0.004210969566843867	-0.057157027443256424
-0.015607895828860768	0.04871058133265516	0.007761500513242411	0.007762132889509863	-0.044369609121895325
-0.011237004493335711	0.02531200169013054	0.039143463064060934	-0.03439176067640292	-0.0673786408561748
-0.011237004493335711	0.02531200169013054	0.039143463064060934	-0.03439176067640292	-0.0673786408561748
0.0	0.0	0.0	0.0	0.0
0.0	0.0	0.0	0.0	0.0
0.0	0.0	0.0	0.0	0.0
0.0	0.0	0.0	0.0	0.0
0.0	0.0	0.0	0.0	0.0
0.0	0.0	0.0	0.0	0.0
0.0	0.0	0.0	0.0	0.0
0.0	0.0	0.0	0.0	0.0
0.0	0.0	0.0	0.0	0.0
0.0	0.0	0.0	0.0	0.0
0.0	0.0	0.0	0.0	0.0
0.0	0.0	0.0	0.0	0.0
0.0	0.0	0.0	0.0	0.0
-0.004693383982697364	0.009466295560830658	0.033404053803090354	-0.04426421624250491	-0.04718310333182997
-0.004693383982697364	0.009466295560830658	0.033404053803090354	-0.04426421624250491	-0.04718310333182997
-0.004693383982697364	0.009466295560830658	0.033404053803090354	-0.04426421624250491	-0.04718310333182997
-0.0070421499949950206	0.023162933870708342	0.02994965496840802	-0.04575498541324943	-0.039125946091162545
-0.01293572292832136	0.06512493478277002	-0.03330146238148393	-0.003428908000419129	0.017719764235380683
-0.019526277615386445	0.10152398260339755	-0.04805477802416408	-0.004950795702536246	0.03223744491565436
-0.019241576523025165	0.09975732609755625	-0.047609056169911824	-0.004065243501774011	0.03542839098828791
-0.031122962547429505	0.10917118145031574	-0.016360976715845937	-0.028784224351281796	0.07469890795942859
-0.031122962547429505	0.10917118145031574	-0.016360976715845937	-0.028784224351281796	0.07469890795942859
-0.042274302796210445	0.1370422938079882	-0.0008403212576532232	-0.028045379338948868	0.030396657554908446
-0.029925383270715845	0.09433400293350322	0.01673738675132836	-0.03466646521369535	-0.0770713285625002
-0.02144460155302628	0.06525529253009743	0.0393922563558083	-0.040053246675661035	-0.1043401307750864
-0.015844724231478334	0.037337407918503096	0.0489247092612831	-0.04352537123017198	-0.09148535373635013
-0.011237004493335711	0.02531200169013054	0.039143463064060934	-0.03439176067640292	-0.0673786408561748
-0.011237004493335711	0.02531200169013054	0.039143463064060934	-0.03439176067640292	-0.0673786408561748
-0.004693383982697364	0.009466295560830658	0.033404053803090354	-0.04426421624250491	-0.04718310333182997
-0.004693383982697364	0.009466295560830658	0.033404053803090354	-0.04426421624250491	-0.04718310333182997
-0.004693383982697364	0.009466295560830658	0.033404053803090354	-0.04426421624250491	-0.04718310333182997
-0.0009892917328135614	0.0019953466354392124	0.007041050634613621	-0.00933020254673791	-0.009945458165526203
0.0	0.0	0.0	0.0	0.0
0.0	0.0	0.0	0.0	0.0
0.0	0.0	0.0	0.0	0.0
0.0	0.0	0.0	0.0	0.0
0.0	0.0	0.0	0.0	0.0
0.0	0.0	0.0	0.0	0.0
0.0	0.0	0.0	0.0	0.0
-0.004693383982697364	0.009466295560830658	0.033404053803090354	-0.04426421624250491	-0.04718310333182997
-0.004693383982697364	0.009466295560830658	0.033404053803090354	-0.04426421624250491	-0.04718310333182997
-0.004693383982697364	0.009466295560830658	0.033404053803090354	-0.04426421624250491	-0.04718310333182997
-0.014876931786968322	0.06234777001084141	0.013830094220898217	-0.04220074166458971	-0.030576136922064807
-0.019850613144454025	0.09449202892886688	-0.043788172350220506	-0.001036531049670572	0.045726488360629695
-0.023795518701923386	0.10788978018729667	-0.04686043368602372	0.0011416816928590374	0.06189557142393727
-0.02683966912096735	0.1048183033693929	-0.04763959061193076	-0.018642160969642173	0.08022763900411264
-0.029895780837603594	0.1017347578810195	-0.048421809057992496	-0.03850373974798218	0.09863173827971171
-0.046608442739854206	0.11672964993379302	-0.04192606079033999	-0.05643134998566597	0.11431775122189917
-0.06328844814821251	0.10405292826956056	-0.014852494304375439	-0.05728831181005771	0.1120375952192837
-0.0712620696349301	0.11782422040895202	0.015960157836860195	-0.08873870208674904	0.04199837684434329
-0.05564164087044877	0.14015229102417084	0.013897606685127531	-0.07211385013760496	-0.050264249594223646
-0.05715490985183086	0.1599924531725396	-0.004594443137282779	-0.02792168374553332	-0.08927695608212301
-0.030368870120573124	0.06624239734529498	0.023225835413124993	-0.04127826780165145	-0.10919471099047731
-0.03153731222543914	0.0484112114554543	0.03759149395428986	-0.03742870405008218	-0.12228807487839398
-0.01400553704187761	0.025064947534490577	0.0325990857022195	-0.03723314549695491	-0.07454169963595751
-0.004316072673895894	0.008705279547496536	0.030718629532205277	-0.040705719979445665	-0.04338995141051279
-0.004693383982697364	0.009466295560830658	0.033404053803090354	-0.04426421624250491	-0.04718310333182997
-0.004693383982697364	0.009466295560830658	0.033404053803090354	-0.04426421624250491	-0.04718310333182997
-0.004693383982697364	0.009466295560830658	0.033404053803090354	-0.04426421624250491	-0.04718310333182997
-0.004693383982697364	0.009466295560830658	0.033404053803090354	-0.04426421624250491	-0.04718310333182997
-0.004693383982697364	0.009466295560830658	0.033404053803090354	-0.04426421624250491	-0.04718310333182997
-0.0015046436688237435	0.003034782948790875	0.010708946519858722	-0.014190586785625193	-0.015126347634333804
0.0	0.0	0.0	0.0	0.0
0.0	0.0	0.0	0.0	0.0
0.0	0.0	0.0	0.0	0.0
-0.004693383982697364	0.009466295560830658	0.033404053803090354	-0.04426421624250491	-0.04718310333182997
-0.004693383982697364	0.009466295560830658	0.033404053803090354	-0.04426421624250491	-0.04718310333182997
-0.008011482012437735	0.028815514832619158	0.028524030034318144	-0.0463702234915651	-0.03580077004465238
-0.009446839004212528	0.03718568259686639	0.026413008547384424	-0.04728124908591847	-0.03087695178490684
-0.028358754006091242	0.10328558212805823	-0.048028403694845595	-0.028514648271933056	0.08937566487034435
-0.038552142115008084	0.09710946956764144	-0.06017174913635584	-0.048104673735394586	0.10071416819671575
-0.038552142115008084	0.09710946956764144	-0.06017174913635584	-0.048104673735394586	0.10071416819671575
-0.03719894696053714	0.08421464390556961	-0.05928568160858566	-0.04228200593494799	0.0903822109677601
-0.03583345533345811	0.033913240807324906	-0.056424260344486415	-0.043640377926676216	0.0693939487138126
-0.05194958806097956	0.030645338357318187	-0.04515178695168556	-0.016928713450983693	0.03696059929163759
-0.06969489165986384	0.01678598769620508	-0.011890767116230572	-0.06088360433789543	0.0747175782790718
-0.09298185462389136	0.041214524606190815	0.03206285319530683	-0.11190215224938284	-0.03192689433804853
-0.07940455797032187	0.035345188657432844	0.014462835934587942	-0.12021418405968314	-0.056291265548885513
-0.08530372870009828	0.0851120499137434	-0.0036344661015039054	-0.11003806997051699	-0.023448928525297844
-0.06724885906999084	0.09339992677935642	-0.09459259881225762	-0.014668354801377573	-0.031005968678108925
-0.06077977929763966	0.06784263182942527	-0.05901686341234875	-0.06056418678272083	-0.15101536505383317
-0.04970293137190883	0.06052687855301571	-0.025879400812761327	-0.05348289765992735	-0.15656806038357185
-0.019796215573395417	0.018226044255306745	-0.027954909812315507	-0.005951890809099704	-0.048686359921916944
-0.012113790693311956	-0.004686287897358075	-0.0319114316562771	-0.01228213757215272	-0.0157270381070378
0.0	0.0	0.0	0.0	0.0
0.0	0.0	0.0	0.0	0.0
0.0	0.0	0.0	0.0	0.0
-0.0044495120844068314	0.008974419448262464	0.03166835307167973	-0.04196421298660288	-0.04473143242248352
-0.004693383982697364	0.009466295560830658	0.033404053803090354	-0.04426421624250491	-0.04718310333182997
-0.004693383982697364	0.009466295560830658	0.033404053803090354	-0.04426421624250491	-0.04718310333182997
-0.004693383982697364	0.009466295560830658	0.033404053803090354	-0.04426421624250491	-0.04718310333182997
0.0	0.0	0.0	0.0	0.0
0.0	0.0	0.0	0.0	0.0
-0.004693383982697364	0.009466295560830658	0.033404053803090354	-0.04426421624250491	-0.04718310333182997
-0.009446839004212528	0.03718568259686639	0.026413008547384424	-0.04728124908591847	-0.03087695178490684
-0.021383887292836485	0.06286282146309648	-0.020467260776357125	-0.03743404667252796	0.09708484675663905
-0.034565169195678994	0.06347184232531444	-0.06076844542009881	-0.058800989508380606	0.10316432503458041
-0.07216843784709157	0.03807437976412109	-0.13671579272072917	-0.06103004308124552	0.0704203144456481
-0.08100996312111709	0.006063154854422392	-0.14444418279236657	-0.06545329759575397	0.05729192667618404
-0.07633459998722776	-0.051687843885255866	-0.13375082562405133	-0.0689064584403226	0.02035938547127548
-0.08797394118266318	-0.052307203305934684	-0.13001405129233148	-0.05611300384625684	-0.02525242016157612
-0.08883512461717157	-0.02776903460969	-0.11042719125511018	-0.003172405748685687	-0.04171964138167351
-0.10627127344517212	-0.04975032625546041	-0.07928741207175034	-0.04626148731636355	-0.014558360382684847
-0.13276695400268426	-0.04295772963229963	0.01473723719368518	-0.04083028727744239	-0.08744202869355232
-0.12037007919582766	-0.059570096186336366	0.008211538897386413	-0.020634811761096383	-0.10102365504255263
-0.1442944890287354	-0.10134933676538264	0.03001704706463411	-0.05542186807884226	-0.014126995437965952
-0.1365733167768553	-0.0912928537710833	0.019564758717917276	0.01705434848166949	0.027415065966125973
-0.11631984502039802	0.004639964271886837	-0.0880347006350516	0.07671548621565959	-0.012254166114657258
-0.1137647061342991	0.0876697273307188	-0.10394853387424308	-0.010186562720377827	-0.1664003732176851
-0.07187232104553093	0.030625828698259246	-0.0917140497984685	-0.03580926540246903	-0.1701668785854453
-0.022624531818971762	0.0019474244569472427	-0.06940095830736685	-0.02468150867769249	-0.018864716009618043
-0.016164611285976238	0.013334389932335582	-0.05211641444944665	-0.02036616400516681	-0.014089153835763205
-0.005189624962109388	0.025087303853058608	-0.02198787021017856	-0.01162623523606305	-0.011125900019259683
-0.004050820592664283	0.01802067782969367	-0.020204982793169585	-0.00808402643301409	0.0016378842712746018
-0.004050820592664283	0.01802067782969367	-0.020204982793169585	-0.00808402643301409	0.0016378842712746018
-0.004050820592664283	0.01802067782969367	-0.020204982793169585	-0.00808402643301409	0.0016378842712746018
-0.004050820592664283	0.01802067782969367	-0.020204982793169585	-0.00808402643301409	0.0016378842712746018
-0.006663578000171269	0.01836526629924695	0.02290857356165787	-0.04778547400484547	-0.04580906589596329
-0.004693383982697364	0.009466295560830658	0.033404053803090354	-0.04426421624250491	-0.04718310333182997
0.0	0.0	0.0	0.0	0.0
0.0	0.0	0.0	0.0	0.0
-0.010160280793535481	0.0573520766679508	-0.01876306417977197	-0.0012244460247953413	0.04026339161048243
-0.011679365678659388	0.05581935542661623	-0.019151877262686808	-0.01109693332708624	0.04941141747671414
-0.025651690483659357	0.08065411560805878	-0.04131327794001665	-0.04574093153956157	0.09862831938924417
-0.04060031771449285	0.03249451502139788	-0.09114105490622175	-0.05726304650408753	0.058065177449099226
-0.0545384547909773	-0.05205845233695966	-0.11073545648881838	-0.009180441212539844	-0.051587787419235226
-0.08211738343016523	-0.06014160412169562	-0.12219672522030453	0.007492024536639136	-0.08884051370803865
-0.09047954966278957	-0.06964506037200158	-0.11591364926710394	0.020759328228061282	-0.0766359599980398
-0.11012858532290448	-0.07545313554517798	-0.0851839977437216	0.06406190888973178	-0.06542094562774674
-0.12911953721987826	-0.07910476692935328	0.016784296575474644	0.07383490078187441	-0.029255973045038762
-0.1311782341220687	-0.08488027205890719	0.08737849589935112	0.06629035152871068	-0.05636478127215371
-0.11857252878308154	-0.08583555259375579	0.10314183308198319	0.05404582594210293	-0.08919424259193594
-0.10358362576824727	-0.08813377909627816	0.07831193376885034	0.09419336980121401	-0.04868700493285664
-0.12212445676399819	-0.13173058261516593	0.06911391229992223	0.06773304952239498	0.10297139404431754
-0.12267673095900701	-0.107283172883223	0.09418841602058607	0.04620082974025063	0.10934002965244755
-0.11634537161403305	0.007489719579536504	0.051314044311064955	0.07878360483511676	-0.00987902457451942
-0.09604430529659787	0.07400948469967467	-0.05658623776860302	-0.009730715248150765	-0.14144193537534114
-0.06275050880657816	0.020236019901306412	-0.11820039026513142	0.01403017903669531	-0.1162753876896613
-0.02818747370431427	0.008673467587354034	-0.07639558588468734	-0.023033022766241463	-0.022794943338486657
-0.01321967607754132	0.014367948547986866	-0.03471206556623669	-0.015072135723082521	0.0014256434303488025
-0.0060805070189809	0.01861031862026858	-0.014559860373575059	-0.007895523967636167	0.004281780960230248
-0.004050820592664283	0.01802067782969367	-0.020204982793169585	-0.00808402643301409	0.0016378842712746018
-0.004050820592664283	0.01802067782969367	-0.020204982793169585	-0.00808402643301409	0.0016378842712746018
-0.004050820592664283	0.01802067782969367	-0.020204982793169585	-0.00808402643301409	0.0016378842712746018
-0.004050820592664283	0.01802067782969367	-0.020204982793169585	-0.00808402643301409	0.0016378842712746018
-0.0020254102963321416	0.009010338914846835	-0.010102491396584793	-0.004042013216507045	0.0008189421356373009
0.0	0.0	0.0	0.0	0.0
0.0	0.0	0.0	0.0	0.0
-0.010160280793535481	0.0573520766679508	-0.01876306417977197	-0.0012244460247953413	0.04026339161048243
-0.010160280793535481	0.0573520766679508	-0.01876306417977197	-0.0012244460247953413	0.04026339161048243
-0.008508226723601006	0.04495052983241176	-0.023373193456661334	-0.0028999318868646417	0.02853934345262651
-0.01154362743096374	0.019031668606697156	-0.041016085439108965	-0.014335187089966414	0.0045259945077569
-0.022497319993123845	0.0003791195530311521	-0.04711292604024281	-0.01191499314821294	-0.006983560579822963
-0.04189211565293786	-0.0020795637278351407	-0.02559499868675974	0.019314352719710996	-0.02255812667127855
-0.052444339975157864	-0.022837139512758942	0.009484285947689075	0.06441494454192244	-0.02980395941790499
-0.07578316613399584	-0.02474995689423325	0.076880435557476	0.12436823777588928	-0.0018019165900323205
-0.08121285930950663	-0.019625545441291952	0.16559558446372627	0.11016430943818425	0.02030340640102529
-0.0810053583979365	-0.01719907506888067	0.1649377383788563	0.10007742706870681	-0.013235697773491829
-0.07375157521510786	0.009995468471124678	0.18918797751571242	0.05564132517135166	-0.06591510306335137
-0.04002991586075658	0.0011969802991790776	0.1230546117587837	0.037816098577913924	-0.03266532378855669
-0.0339676856266273	0.049538843039125514	0.03899153706681069	0.06250189827119135	0.04457922992122343
-0.04333612962792842	0.029246596444458626	0.038491194929234494	-0.005144692607226909	0.12309322240936085
-0.08672276378154435	0.009961674131714547	0.1499446294430715	-0.033017990837761524	0.17411771423102224
-0.09805697325667133	0.05777292435953342	0.10730065991877838	0.020004578310585688	0.0005589402867440803
-0.1010273777515899	0.09056130005083321	-0.02368085123213065	0.006622212208711885	-0.11111930028853481
-0.07408482026043939	0.06506805272742165	-0.10322568643176869	0.0390200725789226	-0.04029238483085146
-0.046806428461896046	0.07852149755845132	-0.07656945812194176	-0.00011409835836118857	0.025668267913692006
-0.023687176250769947	0.06652217397597678	-0.023938512927508353	0.0016489913755777478	0.049772190550849915
-0.018388403301053305	0.07180345027010827	-0.002535930662984784	0.009445382080835093	0.048711358697222644
-0.016090580558858036	0.06978827870136098	-0.007439706505171121	0.007174391476609847	0.053097748731674374
-0.014720466992657735	0.06179857267638982	-0.0054246404314608546	0.008044006863675226	0.048397740138801174
-0.005406825772020314	0.029632689631915104	-0.01177201892406604	0.0017925868186182284	0.023957240063559305
-0.005406825772020314	0.029632689631915104	-0.01177201892406604	0.0017925868186182284	0.023957240063559305
-0.005406825772020314	0.029632689631915104	-0.01177201892406604	0.0017925868186182284	0.023957240063559305
-0.005406825772020314	0.029632689631915104	-0.01177201892406604	0.0017925868186182284	0.023957240063559305
-0.005406825772020314	0.029632689631915104	-0.01177201892406604	0.0017925868186182284	0.023957240063559305
-0.010160280793535481	0.0573520766679508	-0.01876306417977197	-0.0012244460247953413	0.04026339161048243
-0.010160280793535481	0.0573520766679508	-0.01876306417977197	-0.0012244460247953413	0.04026339161048243
0.0	0.0	0.0	0.0	0.0
-0.00962036613007195	-0.009962447659077849	-0.013748179111919168	-0.010665108809120506	0.005302243920177905
-0.012077109015184495	-0.00850454322735188	-0.0036605929972566404	-0.006257302179429014	0.008167664395088491
-0.031863823282226436	-0.02226112060031726	0.0012701291007643153	0.028346269174041688	-0.007814587079163104
-0.06000464209675797	-0.004011224620469952	0.06619485230578305	0.09865644816017033	-0.009903440505786943
-0.062229773270335756	-0.004909815112192979	0.13251020454167756	0.07628863605827141	0.019664158596193575
-0.04555998655398683	0.012868864233146466	0.11575592246973408	0.023732739404809022	-0.013491684210275719
-0.04453529912929569	0.036592471918330455	0.14007776780918332	-0.02315074825924789	-0.06675818342106496
-0.01433347362053891	0.030819701090487213	0.05017226930255057	-0.03135995070130465	-0.06877989266486122
-0.018202024002813885	0.045257619114406664	0.008850192341377766	0.005579982625181293	-0.0037407854670361163
-0.034961932084388116	0.09135996231681741	0.011326825973547516	0.05905664097302024	0.027220290334623417
-0.064526443019601	0.07447626008679738	0.041706290835109995	0.03277866949666523	0.11137737935189485
-0.10527755142785888	0.05314686003134889	0.176603765746243	-0.009416732395305329	0.1226252516338915
-0.11353018424331723	0.09272880628953546	0.135263466973768	0.030135372034286373	-0.01575675526080755
-0.11301967525666322	0.1196407819121589	-0.07301157235985381	0.07875543742283492	-0.07352835470422334
-0.09028203902468994	0.07282328354359219	-0.07481200884918543	0.08482284691848158	-0.042100310737722
-0.07208602106320226	0.10226555704928143	-0.018014405125425154	0.07851305600141327	0.01041197706319294
-0.05616601489255333	0.134437810877225	0.03861304067273802	0.08539217597440452	0.06286641979352335
-0.057204777939525255	0.14089133211494834	0.05261533851008067	0.09521136735502198	0.0661766240472745
-0.05316405854235399	0.13671249375499275	0.030529812477051815	0.08198649358316076	0.05108779512167092
-0.03459817787352476	0.11212452984906326	-0.013194882791554747	0.03558285657639732	0.06779220387206106
-0.017295933797955226	0.07046602809141346	-0.016501778600826265	0.007865074379265749	0.06480427201308495
-0.011446139770772292	0.06027995546919485	-0.018798909506726177	-0.0003621223749610289	0.04530440514101248
-0.010160280793535481	0.0573520766679508	-0.01876306417977197	-0.0012244460247953413	0.04026339161048243
-0.0054860500176567685	0.030094679388312274	-0.011888536338049491	0.0017423029408918165	0.024229009239809324
-0.005406825772020314	0.029632689631915104	-0.01177201892406604	0.0017925868186182284	0.023957240063559305
-0.0054068257720203145	0.029632689631915097	-0.011772018924066041	0.0017925868186182293	0.0239572400635593
-0.0054068257720203145	0.029632689631915097	-0.011772018924066041	0.0017925868186182293	0.0239572400635593
0.0	0.0	0.0	0.0	0.0
0.0	0.0	0.0	0.0	0.0
-0.011544220579706574	-0.004366744683241774	-0.02141364530114008	0.016151197750964765	-0.023859861966986855
-0.029923952335172702	0.0006361479133267902	-0.002497081474498425	0.04185284440354355	-0.011780001569173675
-0.029305548215171	0.00698127717319693	0.04594383041663948	0.04871455253892541	0.0022410389826905157
-0.024463258119314654	0.014659396693099114	0.0685569390725047	-0.018741604995320953	-0.01025164261551744
-0.017411918833608254	0.018047134908011023	0.04222457018994379	-0.03781219880670573	-0.016047628822902782
-0.012979193295412436	0.02214969958835152	0.03890774184135804	-0.038105305419246255	-0.0312905213070915
-0.019502333660278186	0.03075854347300518	0.028828903548670057	-0.025759566634551735	-0.008630177350553929
-0.04266181920749958	0.03792879432557436	0.021547740839382372	0.0722642521852301	0.07422757909448069
-0.0608271807375916	0.06817749180715728	0.03753299660992979	0.1266858083643685	0.0731080971002924
-0.08316761490645118	0.016933284287800814	0.09360769942852773	0.08159859211222366	0.11133200275955656
-0.12824992716455036	0.003078835563830573	0.20753707255934362	0.040710558703010644	0.11408635056505326
-0.143679038357371	0.10569117806736891	0.16660040046949706	0.09534213643162591	0.03002180061077801
-0.1393535573505715	0.10398209616889303	-0.04482909073472473	0.13986834970343226	-0.039479703251293144
-0.11271635128041893	0.02666527252011731	-0.04793509173381045	0.15397085740807404	-0.07142103529598853
-0.08405425480104513	0.03821244625897772	0.02863505218439516	0.15238559660813333	-0.03583127419589379
-0.060865173093225464	0.043095022808085	0.0478065188334051	0.1388231064152012	-0.020314208699039094
-0.058696274735743584	0.03541212761355095	0.015485199678659654	0.11003986945537116	-0.03202844498123658
-0.0734653983457754	0.025091173956954333	-0.03065818055143416	0.11146484124996398	-0.06764096166747387
-0.047419809368224576	0.006647381104337308	-0.06525563472136311	0.04458140647153607	-0.05071798947863833
-0.023158165295481186	0.028340075263652367	-0.034349408528250996	0.01226517757376093	0.0046025413477724
-0.00987679938513594	0.0393851541374586	-0.0071338664803223106	0.0004187879496949901	0.036391439837305306
-0.004753455021515167	0.027719387036035735	-0.006991045255705931	-0.0030170328434135675	0.01630615154692312
-0.004753455021515167	0.027719387036035735	-0.006991045255705931	-0.0030170328434135675	0.01630615154692312
-0.004753455021515167	0.027719387036035735	-0.006991045255705931	-0.0030170328434135675	0.01630615154692312
0.0	0.0	0.0	0.0	0.0
0.0	0.0	0.0	0.0	0.0
0.0	0.0	0.0	0.0	0.0
0.0	0.0	0.0	0.0	0.0
-0.0050450163813567815	0.0018469903593029175	-0.01602293681790982	-0.00042505743237870213	-0.010158297390751202
-0.006286487245671489	0.012566602966247578	0.010192108722852814	0.008368827661119613	0.012117162551592984
-0.017328183258114273	0.023400233084974468	0.04104651393691666	-0.035991616306333775	0.002228394049773121
-0.011128208181946975	0.012536372559404227	0.028814524268182724	-0.04402253330620649	-0.0040524451754937315
-0.008131104298212165	0.018438191779123377	0.040701630625068874	-0.0510786060793636	-0.06516860186865436
-0.019925643106956884	0.004520958677029741	0.025953671228074755	-0.03746946354674248	-0.02912994219549751
-0.039367934102628635	-0.0240401200344222	-0.00027204630033664245	0.026872834742284336	0.03770960399573569
-0.07096539628495951	-0.019021465998578534	-0.009915596713838917	0.06855783276657913	0.06473009027305966
-0.09215189987874332	-0.05509385689804829	-0.021319797731370826	0.08467917970539779	0.03769014561231023
-0.12271071599205069	-0.11174024179207469	-0.036052594256584906	-0.041480565073060784	0.0034934280811232754
-0.1553203290113642	-0.10220631662623707	0.05239605691510671	-0.0397409508665318	0.01859363849939737
-0.16705358586179264	-0.032865869173216725	-0.01390428575274267	0.07223867846926324	0.008942786965311946
-0.1475060011384196	-0.030182992361794926	-0.1017163612049789	0.06718794901292909	-0.04363091959960147
-0.132074832239812	-0.07768128879835283	-0.07696221058078025	0.048554745286584336	-0.04038789296296977
-0.11272353671521927	-0.1168782473137745	-0.07703658839099539	0.03330140224197593	-0.004607226826896741
-0.1068234508987321	-0.13897973132953878	-0.0679250705345214	0.02360594690526681	-0.0024167668834101687
-0.10535017354671336	-0.13240565464796292	-0.07064985697709406	0.02180633393379184	-0.00150852979809251
-0.102779205749193	-0.1231080497515839	-0.06758773782843801	-0.02810383806801129	0.01615537328465846
-0.08013748608371668	-0.0841834001442824	-0.08751740762697048	-0.06444549425013568	0.00926804360325555
-0.04358808190594152	-0.03376811484295611	-0.04766397115075944	-0.09704252060145431	0.033397420829540114
-0.017330026036784688	-0.009977083741750837	-0.006628767916877089	-0.07128330120831806	0.04983156354900164
-0.000759542397111454	-0.0007663605748088013	-0.00019440652982426524	-0.0049362433557640405	0.004574012659410091
-0.002684303993816752	0.0156533008075599	-0.003947884352729901	-0.0017037361822916572	0.009208179634196905
-0.001975945961999999	0.011522568454957485	-0.002906081488232572	-0.0012541391129570797	0.00677824322709855
0.0	0.0	0.0	0.0	0.0
0.0	0.0	0.0	0.0	0.0
0.0	0.0	0.0	0.0	0.0
0.0	0.0	0.0	0.0	0.0
0.0	0.0	0.0	0.0	0.0
-0.014194545091422912	-0.0055459001970356745	0.020074289492280028	-0.06795412537541157	0.05717235337652996
-0.014200525740219065	-0.005551934532270388	0.020072758732202673	-0.06799299343333098	0.057208369224241835
-0.015347938302731687	-0.002557372588423917	0.02250848082502369	-0.07026744155215624	0.051205325035024785
-0.01777274930857821	-0.008257371397486798	0.04319634227054449	-0.08888620898006616	0.0030771441396458704
-0.026474242676938278	-0.021025562938761358	0.039846906850754926	-0.08415421931988318	0.005177500896183918
-0.04650277890782545	-0.07917776674526322	0.002064114856931313	-0.053304869212058424	0.06869175056056567
-0.06398409751643482	-0.08550899995218807	-0.004842814031605219	-0.04162963411474648	0.046390153497405925
-0.09876790317847413	-0.09633818013080402	-0.01821140599384123	-0.030057297163244852	0.0548624975425144
-0.11397866837888904	-0.10164454410484777	0.020660239592148792	-0.05938538757057503	0.01970867306533091
-0.12639161867753573	-0.10423013933827735	0.082419573416153	-0.08806331945807927	0.005282144153244417
-0.14715978410194572	-0.03441119128408222	0.026164996785942814	-0.012098257504739763	0.05904452348090654
-0.1389879709950503	-0.023240448118810618	-0.07999508156832782	-0.04532758453494784	0.026339170976726906
-0.1151586770301676	-0.08426937783891042	-0.10612723447257072	-0.07326664113205272	0.027352760767883497
-0.09495837530882825	-0.10700131037202644	-0.0622654896091539	-0.07768109138489866	0.04967915143944015
-0.07657695945803211	-0.11600796533029463	-0.027342127514316035	-0.10286377592451322	0.07954512887424743
-0.06637567505033869	-0.09757002487159487	-0.018467851542436683	-0.11276460629290741	0.09257426991100963
-0.06517225891591197	-0.09242684169857532	-0.00030126840366563254	-0.11329015392956343	0.09097778513329959
-0.05305970713552261	-0.06981224894029939	-0.004081773650304689	-0.09150987897857552	0.06660758576967395
-0.03010386966275265	-0.029820785959092874	-0.003929313602717598	-0.09252038050428324	0.06527795443901825
-0.019164712478877823	-0.00983331184368074	-0.0012733259854431833	-0.08110008627047902	0.05547428393428902
0.0	0.0	0.0	0.0	0.0
0.0	0.0	0.0	0.0	0.0
0.0	0.0	0.0	0.0	0.0
0.0	0.0	0.0	0.0	0.0
0.0	0.0	0.0	0.0	0.0
0.0	0.0	0.0	0.0	0.0
0.0	0.0	0.0	0.0	0.0
-0.012620750579484549	-0.005644055975245522	0.017471902698991775	-0.0745343441932787	0.056790434560455995
-0.012620750579484549	-0.005644055975245522	0.017471902698991775	-0.0745343441932787	0.056790434560455995
-0.012620750579484549	-0.005644055975245522	0.017471902698991775	-0.0745343441932787	0.056790434560455995
-0.00844235277045737	-0.0014311552072310799	0.015107902459172425	-0.06173413327424645	0.01319087313154526
-0.010793646118377567	0.003311273254553459	0.03184267843112158	-0.0839096376833461	-0.010446936476055487
-0.013651454521441788	-0.003565183207483404	0.024807694967241167	-0.08425511333064145	0.04642865491975777
-0.029259578874142454	-0.0246952086041185	0.0059287279042363715	-0.09142520551113319	0.052772030950649126
-0.03798940928474245	-0.039394400491498054	0.005703434846182666	-0.10343797593597112	0.05582460583234802
-0.05961616414680984	-0.00851262585270802	0.07269844010977593	-0.12478507007726568	0.02155128478133291
-0.06029938311021568	-0.012347189666219439	0.09115344028166726	-0.11163621743949274	0.0276835906530156
-0.065784570376108	-0.023583304722705655	0.09240231486668085	-0.05408745773032662	0.03934199194666873
-0.08112524747127088	0.05800605577085212	0.05616204560570981	-0.00549858522438433	0.004832139159040041
-0.0854712268574957	0.053760651524572864	-0.08716545027055983	-0.013936774298800159	-0.01581404506465924
-0.06578547553285874	0.005969853790897923	-0.09975251173538041	-0.032630325063701594	-0.042697932643087785
-0.04375972408457929	0.0027615827453300805	-0.01842494925358077	-0.051785551213107565	-0.020626570909774954
-0.02716639081093332	-0.007353200546597697	0.01056752301457062	-0.06888714416108385	-0.007352000069960722
-0.014896209136720804	0.004809672365033725	0.018920015620425733	-0.040117232447478855	-0.007797552196881388
-0.011259182318220498	0.00458781195981789	0.010294031634968738	-0.022286073666822587	-0.01684983173947131
-0.001335270388591351	-0.003012345746043693	-0.0014058289963259573	-0.004483785865156436	0.0046085780902607966
-0.002670540777182702	-0.006024691492087386	-0.0028116579926519146	-0.008967571730312872	0.009217156180521593
0.0	0.0	0.0	0.0	0.0
0.0	0.0	0.0	0.0	0.0
0.0	0.0	0.0	0.0	0.0
0.0	0.0	0.0	0.0	0.0
0.0	0.0	0.0	0.0	0.0
0.0	0.0	0.0	0.0	0.0
0.0	0.0	0.0	0.0	0.0
-0.006520488443804343	0.0005109663310316726	0.01903327807096054	-0.03488892275243745	0.020054267704681574
-0.012620750579484549	-0.005644055975245522	0.017471902698991775	-0.0745343441932787	0.056790434560455995
-0.012620750579484549	-0.005644055975245522	0.017471902698991775	-0.0745343441932787	0.056790434560455995
-0.012620750579484549	-0.005644055975245522	0.017471902698991775	-0.0745343441932787	0.056790434560455995
-0.01731413456218191	0.003822239585585133	0.05087595650208213	-0.11879856043578356	0.00960733122862607
-0.01731413456218191	0.003822239585585133	0.05087595650208213	-0.11879856043578356	0.00960733122862607
-0.012620750579484549	-0.005644055975245522	0.017471902698991775	-0.0745343441932787	0.056790434560455995
-0.01819057937340324	-0.006141088004168372	0.004305699727149642	-0.08025073968823102	0.042379547079585196
-0.024269010176675043	-0.018595373634168737	0.0057900522296057645	-0.08726173062911834	0.05231467533756062
-0.02190704558404118	0.021145996964362347	0.039128307677592414	-0.08143371369678615	-0.02145443481763704
-0.03222205841728089	0.01348917768523293	0.056426233501369286	-0.08177540296292553	0.0038385863542203295
-0.03785441993448365	0.01537834538534669	0.0539428042358081	-0.045157948389398635	-0.005067504590558476
-0.04161623245730785	0.0763224502517563	0.03593113876577382	-0.023411287586190172	-0.021433876952457444
-0.05893397372985227	0.09861229691152783	-0.08196462020384956	-0.05195906064072276	-0.029802076443762676
-0.04668919767661521	0.062490808250470674	-0.101687395354465	-0.014770502818423728	-0.06607756560495288
-0.017119882218708977	0.034535371168794314	-0.013482909144606078	-0.003212668369213075	-0.04222866186892067
-0.0101775485320613	0.011528374199449699	-0.0033849567746199773	-0.014850006048721399	-0.038517600361046095
-0.0101775485320613	0.011528374199449699	-0.0033849567746199773	-0.014850006048721399	-0.038517600361046095
-0.0064326469189797605	0.0017547842803834616	-0.01133461663754614	-0.007426708877905157	-0.018924987728001483
-0.005569828793918685	-0.0004970320289228545	-0.01316620297184214	-0.005716395494952364	-0.014410887480870804
0.0	0.0	0.0	0.0	0.0
0.0	0.0	0.0	0.0	0.0
0.0	0.0	0.0	0.0	0.0
0.0	0.0	0.0	0.0	0.0
0.0	0.0	0.0	0.0	0.0
0.0	0.0	0.0	0.0	0.0
0.0	0.0	0.0	0.0	0.0
0.0	0.0	0.0	0.0	0.0
-0.004634660918925692	0.000363186854133531	0.013528555536103205	-0.024798499096763554	0.014254258954614936
-0.006520488443804343	0.0005109663310316726	0.01903327807096054	-0.03488892275243745	0.020054267704681574
-0.012620750579484549	-0.005644055975245522	0.017471902698991775	-0.0745343441932787	0.056790434560455995
-0.012620750579484549	-0.005644055975245522	0.017471902698991775	-0.0745343441932787	0.056790434560455995
-0.01731413456218191	0.003822239585585133	0.05087595650208213	-0.11879856043578356	0.00960733122862607
-0.01404749770493155	0.003566255472715789	0.041340657391173916	-0.10131989423537567	-0.00043946366931212234
-0.004563235304167848	-0.004604198059238465	-0.0011679700088218711	-0.029656329964792102	0.027480093446407058
0.0	0.0	0.0	0.0	0.0
-0.004693383982697364	0.009466295560830658	0.033404053803090354	-0.04426421624250491	-0.04718310333182997
-0.00981672834631814	0.02113206266225353	0.033261232578473965	-0.04082839544939634	-0.027097815041447756
-0.012171388850603801	0.026483630917653194	0.011836193090034535	-0.000922786779086112	0.004495459001688498
-0.016727235113298572	0.012846902888254911	0.031157839694640463	-0.008982019729057782	0.0020427575248250967
-0.03490245257921398	0.07427921789251962	0.052857897435333714	-0.022297853088570036	-0.0076050095677969165
-0.04438572133613272	0.11167685806534272	-0.009358429162392209	-0.03748993412102311	-0.006836676855696503
-0.037218034198709816	0.08281441986186285	-0.07531218231217543	-0.0015078945755311983	-0.03720768567534696
-0.007481223210423843	0.02347518832602532	-0.010607983851404282	0.012641379118114733	-0.004497281634916088
0.0	0.0	0.0	0.0	0.0
0.0	0.0	0.0	0.0	0.0
0.0	0.0	0.0	0.0	0.0
0.0	0.0	0.0	0.0	0.0
0.0	0.0	0.0	0.0	0.0
0.0	0.0	0.0	0.0	0.0
0.0	0.0	0.0	0.0	0.0
0.0	0.0	0.0	0.0	0.0
0.0	0.0	0.0	0.0	0.0
0.0	0.0	0.0	0.0	0.0
0.0	0.0	0.0	0.0	0.0
0.0	0.0	0.0	0.0	0.0
0.0	0.0	0.0	0.0	0.0
0.0	0.0	0.0	0.0	0.0
0.0	0.0	0.0	0.0	0.0
0.0	0.0	0.0	0.0	0.0
-0.004693383982697364	0.009466295560830658	0.033404053803090354	-0.04426421624250491	-0.04718310333182997
-0.004693383982697364	0.009466295560830658	0.033404053803090354	-0.04426421624250491	-0.04718310333182997
0.0	0.0	0.0	0.0	0.0
-0.0035154366304515033	0.007090440989253781	0.02502029128191379	-0.03315476589403147	-0.03534106955718669
-0.004693383982697364	0.009466295560830658	0.033404053803090354	-0.04426421624250491	-0.04718310333182997
-0.004693383982697364	0.009466295560830658	0.033404053803090354	-0.04426421624250491	-0.04718310333182997
-0.004607719738142626	0.01202540622837256	0.009781246197222164	-0.009133610553769047	-0.024106712880175286
-0.010538019503465175	0.02446160826178275	0.021104603871823002	-0.0007347730523638566	-0.011272355758983355
-0.02835558347942303	0.06853766775815007	0.0388862459480482	-0.028768273082112904	0.004892525968276486
-0.027205718642839976	0.093413234173902	-0.016405845978967395	-0.03437746577088365	0.044495371662996344
-0.012651844988183107	0.06286874719412396	-0.03340755765565781	0.0032511334727365667	0.02499189129135443
-0.0021649324659602093	0.01011899315668237	-0.0037608185526659048	0.0034040147237876994	-4.415824553070965e-5
0.0	0.0	0.0	0.0	0.0
0.0	0.0	0.0	0.0	0.0
0.0	0.0	0.0	0.0	0.0
0.0	0.0	0.0	0.0	0.0
0.0	0.0	0.0	0.0	0.0
0.0	0.0	0.0	0.0	0.0
0.0	0.0	0.0	0.0	0.0
0.0	0.0	0.0	0.0	0.0
0.0	0.0	0.0	0.0	0.0
0.0	0.0	0.0	0.0	0.0
0.0	0.0	0.0	0.0	0.0
0.0	0.0	0.0	0.0	0.0
0.0	0.0	0.0	0.0	0.0
0.0	0.0	0.0	0.0	0.0
0.0	0.0	0.0	0.0	0.0
0.0	0.0	0.0	0.0	0.0
-0.004693383982697364	0.009466295560830658	0.033404053803090354	-0.04426421624250491	-0.04718310333182997
-0.004693383982697364	0.009466295560830658	0.033404053803090354	-0.04426421624250491	-0.04718310333182997
0.0	0.0	0.0	0.0	0.0
-0.004693383982697364	0.009466295560830658	0.033404053803090354	-0.04426421624250491	-0.04718310333182997
-0.004693383982697364	0.009466295560830658	0.033404053803090354	-0.04426421624250491	-0.04718310333182997
0.0	0.0	0.0	0.0	0.0
-0.004607719738142626	0.01202540622837256	0.009781246197222164	-0.009133610553769047	-0.024106712880175286
-0.004607719738142626	0.01202540622837256	0.009781246197222164	-0.009133610553769047	-0.024106712880175286
-0.016401356055102356	0.023355084146348324	0.031144851314309278	-0.020290062584602583	0.007081201688772974
-0.0010015546205342821	0.004681312008841328	-0.00173985344006699	0.0015747866174034063	-2.042876419535458e-5
-0.0044610729521028444	0.020851258588229366	-0.0077495654884657955	0.007014333357559893	-9.099274820196097e-5
0.0	0.0	0.0	0.0	0.0
0.0	0.0	0.0	0.0	0.0
0.0	0.0	0.0	0.0	0.0
0.0	0.0	0.0	0.0	0.0
0.0	0.0	0.0	0.0	0.0
0.0	0.0	0.0	0.0	0.0
0.0	0.0	0.0	0.0	0.0
0.0	0.0	0.0	0.0	0.0
0.0	0.0	0.0	0.0	0.0
0.0	0.0	0.0	0.0	0.0
0.0	0.0	0.0	0.0	0.0
0.0	0.0	0.0	0.0	0.0
0.0	0.0	0.0	0.0	0.0
0.0	0.0	0.0	0.0	0.0
0.0	0.0	0.0	0.0	0.0
0.0	0.0	0.0	0.0	0.0
0.0	0.0	0.0	0.0	0.0
-0.004693383982697364	0.009466295560830658	0.033404053803090354	-0.04426421624250491	-0.04718310333182997
-0.004693383982697364	0.009466295560830658	0.033404053803090354	-0.04426421624250491	-0.04718310333182997
-0.004693383982697364	0.009466295560830658	0.033404053803090354	-0.04426421624250491	-0.04718310333182997
-0.004693383982697363	0.009466295560830656	0.033404053803090354	-0.04426421624250491	-0.04718310333182997
0.0	0.0	0.0	0.0	0.0
0.0	0.0	0.0	0.0	0.0
0.0	0.0	0.0	0.0	0.0
0.0	0.0	0.0	0.0	0.0
0.0	0.0	0.0	0.0	0.0
0.0	0.0	0.0	0.0	0.0
-0.0019724940363593335	0.00921952715354757	-0.003426523590736047	0.0031014356558104307	-4.023306839125146e-5
0.0	0.0	0.0	0.0	0.0
0.0	0.0	0.0	0.0	0.0
0.0	0.0	0.0	0.0	0.0
0.0	0.0	0.0	0.0	0.0
0.0	0.0	0.0	0.0	0.0
0.0	0.0	0.0	0.0	0.0
0.0	0.0	0.0	0.0	0.0
0.0	0.0	0.0	0.0	0.0
0.0	0.0	0.0	0.0	0.0
0.0	0.0	0.0	0.0	0.0
0.0	0.0	0.0	0.0	0.0
0.0	0.0	0.0	0.0	0.0
0.0	0.0	0.0	0.0	0.0
0.0	0.0	0.0	0.0	0.0
0.0	0.0	0.0	0.0	0.0
0.0	0.0	0.0	0.0	0.0
0.0	0.0	0.0	0.0	0.0
-0.004693383982697364	0.009466295560830658	0.033404053803090354	-0.04426421624250491	-0.04718310333182997
-0.004693383982697364	0.009466295560830658	0.033404053803090354	-0.04426421624250491	-0.04718310333182997
-0.004693383982697364	0.009466295560830658	0.033404053803090354	-0.04426421624250491	-0.04718310333182997
-0.0013205894059629645	0.0026635556940224235	0.009398983703699758	-0.01245473527173688	-0.013276029966902522
0.0	0.0	0.0	0.0	0.0
0.0	0.0	0.0	0.0	0.0
-0.0008541032770838285	0.005299969517523692	-0.0013371655627567379	-0.002656656602286719	-0.00957283821790072
0.0	0.0	0.0	0.0	0.0
-0.0011388043694451051	0.007066626023364925	-0.001782887417008984	-0.003542208803048959	-0.012763784290534291
0.0	0.0	0.0	0.0	0.0
0.0	0.0	0.0	0.0	0.0
0.0	0.0	0.0	0.0	0.0
0.0	0.0	0.0	0.0	0.0
0.0	0.0	0.0	0.0	0.0
0.0	0.0	0.0	0.0	0.0
0.0	0.0	0.0	0.0	0.0
0.0	0.0	0.0	0.0	0.0
0.0	0.0	0.0	0.0	0.0
0.0	0.0	0.0	0.0	0.0
0.0	0.0	0.0	0.0	0.0
0.0	0.0	0.0	0.0	0.0
0.0	0.0	0.0	0.0	0.0
0.0	0.0	0.0	0.0	0.0
0.0	0.0	0.0	0.0	0.0
0.0	0.0	0.0	0.0	0.0
0.0	0.0	0.0	0.0	0.0
0.0	0.0	0.0	0.0	0.0
0.0	0.0	0.0	0.0	0.0
0.0	0.0	0.0	0.0	0.0
0.0	0.0	0.0	0.0	0.0
0.0	0.0	0.0	0.0	0.0
0.0	0.0	0.0	0.0	0.0
0.0	0.0	0.0	0.0	0.0
0.0	0.0	0.0	0.0	0.0
0.0	0.0	0.0	0.0	0.0
0.0	0.0	0.0	0.0	0.0
0.0	0.0	0.0	0.0	0.0
0.0	0.0	0.0	0.0	0.0
0.0	0.0	0.0	0.0	0.0
0.0	0.0	0.0	0.0	0.0
0.0	0.0	0.0	0.0	0.0
0.0	0.0	0.0	0.0	0.0
0.0	0.0	0.0	0.0	0.0
0.0	0.0	0.0	0.0	0.0
0.0	0.0	0.0	0.0	0.0
0.0	0.0	0.0	0.0	0.0
0.0	0.0	0.0	0.0	0.0
0.0	0.0	0.0	0.0	0.0
0.0	0.0	0.0	0.0	0.0
0.0	0.0	0.0	0.0	0.0
0.0	0.0	0.0	0.0	0.0
0.0	0.0	0.0	0.0	0.0
0.0	0.0	0.0	0.0	0.0
0.0	0.0	0.0	0.0	0.0
0.0	0.0	0.0	0.0	0.0
0.0	0.0	0.0	0.0	0.0
0.0	0.0	0.0	0.0	0.0
0.0	0.0	0.0	0.0	0.0
0.0	0.0	0.0	0.0	0.0
0.0	0.0	0.0	0.0	0.0
0.0	0.0	0.0	0.0	0.0
0.0	0.0	0.0	0.0	0.0
0.0	0.0	0.0	0.0	0.0
0.0	0.0	0.0	0.0	0.0
0.0	0.0	0.0	0.0	0.0
0.0	0.0	0.0	0.0	0.0
0.0	0.0	0.0	0.0	0.0
0.0	0.0	0.0	0.0	0.0
0.0	0.0	0.0	0.0	0.0
0.0	0.0	0.0	0.0	0.0
0.0	0.0	0.0	0.0	0.0
0.0	0.0	0.0	0.0	0.0
0.0	0.0	0.0	0.0	0.0
0.0	0.0	0.0	0.0	0.0
0.0	0.0	0.0	0.0	0.0
0.0	0.0	0.0	0.0	0.0
0.0	0.0	0.0	0.0	0.0
0.0	0.0	0.0	0.0	0.0
0.0	0.0	0.0	0.0	0.0
0.0	0.0	0.0	0.0	0.0
0.0	0.0	0.0	0.0	0.0
0.0	0.0	0.0	0.0	0.0
0.0	0.0	0.0	0.0	0.0
0.0	0.0	0.0	0.0	0.0
0.0	0.0	0.0	0.0	0.0
0.0	0.0	0.0	0.0	0.0
0.0	0.0	0.0	0.0	0.0
0.0	0.0	0.0	0.0	0.0
0.0	0.0	0.0	0.0	0.0
0.0	0.0	0.0	0.0	0.0
0.0	0.0	0.0	0.0	0.0
0.0	0.0	0.0	0.0	0.0
0.0	0.0	0.0	0.0	0.0
0.0	0.0	0.0	0.0	0.0
0.0	0.0	0.0	0.0	0.0
0.0	0.0	0.0	0.0	0.0
0.0	0.0	0.0	0.0	0.0
0.0	0.0	0.0	0.0	0.0
0.0	0.0	0.0	0.0	0.0
0.0	0.0	0.0	0.0	0.0
0.0	0.0	0.0	0.0	0.0
0.0	0.0	0.0	0.0	0.0
0.0	0.0	0.0	0.0	0.0
0.0	0.0	0.0	0.0	0.0
0.0	0.0	0.0	0.0	0.0
0.0	0.0	0.0	0.0	0.0
0.0	0.0	0.0	0.0	0.0
0.0	0.0	0.0	0.0	0.0
0.0	0.0	0.0	0.0	0.0
0.0	0.0	0.0	0.0	0.0
0.0	0.0	0.0	0.0	0.0
0.0	0.0	0.0	0.0	0.0
0.0	0.0	0.0	0.0	0.0
0.0	0.0	0.0	0.0	0.0
0.0	0.0	0.0	0.0	0.0
0.0	0.0	0.0	0.0	0.0
0.0	0.0	0.0	0.0	0.0
0.0	0.0	0.0	0.0	0.0
0.0	0.0	0.0	0.0	0.0
0.0	0.0	0.0	0.0	0.0
0.0	0.0	0.0	0.0	0.0
0.0	0.0	0.0	0.0	0.0
0.0	0.0	0.0	0.0	0.0
0.0	0.0	0.0	0.0	0.0
0.0	0.0	0.0	0.0	0.0
0.0	0.0	0.0	0.0	0.0
0.0	0.0	0.0	0.0	0.0
0.0	0.0	0.0	0.0	0.0
0.0	0.0	0.0	0.0	0.0
0.0	0.0	0.0	0.0	0.0
0.0	0.0	0.0	0.0	0.0
0.0	0.0	0.0	0.0	0.0
0.0	0.0	0.0	0.0	0.0
