1.7880707220032592e-16	4.0460700706041375e-17	-1.294891938040407e-18	-1.6197302295919523e-17	9.409966019483494e-17
-4.098671473365325e-17	3.0167633888930035e-17	-7.722395267034718e-17	2.7407460875334873e-17	3.374304237636409e-17
-4.617049876627846e-17	4.116629112096874e-17	-1.7838926748555038e-17	-2.916635938660502e-17	-8.848783116665398e-17
3.7612712612885645e-17	1.5481124622837258e-17	-7.829374412836477e-17	-4.253031960840456e-17	6.799067764061237e-17
-3.679677871278907e-17	1.3581624190546787e-16	-4.969812289701796e-17	3.9577776233890055e-17	-8.067271156953629e-17
-2.1300405120322436e-17	5.1381948190734365e-17	4.152643770879942e-18	5.700268682901285e-20	2.441191941158716e-17
-2.4933493111371955e-17	6.52370813306015e-17	1.6065471256946987e-17	-7.279506144802468e-17	-1.834160862168097e-17
1.0532042130772713e-17	1.4726628404584274e-17	6.0616640961501355e-18	1.3643324866095523e-17	-2.6803000373677545e-17
1.0282830717843992e-19	-2.107302309464717e-17	-1.1634268815227242e-17	7.522597388157365e-18	-2.6569388296172665e-17
-3.647635188805492e-19	-6.3975875825522265e-18	7.325236111507288e-18	1.2503098838057661e-17	-3.902193823486521e-17
-1.2753448236443034e-17	1.2029500838459427e-16	3.2119388781465816e-17	4.3580811629311665e-18	1.0358345326158061e-16
-2.4810542549803628e-17	1.6473820937097e-17	2.2088890850068402e-17	-5.72563982852878e-18	-5.585827410746527e-17
7.570895898123756e-18	7.029056585417476e-18	-1.5910487360782947e-17	4.224171729167247e-18	-1.3074596096937219e-17
-9.219483246952346e-18	-6.57293304137572e-18	-1.0303159586256402e-17	-2.906299921941455e-17	-9.578908501530685e-18
6.1014743123570064e-18	-2.5505259587990006e-18	-3.665540986782884e-17	1.6331240754345058e-17	1.9275175194068576e-17
-3.784997563156797e-18	-8.079370492582924e-20	1.5579205266327075e-17	4.461305544367105e-18	1.937327774861362e-17
5.0089835397766e-20	1.8480404842988076e-18	8.484019430973458e-19	7.665539664095405e-18	4.710900620634188e-18
1.7422156633018764e-18	-1.5611590340722623e-17	1.3499224557407038e-17	3.416987911706468e-17	-3.957555739711816e-17
2.3170910501904303e-18	1.695544037648629e-17	-8.273660451852957e-18	-1.777374729663325e-17	2.0150228848111904e-17
-1.6353575061530742e-18	-1.0898953623756019e-17	-4.829573564952608e-18	2.614944371514172e-17	5.474447209920992e-18
2.04211780959951e-18	-8.725191673545576e-18	-1.3592114401874638e-18	1.948372419487767e-17	5.523121513610375e-19
-6.447062577562577e-18	-5.100461885548638e-17	-1.1296908309832793e-17	2.273526205186311e-17	3.1822513797820405e-17
3.2359556892329494e-18	8.87925285150841e-18	6.153942453482434e-18	-3.186468570566352e-18	-8.980969967410964e-19
4.616808995194281e-18	6.684487289932411e-18	-1.3053827342663552e-18	3.863395121957413e-18	-1.0305468788508372e-17
-3.107302653800748e-18	4.5090430947089095e-18	-9.626128361901468e-20	-2.428043020466793e-18	-8.214754021328221e-18
1.2987627582973411e-18	-2.865154454765421e-18	-6.478261491861126e-19	3.8314399182151484e-18	1.1472296623843211e-17
-1.5418534469499714e-18	6.4521964900280644e-18	-8.16712762638569e-19	3.293692122199481e-18	-1.3853201092902814e-17
-4.46971961873748e-19	-4.721500942351051e-19	-1.6172554128150916e-18	1.2403314789029646e-17	-2.14280582369284e-18
5.025928599592723e-19	7.245385402479659e-18	1.4742168825096229e-18	-4.277214660290629e-18	-1.3614673190721858e-17
1.0185045781429041e-18	2.4419251260000637e-18	7.4611678030711e-19	4.677766103045362e-18	1.559373056165438e-18
-1.7574250504057063e-18	-3.3397305028954194e-18	-9.08335533214295e-19	1.427882845213146e-18	2.48280821140351e-19
5.569066459833237e-19	2.35441856365576e-18	3.763363188476719e-18	-2.099406298715144e-18	-6.3114433314243116e-18
3.0969970311333163e-18	6.1081265994004346e-18	-2.2794297843366748e-18	1.4441031312668633e-18	1.7262066693330701e-18
1.7732692902908493e-18	5.2290430072213285e-18	4.2532954701082386e-18	-5.163882004794471e-18	-5.713395197075402e-18
-1.715802408945983e-19	1.080739766586199e-18	-6.756098998929618e-19	1.0315039156554641e-19	-5.916067423345487e-18
3.6183149560169466e-20	2.5914409539272093e-18	-6.731435734027371e-20	-8.310889996871975e-19	2.397937764728773e-18
1.1427216349651992e-18	6.369871271011878e-18	-2.3292455818168213e-18	-3.744532316818142e-18	-5.303867406490936e-18
-1.0507004722796422e-18	-2.0089950670872524e-18	-1.6228238511750745e-18	1.0015169074807543e-17	-1.3073632595015901e-18
1.6752778428347369e-18	7.49899015703299e-18	-4.481908061346001e-19	-1.7822962203305933e-17	3.505772455818179e-18
7.767208535183104e-19	1.0792576912387433e-18	3.627024099044529e-18	-4.960955821403052e-18	3.7963958010579723e-19
3.8020497588885564e-19	3.1113031308957786e-19	-8.478101463335611e-19	5.827835137328689e-19	-5.920779016859882e-19
-7.8730558560416e-19	-3.860057984370404e-18	9.00134088724087e-19	4.615416868397328e-18	3.33708926395467e-18
1.3859713158252132e-18	2.2085925514461965e-18	3.998611856956434e-19	-1.80272547392393e-18	-5.27282637678223e-18
3.6286620998625636e-19	8.067777040052374e-20	1.3023346463501185e-18	4.750818864311582e-18	3.397578758906478e-18
1.76083302374173e-19	-1.2965324047843972e-18	-4.2410981707154784e-19	2.2457005678963237e-18	2.9677429981510736e-18
1.8757387176936886e-19	-1.1984958741462494e-18	-1.6176021443395376e-18	-1.931636568756471e-18	6.1072449193087135e-18
3.5923315818474023e-19	7.438904137955486e-19	-4.691677816999234e-19	-1.5552434671467584e-18	4.3563001476674326e-18
-1.6659050677745071e-19	-5.512522085628052e-19	3.9567547026331624e-19	2.4053713069336077e-18	-2.2535695396842864e-18
2.491821338514126e-19	3.017216240370019e-18	1.4274643500391473e-18	8.077098661301458e-19	-8.916233260409583e-18
1.54383604008646e-18	6.638847704599941e-18	-3.6424778182027545e-19	-1.0888038433885706e-17	-8.912953248213905e-18
-8.543356865050767e-20	-7.785626721888476e-19	1.948073696218616e-21	7.4535867937055335e-19	-2.8726694828332215e-18
-2.0443333545766862e-19	-1.0748854558270074e-18	6.504304950541662e-19	1.9753102479945382e-18	-2.3986036652994667e-18
-4.756557457624003e-19	-3.491138688711032e-19	-2.295520908750786e-19	7.686436605250537e-19	6.02690638223196e-18
-2.50111728105585e-19	-9.444237947422033e-19	-7.40965085643065e-20	7.029273983530215e-19	1.897556684690151e-18
-2.2756489265033433e-20	2.223188498719507e-19	1.2873091619687569e-20	1.315525033326885e-19	-1.2457179583264531e-18
-1.1668050702837495e-19	-5.759290922792361e-20	2.0885357589071039e-19	1.8232584774957913e-18	-1.7007939637992486e-18
-4.967858097730665e-19	-1.6942315808711161e-18	4.1545365465134744e-19	5.1482481640179685e-18	-1.6006319827923677e-18
-3.6112776668025563e-19	-1.1961022824123084e-18	3.17442106732872e-19	3.822037336544689e-18	-1.2949044849222318e-18
0.0	0.0	0.0	0.0	0.0
0.0	0.0	0.0	0.0	0.0
0.0	0.0	0.0	0.0	0.0
0.0	0.0	0.0	0.0	0.0
0.0	0.0	0.0	0.0	0.0
0.0	0.0	0.0	0.0	0.0
0.0	0.0	0.0	0.0	0.0
0.0	0.0	0.0	0.0	0.0
0.0	0.0	0.0	0.0	0.0
0.0	0.0	0.0	0.0	0.0
0.0	0.0	0.0	0.0	0.0
0.0	0.0	0.0	0.0	0.0
0.0	0.0	0.0	0.0	0.0
0.0	0.0	0.0	0.0	0.0
0.0	0.0	0.0	0.0	0.0
0.0	0.0	0.0	0.0	0.0
0.0	0.0	0.0	0.0	0.0
0.0	0.0	0.0	0.0	0.0
0.0	0.0	0.0	0.0	0.0
0.0	0.0	0.0	0.0	0.0
0.0	0.0	0.0	0.0	0.0
0.0	0.0	0.0	0.0	0.0
0.0	0.0	0.0	0.0	0.0
0.0	0.0	0.0	0.0	0.0
0.0	0.0	0.0	0.0	0.0
0.0	0.0	0.0	0.0	0.0
0.0	0.0	0.0	0.0	0.0
0.0	0.0	0.0	0.0	0.0
0.0	0.0	0.0	0.0	0.0
0.0	0.0	0.0	0.0	0.0
0.0	0.0	0.0	0.0	0.0
0.0	0.0	0.0	0.0	0.0
0.0	0.0	0.0	0.0	0.0
0.0	0.0	0.0	0.0	0.0
0.0	0.0	0.0	0.0	0.0
0.0	0.0	0.0	0.0	0.0
0.0	0.0	0.0	0.0	0.0
0.0	0.0	0.0	0.0	0.0
0.0	0.0	0.0	0.0	0.0
0.0	0.0	0.0	0.0	0.0
0.0	0.0	0.0	0.0	0.0
0.0	0.0	0.0	0.0	0.0
0.0	0.0	0.0	0.0	0.0
0.0	0.0	0.0	0.0	0.0
0.0	0.0	0.0	0.0	0.0
0.0	0.0	0.0	0.0	0.0
0.0	0.0	0.0	0.0	0.0
0.0	0.0	0.0	0.0	0.0
0.0	0.0	0.0	0.0	0.0
0.0	0.0	0.0	0.0	0.0
0.0	0.0	0.0	0.0	0.0
0.0	0.0	0.0	0.0	0.0
0.0	0.0	0.0	0.0	0.0
0.0	0.0	0.0	0.0	0.0
0.0	0.0	0.0	0.0	0.0
0.0	0.0	0.0	0.0	0.0
0.0	0.0	0.0	0.0	0.0
0.0	0.0	0.0	0.0	0.0
0.0	0.0	0.0	0.0	0.0
0.0	0.0	0.0	0.0	0.0
0.0	0.0	0.0	0.0	0.0
0.0	0.0	0.0	0.0	0.0
0.0	0.0	0.0	0.0	0.0
0.0	0.0	0.0	0.0	0.0
0.0	0.0	0.0	0.0	0.0
0.0	0.0	0.0	0.0	0.0
0.0	0.0	0.0	0.0	0.0
0.0	0.0	0.0	0.0	0.0
0.0	0.0	0.0	0.0	0.0
0.0	0.0	0.0	0.0	0.0
0.0	0.0	0.0	0.0	0.0
0.0	0.0	0.0	0.0	0.0
0.0	0.0	0.0	0.0	0.0
0.0	0.0	0.0	0.0	0.0
0.0	0.0	0.0	0.0	0.0
0.0	0.0	0.0	0.0	0.0
0.0	0.0	0.0	0.0	0.0
0.0	0.0	0.0	0.0	0.0
0.0	0.0	0.0	0.0	0.0
0.0	0.0	0.0	0.0	0.0
0.0	0.0	0.0	0.0	0.0
0.0	0.0	0.0	0.0	0.0
0.0	0.0	0.0	0.0	0.0
0.0	0.0	0.0	0.0	0.0
0.0	0.0	0.0	0.0	0.0
0.0	0.0	0.0	0.0	0.0
0.0	0.0	0.0	0.0	0.0
0.0	0.0	0.0	0.0	0.0
0.0	0.0	0.0	0.0	0.0
0.0	0.0	0.0	0.0	0.0
0.0	0.0	0.0	0.0	0.0
0.0	0.0	0.0	0.0	0.0
0.0	0.0	0.0	0.0	0.0
0.0	0.0	0.0	0.0	0.0
0.0	0.0	0.0	0.0	0.0
0.0	0.0	0.0	0.0	0.0
0.0	0.0	0.0	0.0	0.0
0.0	0.0	0.0	0.0	0.0
0.0	0.0	0.0	0.0	0.0
0.0	0.0	0.0	0.0	0.0
0.0	0.0	0.0	0.0	0.0
0.0	0.0	0.0	0.0	0.0
0.0	0.0	0.0	0.0	0.0
0.0	0.0	0.0	0.0	0.0
0.0	0.0	0.0	0.0	0.0
0.0	0.0	0.0	0.0	0.0
0.0	0.0	0.0	0.0	0.0
0.0	0.0	0.0	0.0	0.0
0.0	0.0	0.0	0.0	0.0
0.0	0.0	0.0	0.0	0.0
0.0	0.0	0.0	0.0	0.0
0.0	0.0	0.0	0.0	0.0
0.0	0.0	0.0	0.0	0.0
0.0	0.0	0.0	0.0	0.0
0.0	0.0	0.0	0.0	0.0
0.0	0.0	0.0	0.0	0.0
0.0	0.0	0.0	0.0	0.0
0.0	0.0	0.0	0.0	0.0
0.0	0.0	0.0	0.0	0.0
0.0	0.0	0.0	0.0	0.0
0.0	0.0	0.0	0.0	0.0
0.0	0.0	0.0	0.0	0.0
0.0	0.0	0.0	0.0	0.0
0.0	0.0	0.0	0.0	0.0
0.0	0.0	0.0	0.0	0.0
0.0	0.0	0.0	0.0	0.0
0.0	0.0	0.0	0.0	0.0
0.0	0.0	0.0	0.0	0.0
0.0	0.0	0.0	0.0	0.0
0.0	0.0	0.0	0.0	0.0
0.0	0.0	0.0	0.0	0.0
0.0	0.0	0.0	0.0	0.0
0.0	0.0	0.0	0.0	0.0
0.0	0.0	0.0	0.0	0.0
0.0	0.0	0.0	0.0	0.0
0.0	0.0	0.0	0.0	0.0
0.0	0.0	0.0	0.0	0.0
0.0	0.0	0.0	0.0	0.0
0.0	0.0	0.0	0.0	0.0
0.0	0.0	0.0	0.0	0.0
0.0	0.0	0.0	0.0	0.0
0.0	0.0	0.0	0.0	0.0
0.0	0.0	0.0	0.0	0.0
0.0	0.0	0.0	0.0	0.0
0.0	0.0	0.0	0.0	0.0
0.0	0.0	0.0	0.0	0.0
0.0	0.0	0.0	0.0	0.0
0.0	0.0	0.0	0.0	0.0
0.0	0.0	0.0	0.0	0.0
0.0	0.0	0.0	0.0	0.0
0.0	0.0	0.0	0.0	0.0
0.0	0.0	0.0	0.0	0.0
0.0	0.0	0.0	0.0	0.0
0.0	0.0	0.0	0.0	0.0
0.0	0.0	0.0	0.0	0.0
0.0	0.0	0.0	0.0	0.0
0.0	0.0	0.0	0.0	0.0
0.0	0.0	0.0	0.0	0.0
0.0	0.0	0.0	0.0	0.0
0.0	0.0	0.0	0.0	0.0
0.0	0.0	0.0	0.0	0.0
0.0	0.0	0.0	0.0	0.0
0.0	0.0	0.0	0.0	0.0
0.0	0.0	0.0	0.0	0.0
0.0	0.0	0.0	0.0	0.0
0.0	0.0	0.0	0.0	0.0
0.0	0.0	0.0	0.0	0.0
0.0	0.0	0.0	0.0	0.0
0.0	0.0	0.0	0.0	0.0
0.0	0.0	0.0	0.0	0.0
0.0	0.0	0.0	0.0	0.0
0.0	0.0	0.0	0.0	0.0
0.0	0.0	0.0	0.0	0.0
0.0	0.0	0.0	0.0	0.0
0.0	0.0	0.0	0.0	0.0
0.0	0.0	0.0	0.0	0.0
0.0	0.0	0.0	0.0	0.0
0.0	0.0	0.0	0.0	0.0
0.0	0.0	0.0	0.0	0.0
-0.0026722904487017957	-0.00475120734356716	0.009967197885096944	0.006289625510220454	-0.012088699408157355
0.0	0.0	0.0	0.0	0.0
0.0	0.0	0.0	0.0	0.0
0.0	0.0	0.0	0.0	0.0
0.0	0.0	0.0	0.0	0.0
0.0	0.0	0.0	0.0	0.0
0.0	0.0	0.0	0.0	0.0
0.0	0.0	0.0	0.0	0.0
0.0	0.0	0.0	0.0	0.0
0.0	0.0	0.0	0.0	0.0
0.0	0.0	0.0	0.0	0.0
0.0	0.0	0.0	0.0	0.0
0.0	0.0	0.0	0.0	0.0
0.0	0.0	0.0	0.0	0.0
0.0	0.0	0.0	0.0	0.0
0.0	0.0	0.0	0.0	0.0
0.0	0.0	0.0	0.0	0.0
0.0	0.0	0.0	0.0	0.0
0.0	0.0	0.0	0.0	0.0
0.0	0.0	0.0	0.0	0.0
0.0	0.0	0.0	0.0	0.0
0.0	0.0	0.0	0.0	0.0
0.0	0.0	0.0	0.0	0.0
-0.004017330943129676	0.02723678371008302	0.026185597759289945	0.011791428896759274	0.04184316097921207
-0.005189959305391275	0.029823761454156824	0.028639625034978595	0.007109092075912618	0.04744049312735396
-0.02418589556969726	0.04442536705970841	0.08281401884990922	-0.00667144891916109	0.1332289544862414
-0.03429212682497866	0.057823614533079055	0.07651046498178177	-0.003005396532809359	0.12843072414917872
-0.04419577540196621	0.0645865122856224	0.06337365149369893	-0.03514242239035491	0.019050761587925652
-0.023617184873496885	0.03125552140303463	0.03162080621151356	-0.014598614523656978	-0.04720062764743683
-0.018222393338749716	0.03078772053288511	-0.002087655506974731	-0.03371377764777921	-0.02882916111226245
-0.016991129473593932	0.02053579637565066	0.002045316488069542	0.08068188456012985	-0.04382607956984461
-0.017001631717743052	0.020558446442776938	0.002014242379212659	0.08073192845570705	-0.04380689194636777
-0.011608684679203493	0.008882103955849329	0.01788538017241695	0.054977012726689686	-0.05352863690073095
-0.004459612739800247	-0.006515527721234051	0.0150927059931663	0.015137963395495585	-0.031426628102614346
0.0	0.0	0.0	0.0	0.0
0.0	0.0	0.0	0.0	0.0
0.0	0.0	0.0	0.0	0.0
0.0	0.0	0.0	0.0	0.0
0.0	0.0	0.0	0.0	0.0
0.0	0.0	0.0	0.0	0.0
0.0	0.0	0.0	0.0	0.0
0.0	0.0	0.0	0.0	0.0
0.0	0.0	0.0	0.0	0.0
0.0	0.0	0.0	0.0	0.0
0.0	0.0	0.0	0.0	0.0
0.0	0.0	0.0	0.0	0.0
0.0	0.0	0.0	0.0	0.0
0.0	0.0	0.0	0.0	0.0
0.0	0.0	0.0	0.0	0.0
0.0	0.0	0.0	0.0	0.0
-0.004017330943129676	0.02723678371008302	0.026185597759289945	0.011791428896759274	0.04184316097921207
-0.008007025688686841	0.022847498488671743	0.06326115609282955	0.0268450853938013	0.06258734851160935
-0.020302254256915335	0.025313531531597152	0.08403579021503886	-0.003597816683537957	0.14720394588040092
-0.02577037082497664	0.0490538649122874	0.08405237824461233	-0.010783752273685538	0.13144961343320105
-0.07868529365928201	0.054900760324852804	0.13821357367440779	-0.05880650164536055	0.08119147244880731
-0.09716742698362096	0.03483626099599771	0.07102552937861063	-0.09711067623191713	-0.0518162307963286
-0.07624327363278542	0.03676162957874379	0.021218393397898445	0.011387018400829403	-0.1263816839618178
-0.0650599892134903	0.0685499382420293	-0.04132016745548905	0.03509977805587787	-0.11032420414769648
-0.04475468673657631	0.04398719585509782	-0.03890853787297527	0.09207828188468034	-0.06588743863111556
-0.03010042897804432	0.03545865140908922	-0.010485996841554417	0.08109710646205705	-0.06237630957232437
-0.013688736019806311	0.003435537925830901	0.007901486340190804	0.043568149228918454	-0.0486105680219105
-0.006070461902614228	0.008086140650796604	-0.012514761224133997	0.013803758690916068	-0.0020152449653554265
0.0	0.0	0.0	0.0	0.0
0.0	0.0	0.0	0.0	0.0
0.0	0.0	0.0	0.0	0.0
-0.0013736100084594984	-0.0020068545433124924	0.004648720240197018	0.004662660020268404	-0.009679748761283503
-0.006282879805583165	-0.009179334603903815	0.021263204504235928	0.02132696493271666	-0.04427508364152986
0.0	0.0	0.0	0.0	0.0
0.0	0.0	0.0	0.0	0.0
0.0	0.0	0.0	0.0	0.0
0.0	0.0	0.0	0.0	0.0
0.0	0.0	0.0	0.0	0.0
0.0	0.0	0.0	0.0	0.0
0.0	0.0	0.0	0.0	0.0
0.0	0.0	0.0	0.0	0.0
0.0	0.0	0.0	0.0	0.0
0.0	0.0	0.0	0.0	0.0
-0.004017330943129677	0.02723678371008302	0.026185597759289945	0.011791428896759274	0.041843160979212084
-0.012334081682526404	0.018082468810554447	0.07181887003199906	0.018843515430546083	0.09872733846404176
-0.02082450498635975	0.02460221674329044	0.08370727861713008	-0.0035784770218526057	0.1514574085873442
-0.03024733191599898	0.03947197843651686	0.12098863698852655	-0.016684815914644824	0.12151309326318237
-0.05905715138753815	0.04926322135761917	0.10573208740896617	-0.05846445497773036	0.033228689888543585
-0.11667324575793368	0.03683507562854574	0.09634259574228674	-0.09905782740666937	-0.1357713035388176
-0.11882688333125767	-0.004427658671039116	0.01643378456289582	0.014487021649089871	-0.07514445314649344
-0.10800136043481677	-0.017137090172357646	-0.0902497808571005	0.10395110070930273	-0.0656533337531634
-0.05663298501712005	0.02820030510829732	-0.07021945245558434	0.10142990598693417	-0.05335937140470633
-0.0225383837008427	0.013837749543975012	-0.036821174283060615	0.030564466426302648	0.017767634225588153
-0.011973002067321619	-0.00276420952227304	-0.020984141188658274	0.015002437969251615	0.020251508943924298
-0.010153903507851923	-0.004527849694469893	-0.020987899824816192	0.018480658845248105	0.024536118329726603
-0.010153903507851923	-0.004527849694469893	-0.020987899824816192	0.018480658845248105	0.024536118329726603
0.0	0.0	0.0	0.0	0.0
0.0	0.0	0.0	0.0	0.0
0.0	0.0	0.0	0.0	0.0
-0.006282879805583165	-0.009179334603903815	0.021263204504235928	0.02132696493271666	-0.04427508364152986
-0.006282879805583165	-0.009179334603903815	0.021263204504235928	0.02132696493271666	-0.04427508364152986
0.0	0.0	0.0	0.0	0.0
0.0	0.0	0.0	0.0	0.0
0.0	0.0	0.0	0.0	0.0
0.0	0.0	0.0	0.0	0.0
0.0	0.0	0.0	0.0	0.0
0.0	0.0	0.0	0.0	0.0
0.0	0.0	0.0	0.0	0.0
0.0	0.0	0.0	0.0	0.0
0.0	0.0	0.0	0.0	0.0
-0.004017330943129676	0.02723678371008302	0.026185597759289945	0.011791428896759274	0.04184316097921207
-0.015861513594802135	0.013653182345702501	0.07332093914602891	0.01623888206829964	0.12776745517930965
-0.021687470364063283	0.023688646225002236	0.09925717213179784	-0.002030327677761388	0.13596714296956733
-0.03375662612642101	0.04293206033743904	0.1292396758528819	-0.02710354401578414	0.128727778706247
-0.07366917460254409	0.0375523265079806	0.0804312286516019	-0.09579787731996717	-0.08171613485232165
-0.12473601143378131	-0.021958857377379796	0.06981560692402176	-0.12059304628204429	-0.19389531112319364
-0.13157335494892378	-0.0309222696178846	-0.027652539298542833	-0.023024075663269736	-0.1468086962247653
-0.11429952541108139	-0.09830499277426309	-0.1345003383439999	0.2007344352593166	-0.009840830141492585
-0.05305745351401265	-0.02979448566853612	-0.10426853408014398	0.13645559656657186	0.08138385613425833
-0.02562890028375657	-0.004863787044894499	-0.058052659491363054	0.06578780371708871	0.05475407181243256
-0.007255881833668778	-0.009857438070041743	-0.013782760508522904	0.013871321591587996	0.025851006406386556
-0.004083441605237696	-0.012613990345266496	-0.0084731386006822	0.004676900154332055	0.026551363295082044
-0.004079438231353534	-0.01260162368880237	-0.008464831602549216	0.004672314958375614	0.02652533254830507
-0.002033714054850524	-0.006282261859704989	-0.004219955304075131	0.002329279685253151	0.013223620153987098
0.0	0.0	0.0	0.0	0.0
0.0	0.0	0.0	0.0	0.0
-0.0015337617434730314	-0.0022408374315063106	0.005190723143113426	0.005206288187961854	-0.010808328597676248
-0.00695244702554788	-0.010019150760593702	0.025276764481602487	0.021769583316834748	-0.04502736716288433
-0.010391588054665928	-0.014332752315849963	0.0458918698502835	0.024043032493666693	-0.04889136923269286
-1.0144957878253273e-5	-1.272448722257399e-5	6.081151480858422e-5	6.706339153304303e-6	-1.1398235172037671e-5
0.0	0.0	0.0	0.0	0.0
0.0	0.0	0.0	0.0	0.0
0.0	0.0	0.0	0.0	0.0
0.0	0.0	0.0	0.0	0.0
0.0	0.0	0.0	0.0	0.0
0.0	0.0	0.0	0.0	0.0
0.0	0.0	0.0	0.0	0.0
-0.004017330943129676	0.02723678371008302	0.026185597759289945	0.011791428896759274	0.04184316097921207
-0.015861513594802135	0.013653182345702501	0.07332093914602891	0.01623888206829964	0.12776745517930965
-0.025173748569712006	0.022240755869249014	0.1175435084113117	-0.00013014209026574803	0.12846186665567086
-0.048387276129259964	0.03477720508800166	0.13249661771013352	-0.052447229353753205	0.11693635186479256
-0.0904701408505938	0.014518252720329762	0.07138894091711004	-0.1294963953958158	-0.08061461548543618
-0.1285188768451213	-0.0022437234731067543	0.009095759196834557	-0.11031516180999154	-0.1840840883968506
-0.15205799460678956	-0.0331699904289897	-0.07725279690019478	0.06958038030050204	-0.14041560232685038
-0.09925744913026832	-0.0823210416544622	-0.161456507313809	0.2256238772416053	0.0875926952754985
-0.03754374885275641	0.0026641633219566764	-0.07721773429817136	0.11802725756243121	0.06416629670988622
-0.00900416454003845	-0.024314077002359203	-0.013503782280172166	0.02288299734079186	0.0365651861355053
-0.00422660231524479	-0.01389258080703923	-0.007537649269473751	0.006982975342079131	0.026856653158823848
0.0	0.0	0.0	0.0	0.0
-0.00464626227910462	-0.007166758185396494	0.014664612674041467	0.017275379338704534	-0.0330488592958127
-0.011327329335813166	-0.01757553316319848	0.055094629765989736	0.04882306699754953	-0.03405958610121493
-0.020952481076936105	-0.03517607913768685	0.1018783632899135	0.07810841142497595	-0.052038180840272064
-0.02436239810226176	-0.03894693200049518	0.11662060619442904	0.07617718691168637	-0.07515288763740358
-0.025076799957866082	-0.03973149788397856	0.12211417980282556	0.07298895222013049	-0.08157232613468056
-0.02491263880247117	-0.03930239016008078	0.12208849426903133	0.0716797931876362	-0.08026203070324896
-0.024974077745926082	-0.032071185702665816	0.12061973050791917	0.05063240136922263	-0.07834589328494378
-0.015458272387784968	-0.020071056438873462	0.08946200466089896	0.03984526066551397	-0.029282804103411778
-0.009175392582201807	-0.010891721834969637	0.068198800156663	0.01851829573279734	0.014992279538118037
0.0	0.0	0.0	0.0	0.0
0.0	0.0	0.0	0.0	0.0
0.0	0.0	0.0	0.0	0.0
0.0	0.0	0.0	0.0	0.0
0.0	0.0	0.0	0.0	0.0
0.0	0.0	0.0	0.0	0.0
-0.0009925170572421891	0.006729087744912978	0.006469382980415111	0.0029131765530311846	0.010337722131611356
-0.01869702947596904	0.01009668797359123	0.09031775845931371	0.01811330396357908	0.12458164827548128
-0.03558551878003517	-0.0052382770867646375	0.11329771262577279	-0.010268132363467668	0.11149548503623123
-0.059510862408389265	0.007118212543252957	0.13724270127716137	-0.047345591896709095	0.1160064691237261
-0.10733704436934978	-0.03162419200513868	0.03673780796294761	-0.12103295144136109	-0.07343717125512364
-0.14758239875124604	-0.043645195623937406	-0.03160441822251887	-0.04761869293581092	-0.18491447958692642
-0.14906417384886725	-0.058755430240353144	-0.10466597591447335	0.16187979089530827	-0.0895293131795619
-0.09187651310703508	-0.04534675331165547	-0.152868755295179	0.17859378256081326	0.062347340802709705
-0.03758117385599163	-0.03635754782601794	-0.07540355179719074	0.09000722051931173	0.06475131059035139
-0.019344421724373284	-0.057403481675340415	0.0077372367149906324	0.07146170433270223	-0.014965592543371339
-0.022763567910708576	-0.04930970343669369	0.0706628610496385	0.10788233930677449	-0.07792098401565227
-0.028513160327300946	-0.06298714468338358	0.11974739570104406	0.157357099945426	-0.07752177566255969
-0.031127692811370428	-0.07276594887147877	0.13177015634066608	0.17238428102633638	-0.09196711398110433
-0.030557366558956037	-0.07029589736990192	0.13382161535669185	0.16090614013193588	-0.0924639288416239
-0.029313000441480847	-0.06076061872236536	0.12867907047695382	0.13919991082577632	-0.09467950642876921
-0.027416283506091037	-0.055159109125442626	0.12467032746498562	0.12065505464681323	-0.08037473575026331
-0.023471152987304168	-0.03703164454599511	0.11512197602144388	0.07510668702236228	-0.06675792503531167
-0.03555440177404554	-0.01916254222448664	0.13207580502485938	0.0278471270219112	-0.04717647923225164
-0.03280689626124635	-0.010768822633455214	0.11816970126960534	0.007576541674554814	-0.01657277098800906
-0.02983093649415148	-0.01262625962253802	0.09833513899215066	0.01721295287204242	-0.0375106644385426
-0.014187566418185997	-0.00932911341485506	0.05405834540483307	0.013154247414326112	-0.005659335859064517
-0.00530870580601831	-0.010691601607921743	0.03862550607970069	0.013341591663448825	0.01963395958521144
0.0	0.0	0.0	0.0	0.0
0.0	0.0	0.0	0.0	0.0
0.0	0.0	0.0	0.0	0.0
0.0	0.0	0.0	0.0	0.0
0.0	0.0	0.0	0.0	0.0
0.0	0.0	0.0	0.0	0.0
-0.013595696272516175	0.016103542490569393	0.060376002251214464	0.0035917508744999272	0.0856510896094676
-0.023912111342560344	-0.003867781488296554	0.11488825571834663	0.012399447784959145	0.10966995846706237
-0.0865787869668545	-0.004179170273486205	0.1280470401112266	-0.02715420268001952	0.10063266563331531
-0.11682414638450067	-0.04019344162567586	0.012101919639232926	-0.09032594031750837	-0.024646911445273624
-0.16245873526440288	-0.047064690676888725	-0.03271725844904143	-0.033450207157042125	-0.10999340072831526
-0.1676282747018242	-0.08774455728582545	-0.1109658578778191	0.17057361345651958	0.05500989482710508
-0.131575696608585	-0.1347635210770339	-0.07944605194068942	0.22671605239616321	0.10185156181266211
-0.11872768703279007	-0.17818058991639668	0.021081772900752895	0.2053251207731874	0.128954757332476
-0.0953641223916664	-0.19694366171297276	0.09337340191783206	0.0827550313154931	0.08707984187040252
-0.09887493352848982	-0.20693584691148018	0.10581612081558536	0.03655481337962764	0.046220748289445314
-0.10093221199908015	-0.20441027673441595	0.09248638318086055	-0.0010954348368162098	0.050149330022309514
-0.10575717752699944	-0.20245144543012925	0.06936592838820332	-0.01847259917297983	0.06663332111071989
-0.10409154297533955	-0.19859424634048833	0.060024140337014364	-0.02471365408192672	0.075031610596529
-0.10463116574329576	-0.17250052995561208	0.04176186750576124	-0.0764903048779605	0.14292464879468408
-0.10270656803442393	-0.15413896093283216	-0.025120094305355792	-0.10512226060080447	0.1265231276828689
-0.1028586857110073	-0.13537854369330787	-0.056947775210825946	-0.1228355919375198	0.12563567631558195
-0.0904795823477816	-0.11794661969536417	-0.06191072354349329	-0.09635280600837365	0.06264803333734344
-0.07457993049485852	-0.07516923383296281	-0.04986493315524378	-0.12232660288779422	-0.009463293065263043
-0.0642214932944862	-0.04026990479330927	-0.01132720566831715	-0.09287061033075553	-0.061380799085716885
-0.0351455513904344	-0.01715494974135424	0.03475037482164086	-0.07238017151550326	-0.05041085462563716
-0.005930346037700651	-0.002850349717213864	0.003258218683966048	-0.02488635653314953	-0.007905696904203906
0.0	0.0	0.0	0.0	0.0
0.0	0.0	0.0	0.0	0.0
0.0	0.0	0.0	0.0	0.0
0.0	0.0	0.0	0.0	0.0
0.0	0.0	0.0	0.0	0.0
0.0	0.0	0.0	0.0	0.0
-0.004017330943129676	0.02723678371008302	0.026185597759289945	0.011791428896759274	0.04184316097921207
-0.014262182945736016	0.012742890592798043	0.09896900393849353	0.031000503544423193	0.05841185813193066
-0.03597764922893397	0.023921616323446464	0.12072279732246369	0.002657157259688238	0.0666432650777016
-0.08730146042014952	0.004133842086152324	0.06840756810654601	-0.0786426939348871	-0.04305934965456576
-0.1481820071786801	0.01567365656561479	0.017183073470755057	-0.08003013863377113	-0.11274003446889823
-0.13900452288664358	0.032382638907429935	0.00020549929467287772	0.05574712798218509	-0.04978096909308502
-0.13659815833824288	-0.01953708605841507	-0.009255551155242833	0.06390873678056797	-0.009383983928031059
-0.1306304191426973	-0.04971700387524226	0.024234959984071155	0.03185800065404567	-0.004502273511756247
-0.13499460300609087	-0.050032421291587574	0.047024013703185444	-0.024993945260309455	-0.020768966709073165
-0.14064504168930522	-0.03679286248755772	0.019709385636419517	-0.022597222899731928	-0.006958186210525129
-0.1453303089087425	0.0027157673290833955	-0.0053722215556791415	-0.04033009814202873	0.058928181340570054
-0.15126655743710118	0.01362647717482251	-0.0793497469472502	-0.08758414008233412	0.06896368314538362
-0.15627933752745257	0.01686865442624468	-0.10889224275614046	-0.12293708250364112	0.07832091453765318
-0.1598792999713605	0.020909311955871274	-0.12203207264230938	-0.11921471266973317	0.07731524930543333
-0.15508195910493858	0.014214445677212587	-0.12987645890692132	-0.1193527099037798	0.08142351058306856
-0.15049491285190472	0.00867697316129818	-0.12359727293769315	-0.12346650840418286	0.07942002045918584
-0.14995589382989077	0.006125832214260378	-0.1245962760935017	-0.11745482399747009	0.0787110936177448
-0.14073768862029748	-0.007766208495769219	-0.12531768028018933	-0.1027828292509698	0.06710040347052541
-0.10307326590973058	-0.019058527223083446	-0.08011419518417928	-0.12026897026306348	0.017894883777699076
-0.09352758791515538	-0.04066201403563917	-0.036205973196353006	-0.0900189045150417	-0.018609992011902287
-0.06143420157813037	-0.042174833172615014	0.03361710276297791	-0.1019828518158654	-0.015385812028797553
-0.01698121866720581	0.022865146300190698	0.006895281054078051	-0.0487793674739102	-0.028002153433480777
0.0	0.0	0.0	0.0	0.0
0.0	0.0	0.0	0.0	0.0
0.0	0.0	0.0	0.0	0.0
0.0	0.0	0.0	0.0	0.0
0.0	0.0	0.0	0.0	0.0
0.0	0.0	0.0	0.0	0.0
-0.004017330943129676	0.02723678371008302	0.026185597759289945	0.011791428896759274	0.04184316097921207
-0.011410225018032596	0.031332413619816465	0.06366693141541742	0.02133258003233992	0.05514105860182954
-0.04022874019161554	0.043570470871683836	0.11789850210508958	0.04086832737911772	-0.02297297455830553
-0.07617155875193488	0.05524706931376303	0.1619516947239776	-0.028587296131391444	-0.08640532369122154
-0.1135215135228273	0.09632935866756705	0.11927081544181768	-0.04515314687514225	-0.11877547139229502
-0.12484221192778978	0.114855083932461	0.09106877265448654	-0.018119154334719566	-0.10629545666436874
-0.12043585954644163	0.1189580710515864	0.056533711133825465	-0.008222532269043124	-0.03665584944538175
-0.11367259127486777	0.1439984787381329	0.0016089474965824534	-0.014094133400086691	0.0155694774538657
-0.10840383194166087	0.16349908480215777	-0.05863517712169079	-0.004971742879259207	0.00016701273720577846
-0.09562818503181121	0.17379663488263797	-0.06647497119870444	0.050801256830472805	0.010888957730117376
-0.09548324923531872	0.1795855698564174	-0.06762487461545556	0.06399439084300819	0.012755173051473322
-0.09289752077937533	0.1899358063606329	-0.043307321014362035	0.06290199682750593	0.005594439329046408
-0.08912550997224697	0.190487451994374	-0.036162984272698956	0.06463782841858413	0.008215925663626184
-0.08554621216859844	0.1845686892665493	-0.02807012972926328	0.05842952828401424	0.009295740885743845
-0.07745457528073871	0.1712358647195356	-0.031260021813333524	0.07709212669996082	-0.010619250998800303
-0.07016961292892678	0.16543544769049082	-0.029177152054533757	0.09398651236746196	0.009796684664512728
-0.07129741931610424	0.1635049252284295	-0.031263143556525506	0.09623385986239044	0.015467113230492224
-0.07695468803934227	0.1575463606948181	-0.036358066654151734	0.09199471058810178	0.024392785738870337
-0.08379352225401222	0.14039339625027916	-0.04176942518551957	0.08263201141236856	0.08141103782801098
-0.07988014433279529	0.08374417787768214	0.029388895430211767	0.014921415367338806	0.007449663301466477
-0.054231438729299586	0.07102819224794817	0.04807638337014761	0.025532966816760386	0.020655693232704678
-0.023014635543330535	0.05479437031465402	0.03398937301418132	0.023783036289369626	0.07400399331870632
-0.011990465630515545	0.02776399958833653	0.0369687978046798	-0.0024914966329871056	0.0812176529554373
-0.004017330943129676	0.02723678371008302	0.026185597759289945	0.011791428896759274	0.04184316097921207
0.0	0.0	0.0	0.0	0.0
0.0	0.0	0.0	0.0	0.0
0.0	0.0	0.0	0.0	0.0
0.0	0.0	0.0	0.0	0.0
-0.004017330943129676	0.02723678371008302	0.026185597759289945	0.011791428896759274	0.04184316097921207
-0.008018794699032125	0.02283455074542981	0.06337052351500402	0.026889491457509632	0.06264854080155716
-0.03694980233080848	0.04129268993645063	0.10385522429879773	-0.0017556436132733205	-0.024999665145411562
-0.048400909860750484	0.04425278707467136	0.12398985759018377	-0.025845265822698534	-0.02082854125851015
-0.0488636364158738	0.08011759472224303	0.09055976545384169	-0.024408215053109656	0.020720364345295176
-0.041525087734957854	0.12308327107815889	0.013636418668080644	0.021523209457684024	0.0391414592007893
-0.041530345192562976	0.12310110073015866	0.013633084192138791	0.021556427666740697	0.03913232440048933
-0.041530345192562976	0.12310110073015866	0.013633084192138791	0.021556427666740697	0.03913232440048933
-0.03124403054677461	0.09577613746087012	0.011270058172815504	0.03979588895488954	0.052062103713490356
-0.02186875528394072	0.07826811355925065	0.028681472651277313	0.02461880647498274	0.05367428306939706
-0.014830331521100991	0.06240092099702569	0.020577125937022003	0.042658390903561945	0.031311060844581844
-0.012099791247821599	0.05389533042508578	0.021682943041966968	0.04416915401224827	0.03191955326869854
-0.00937993801998583	0.04542302983383456	0.022784432095878007	0.045674004154129	0.032525664117911406
-0.00937993801998583	0.04542302983383456	0.022784432095878007	0.045674004154129	0.032525664117911406
-0.013297331753057633	0.04939759313131453	0.027457814702180644	0.04600076533359989	0.03200329807527117
-0.014457119232680815	0.05057430628896094	0.028841420998509802	0.046097506572954486	0.03184864586583923
-0.01706315909293463	0.05508175738349668	0.025285527697855692	0.05029047823641593	0.031345604760875764
-0.01706315909293463	0.05508175738349668	0.025285527697855692	0.05029047823641593	0.031345604760875764
-0.022670293157688006	0.06278313881077083	0.021297069173449333	0.0531507098920402	0.028870255635441076
-0.026937170503164666	0.04803204251662416	0.04913491158559943	0.06480106639683068	-0.016470106455308244
-0.026937170503164666	0.04803204251662416	0.04913491158559943	0.06480106639683068	-0.016470106455308244
-0.015133653997978194	0.03908692058733411	0.034048894118538085	0.03494603611817764	0.0806307276678909
-0.004017330943129676	0.02723678371008302	0.026185597759289945	0.011791428896759274	0.04184316097921207
-0.004017330943129676	0.02723678371008302	0.026185597759289945	0.011791428896759274	0.04184316097921207
0.0	0.0	0.0	0.0	0.0
0.0	0.0	0.0	0.0	0.0
0.0	0.0	0.0	0.0	0.0
0.0	0.0	0.0	0.0	0.0
0.0	0.0	0.0	0.0	0.0
0.0	0.0	0.0	0.0	0.0
0.0	0.0	0.0	0.0	0.0
0.0	0.0	0.0	0.0	0.0
0.0	0.0	0.0	0.0	0.0
0.0	0.0	0.0	0.0	0.0
0.0	0.0	0.0	0.0	0.0
0.0	0.0	0.0	0.0	0.0
0.0	0.0	0.0	0.0	0.0
0.0	0.0	0.0	0.0	0.0
0.0	0.0	0.0	0.0	0.0
0.0	0.0	0.0	0.0	0.0
0.0	0.0	0.0	0.0	0.0
0.0	0.0	0.0	0.0	0.0
0.0	0.0	0.0	0.0	0.0
0.0	0.0	0.0	0.0	0.0
0.0	0.0	0.0	0.0	0.0
0.0	0.0	0.0	0.0	0.0
0.0	0.0	0.0	0.0	0.0
0.0	0.0	0.0	0.0	0.0
0.0	0.0	0.0	0.0	0.0
0.0	0.0	0.0	0.0	0.0
0.0	0.0	0.0	0.0	0.0
0.0	0.0	0.0	0.0	0.0
0.0	0.0	0.0	0.0	0.0
0.0	0.0	0.0	0.0	0.0
0.0	0.0	0.0	0.0	0.0
0.0	0.0	0.0	0.0	0.0
0.0	0.0	0.0	0.0	0.0
0.0	0.0	0.0	0.0	0.0
0.0	0.0	0.0	0.0	0.0
0.0	0.0	0.0	0.0	0.0
0.0	0.0	0.0	0.0	0.0
0.0	0.0	0.0	0.0	0.0
0.0	0.0	0.0	0.0	0.0
0.0	0.0	0.0	0.0	0.0
0.0	0.0	0.0	0.0	0.0
0.0	0.0	0.0	0.0	0.0
0.0	0.0	0.0	0.0	0.0
0.0	0.0	0.0	0.0	0.0
0.0	0.0	0.0	0.0	0.0
0.0	0.0	0.0	0.0	0.0
0.0	0.0	0.0	0.0	0.0
0.0	0.0	0.0	0.0	0.0
0.0	0.0	0.0	0.0	0.0
0.0	0.0	0.0	0.0	0.0
0.0	0.0	0.0	0.0	0.0
0.0	0.0	0.0	0.0	0.0
0.0	0.0	0.0	0.0	0.0
0.0	0.0	0.0	0.0	0.0
0.0	0.0	0.0	0.0	0.0
0.0	0.0	0.0	0.0	0.0
0.0	0.0	0.0	0.0	0.0
0.0	0.0	0.0	0.0	0.0
0.0	0.0	0.0	0.0	0.0
0.0	0.0	0.0	0.0	0.0
0.0	0.0	0.0	0.0	0.0
0.0	0.0	0.0	0.0	0.0
0.0	0.0	0.0	0.0	0.0
0.0	0.0	0.0	0.0	0.0
0.0	0.0	0.0	0.0	0.0
0.0	0.0	0.0	0.0	0.0
0.0	0.0	0.0	0.0	0.0
0.0	0.0	0.0	0.0	0.0
0.0	0.0	0.0	0.0	0.0
0.0	0.0	0.0	0.0	0.0
0.0	0.0	0.0	0.0	0.0
0.0	0.0	0.0	0.0	0.0
0.0	0.0	0.0	0.0	0.0
0.0	0.0	0.0	0.0	0.0
0.0	0.0	0.0	0.0	0.0
0.0	0.0	0.0	0.0	0.0
0.0	0.0	0.0	0.0	0.0
0.0	0.0	0.0	0.0	0.0
0.0	0.0	0.0	0.0	0.0
0.0	0.0	0.0	0.0	0.0
0.0	0.0	0.0	0.0	0.0
0.0	0.0	0.0	0.0	0.0
0.0	0.0	0.0	0.0	0.0
0.0	0.0	0.0	0.0	0.0
0.0	0.0	0.0	0.0	0.0
0.0	0.0	0.0	0.0	0.0
0.0	0.0	0.0	0.0	0.0
0.0	0.0	0.0	0.0	0.0
0.0	0.0	0.0	0.0	0.0
0.0	0.0	0.0	0.0	0.0
0.0	0.0	0.0	0.0	0.0
0.0	0.0	0.0	0.0	0.0
0.0	0.0	0.0	0.0	0.0
0.0	0.0	0.0	0.0	0.0
0.0	0.0	0.0	0.0	0.0
0.0	0.0	0.0	0.0	0.0
0.0	0.0	0.0	0.0	0.0
0.0	0.0	0.0	0.0	0.0
0.0	0.0	0.0	0.0	0.0
0.0	0.0	0.0	0.0	0.0
0.0	0.0	0.0	0.0	0.0
0.0	0.0	0.0	0.0	0.0
0.0	0.0	0.0	0.0	0.0
0.0	0.0	0.0	0.0	0.0
0.0	0.0	0.0	0.0	0.0
0.0	0.0	0.0	0.0	0.0
0.0	0.0	0.0	0.0	0.0
0.0	0.0	0.0	0.0	0.0
0.0	0.0	0.0	0.0	0.0
0.0	0.0	0.0	0.0	0.0
0.0	0.0	0.0	0.0	0.0
0.0	0.0	0.0	0.0	0.0
0.0	0.0	0.0	0.0	0.0
0.0	0.0	0.0	0.0	0.0
0.0	0.0	0.0	0.0	0.0
0.0	0.0	0.0	0.0	0.0
0.0	0.0	0.0	0.0	0.0
0.0	0.0	0.0	0.0	0.0
0.0	0.0	0.0	0.0	0.0
0.0	0.0	0.0	0.0	0.0
0.0	0.0	0.0	0.0	0.0
0.0	0.0	0.0	0.0	0.0
0.0	0.0	0.0	0.0	0.0
0.0	0.0	0.0	0.0	0.0
0.0	0.0	0.0	0.0	0.0
0.0	0.0	0.0	0.0	0.0
0.0	0.0	0.0	0.0	0.0
0.0	0.0	0.0	0.0	0.0
0.0	0.0	0.0	0.0	0.0
0.0	0.0	0.0	0.0	0.0
0.0	0.0	0.0	0.0	0.0
0.0	0.0	0.0	0.0	0.0
0.0	0.0	0.0	0.0	0.0
0.0	0.0	0.0	0.0	0.0
0.0	0.0	0.0	0.0	0.0
0.0	0.0	0.0	0.0	0.0
0.0	0.0	0.0	0.0	0.0
0.0	0.0	0.0	0.0	0.0
0.0	0.0	0.0	0.0	0.0
0.0	0.0	0.0	0.0	0.0
0.0	0.0	0.0	0.0	0.0
0.0	0.0	0.0	0.0	0.0
0.0	0.0	0.0	0.0	0.0
0.0	0.0	0.0	0.0	0.0
0.0	0.0	0.0	0.0	0.0
0.0	0.0	0.0	0.0	0.0
0.0	0.0	0.0	0.0	0.0
0.0	0.0	0.0	0.0	0.0
0.0	0.0	0.0	0.0	0.0
0.0	0.0	0.0	0.0	0.0
0.0	0.0	0.0	0.0	0.0
0.0	0.0	0.0	0.0	0.0
0.0	0.0	0.0	0.0	0.0
0.0	0.0	0.0	0.0	0.0
0.0	0.0	0.0	0.0	0.0
0.0	0.0	0.0	0.0	0.0
0.0	0.0	0.0	0.0	0.0
0.0	0.0	0.0	0.0	0.0
0.0	0.0	0.0	0.0	0.0
0.0	0.0	0.0	0.0	0.0
0.0	0.0	0.0	0.0	0.0
0.0	0.0	0.0	0.0	0.0
0.0	0.0	0.0	0.0	0.0
0.0	0.0	0.0	0.0	0.0
0.0	0.0	0.0	0.0	0.0
0.0	0.0	0.0	0.0	0.0
0.0	0.0	0.0	0.0	0.0
0.0	0.0	0.0	0.0	0.0
0.0	0.0	0.0	0.0	0.0
0.0	0.0	0.0	0.0	0.0
0.0	0.0	0.0	0.0	0.0
0.0	0.0	0.0	0.0	0.0
0.0	0.0	0.0	0.0	0.0
0.0	0.0	0.0	0.0	0.0
0.0	0.0	0.0	0.0	0.0
0.0	0.0	0.0	0.0	0.0
0.0	0.0	0.0	0.0	0.0
0.0	0.0	0.0	0.0	0.0
0.0	0.0	0.0	0.0	0.0
0.0	0.0	0.0	0.0	0.0
0.0	0.0	0.0	0.0	0.0
0.0	0.0	0.0	0.0	0.0
0.0	0.0	0.0	0.0	0.0
0.0	0.0	0.0	0.0	0.0
0.0	0.0	0.0	0.0	0.0
0.0	0.0	0.0	0.0	0.0
0.0	0.0	0.0	0.0	0.0
0.0	0.0	0.0	0.0	0.0
0.0	0.0	0.0	0.0	0.0
0.0	0.0	0.0	0.0	0.0
0.0	0.0	0.0	0.0	0.0
0.0	0.0	0.0	0.0	0.0
0.0	0.0	0.0	0.0	0.0
0.0	0.0	0.0	0.0	0.0
0.0	0.0	0.0	0.0	0.0
0.0	0.0	0.0	0.0	0.0
0.0	0.0	0.0	0.0	0.0
0.0	0.0	0.0	0.0	0.0
0.0	0.0	0.0	0.0	0.0
0.0	0.0	0.0	0.0	0.0
0.0	0.0	0.0	0.0	0.0
0.0	0.0	0.0	0.0	0.0
0.0	0.0	0.0	0.0	0.0
0.0	0.0	0.0	0.0	0.0
0.0	0.0	0.0	0.0	0.0
0.0	0.0	0.0	0.0	0.0
0.0	0.0	0.0	0.0	0.0
0.0	0.0	0.0	0.0	0.0
0.0	0.0	0.0	0.0	0.0
0.0	0.0	0.0	0.0	0.0
0.0	0.0	0.0	0.0	0.0
0.0	0.0	0.0	0.0	0.0
0.0	0.0	0.0	0.0	0.0
0.0	0.0	0.0	0.0	0.0
0.0	0.0	0.0	0.0	0.0
0.0	0.0	0.0	0.0	0.0
0.0	0.0	0.0	0.0	0.0
0.0	0.0	0.0	0.0	0.0
0.0	0.0	0.0	0.0	0.0
0.0	0.0	0.0	0.0	0.0
0.0	0.0	0.0	0.0	0.0
0.0	0.0	0.0	0.0	0.0
0.0	0.0	0.0	0.0	0.0
0.0	0.0	0.0	0.0	0.0
0.0	0.0	0.0	0.0	0.0
0.0	0.0	0.0	0.0	0.0
0.0	0.0	0.0	0.0	0.0
0.0	0.0	0.0	0.0	0.0
0.0	0.0	0.0	0.0	0.0
0.0	0.0	0.0	0.0	0.0
0.0	0.0	0.0	0.0	0.0
0.0	0.0	0.0	0.0	0.0
0.0	0.0	0.0	0.0	0.0
0.0	0.0	0.0	0.0	0.0
0.0	0.0	0.0	0.0	0.0
0.0	0.0	0.0	0.0	0.0
0.0	0.0	0.0	0.0	0.0
0.0	0.0	0.0	0.0	0.0
0.0	0.0	0.0	0.0	0.0
0.0	0.0	0.0	0.0	0.0
0.0	0.0	0.0	0.0	0.0
0.0	0.0	0.0	0.0	0.0
0.0	0.0	0.0	0.0	0.0
0.0	0.0	0.0	0.0	0.0
0.0	0.0	0.0	0.0	0.0
0.0	0.0	0.0	0.0	0.0
0.0	0.0	0.0	0.0	0.0
0.0	0.0	0.0	0.0	0.0
0.0	0.0	0.0	0.0	0.0
0.0	0.0	0.0	0.0	0.0
0.0	0.0	0.0	0.0	0.0
0.0	0.0	0.0	0.0	0.0
0.0	0.0	0.0	0.0	0.0
0.0	0.0	0.0	0.0	0.0
