-0.20557371686467354	-0.10246488698431762	0.12568124038812936	-0.11568904822122157	0.014225631495001369	-0.01917979267404689	0.22985808452892606	-0.20815409327068432	0.05929802756762745	-0.34890464669932514	0.10984171316232372	-0.011729095721221106	0.006362262916009111	-0.14041374685655558	0.048970779836216824	-0.09771291833433031	-0.01964527123554378	0.1146928000654451	-0.08302109287572881	-0.0960767852133788
-0.18777424418286848	-0.17488798920589166	-0.04777894700629297	-0.09270644180445417	0.09814299290259933	-0.26008524991347454	-0.12116322779727053	-0.043669201636102696	0.09032662324041027	-0.0572134255870424	-0.04761604326284226	-0.09448390969484935	0.034284321904134656	-0.0342902749841547	0.1611285688183145	0.005261984305443081	-0.061148082234282204	0.10619708922032137	0.15715674587354647	0.05466119764493335
-0.199140704249675	-0.09682511954617956	0.0485935980087564	-0.16598879675506018	0.06066386298454889	-0.19845972654900892	0.02785530761194105	0.09920179673419471	0.012298374106181703	0.04376663724717719	0.25090333038094237	-0.18434762498033613	0.060231307703695544	0.04265180892414465	0.04773057302313253	0.0804063268480821	0.06048908025424246	-0.03183748491014138	-0.07197215613151373	0.04277573393053346
-0.19105424154861292	-0.05458832368390687	-0.11585622335072585	-0.11079863153913996	-0.33716168027841736	0.07348499353007276	-0.13992382660427755	0.4637272472713203	-0.19388254313497583	0.10206485064649307	0.0975173023402388	-0.13139947678595143	-0.04847856352512177	-0.09147615208995795	-0.10578158694023722	0.023154448377946196	-0.06263076025263845	0.23104692531213566	0.27133214732729133	0.030556867172718497
-0.156007618719888	-0.2277279719769787	-0.06762911417333906	0.04526357224823835	0.1143616733756475	-0.013315464101359913	-0.03261175436549181	-0.04832644479270955	-0.07518771070527072	-0.031175692232341845	-0.06344124252049575	0.17792630204108212	-0.43951334415460325	-0.031384343635435547	0.09956793084370855	0.041261578932447675	-0.21703997115312834	0.16213586193477209	-0.0258382116883428	-0.2706655901187507
-0.20639245090152725	-0.1644516275036323	0.007550733592887604	-0.14393924455674448	0.13604950306972327	-0.16740819322943526	-0.09391137113632814	-0.05598278576079693	0.00791410947704374	0.11433405336817165	-0.05069104029208719	0.029712902323954717	-0.27818022181325186	-0.017022722866966156	-0.04861298294154261	-0.07795126749412365	0.0485739022593412	-0.023161335674908023	-0.17245227771909905	-0.12476702236624046
-0.1756648789093473	0.006383485665713385	0.06387410153976908	0.22894940752616422	-0.10249167167486037	-0.07307229574864699	-0.4427672357841993	-0.2771323328055866	-0.47092969359632453	-0.08468404699965071	0.00037312945357641236	-0.23700680764152074	0.1396543672433578	0.3511834119859429	0.06082726202280078	-0.036953410950999695	0.17438902001122475	0.029016095254606113	0.05802353793260687	-0.020456466167942028
-0.14672256779604756	-0.22994148357380614	-0.03778545340199019	0.30566910758007027	0.15920025171137192	-0.010529292694574359	0.20418823947420045	0.11731743012171506	-0.11630595691036993	0.05974123358966066	-0.25616134078635905	-0.09367715878388315	0.08866693602408504	-0.048542371254740674	0.003926584955101821	0.18890739694741987	0.14003894887996737	-0.05824219619913787	0.19180393269712187	-0.1086716227257996
-0.14344748791512804	-0.22772886655333946	-0.06370813454309336	0.2808938809165963	0.14447643235676455	-0.025118266686120203	0.19944665186092764	0.07564755597339085	-0.02935323706339754	0.11056336200984757	-0.2681643378007608	0.010943450025480438	0.1721666868786329	-0.1257608128504678	0.09782065493288945	0.06363531037535677	-0.026787367073713597	-0.03449724841887444	0.09846353628697439	-0.03030036520358889
-0.18058430291999836	-0.02100080255906872	0.1668130417831211	-0.12158408394228194	-0.026037335053933297	-0.00880917374905378	0.004342947121884211	0.0016023761076497944	0.053751657768303734	0.12279074423762648	0.07570046727621038	0.21177417733959714	-0.1434120160283314	0.21790069130880588	0.02999217041828707	-0.16309511418237424	-0.06444215106267509	0.11355517883027125	0.20533806339621108	0.2388995974295055
-0.18706862822624543	0.024378262969324917	0.09948536022047215	-0.14221475962081928	-0.09773583485310533	0.16735506581063048	-0.009093764831295731	-0.17987426596638778	0.2719784873243113	-0.13853632977805186	-0.11497985883867981	0.18377047221354503	0.19021889002216744	-0.11792905344856813	0.05757135821551129	0.17478880973128516	0.10289625819674972	-0.07189397404393488	0.07923670564811777	-0.033586648366586966
-0.19491611671769052	0.1952988653393672	0.10257385896766917	-0.033083977425483364	-0.1423778275759806	0.14748959682318014	0.24586301641591765	0.24022829188816908	-0.12422896114067664	0.23609069820250367	-0.18830882755232353	-0.09396330050786814	-0.09632450773500084	0.18085342722199563	0.3290869184382267	0.28125760371225134	0.007317900581476529	-0.11756122229911814	-0.3056239813766751	0.09938854878480796
-0.17408058970170348	-0.18238998379105492	-0.12333664447038324	-0.0631642971611097	0.21827543931939922	-0.17641570855770158	0.021774304496174485	0.04442094789996981	0.11902410627722834	-0.02536775283114659	-0.05313265029804081	-0.12101045191584364	0.08166413271132551	0.01874138459945096	0.07833963937481078	-0.06229285182258314	-0.08201510855182546	-0.16769589738209026	0.04968160695560145	0.05830665272490011
-0.15895850782234974	-0.0661227697050024	-0.2612244689253269	-0.1431102422025643	-0.2055202952535649	0.22133540984931188	-0.26489509604783196	-0.12989234571903432	0.09462713358540745	0.07185532231046696	-0.40322787040736463	-0.11126424297688366	-0.06862595114409151	-0.3492586606918403	-0.10872818592832642	-0.04865115304741904	0.15157985356621134	0.22253879065336551	-0.08090563649218495	0.28241113028902365
-0.19031186400312577	-0.017225303177084816	0.15162580391467698	-0.020834705504412708	-0.2702997287066833	0.0993128219361088	-0.06905325251365316	-0.07085442327409286	-0.0035027640740333196	-0.1782487579860172	-0.07661308277730802	0.2242226793610166	0.06877854221425335	-0.00977692555043247	0.33557562708002936	0.10226783927136036	-0.3746895951333212	-0.031850848447386865	0.02264848561689281	0.010134703946566737
-0.13400151988800071	0.15764930097546845	-0.28436131609157567	-0.19168438290056752	0.3733510880312936	0.037641365684623646	0.0354424312664095	-0.13168422066343435	-0.1871473354798613	-0.05367834457303182	-0.08240069219509277	0.36826158877855497	0.030190744694945922	0.23182453434792882	-0.2881598967348112	0.22923200089494664	-0.08457202253049352	0.019147358507200507	0.1574991078743485	0.2845184699637068
-0.09478473805398244	0.16506989580378825	-0.31994001691227564	-0.15695151369362612	0.11347661362715412	0.18890130958583073	0.1597985995771962	-0.08716933319340409	-0.33045305027453853	-0.17988343080311903	0.26930541831189614	-0.17745015188550783	-0.1931322038391176	-0.32963559055902686	0.2800418361083536	-0.11493238012042778	0.06632789246558404	-0.31950453351008307	0.05650797227693885	0.12649983843263995
-0.12344385768952552	0.16723655213549632	-0.3185136358044155	-0.2653058191720662	0.15575510986295435	0.2047870074332429	0.03568480486590369	0.047397141968901546	-0.1504161021524149	0.13200254101462483	0.022688844766595967	0.02865979113961213	0.331981599532863	0.13083481315369228	0.09375774671663575	-0.10181398190749863	-0.04525457533716954	0.2635533451303637	-0.05818857734694716	-0.4465804482403111
-0.20633471702303055	-0.005888677732400728	0.20390999860571601	-0.00863886373616983	0.10200985277633243	-0.05986635607641191	0.2814309861064936	-0.05440633040514873	-0.12598180229085942	0.030530584072264222	-0.023484638867402374	-0.12020679650440991	-0.20018133594207138	0.03051354134991526	-0.15868071349153162	0.048118368324934435	0.0937881756158251	0.2885008732523864	-0.12486800188051725	0.13667205298920976
-0.20830082193764643	0.21885762822683785	0.20449697495212618	0.08789006802113407	0.03914575711924134	0.07616979293607101	0.024802497518416542	-0.10826079049171908	-0.021347392700112794	0.33891381280549093	-0.014129076467654711	0.08184840664279319	0.01915419618221882	-0.14945704911440838	-0.028961767103065153	-0.3727769820443002	0.010207587561732887	-0.028042166528365248	0.13445937920354445	-0.27170841224920206
-0.13167259177962798	0.0805927836618398	-0.4389744058222997	0.17835966728448097	-0.4842649811620397	-0.3986528111369704	0.27937569765541503	-0.34197768973808235	0.05974005855414662	0.2665272639175978	0.1605276532345368	0.12225480737304303	0.039082829918515125	0.024061365191298548	-0.0993624946050447	0.08087127979487935	-0.057625488193433196	-0.03039915774621392	-0.0732508480577797	-0.01709081083065639
-0.1750282607391074	-0.19196966457587872	0.08565505577378452	-0.1034269628169088	-0.12011689673659769	0.07652128056582827	0.07345154390759816	0.12302469134445741	-0.03652682287123668	-0.10664998770183914	0.12597638271001546	0.16812272862105487	0.19602594227504427	0.010610865900597993	-0.05586658953915655	-0.07182703198534895	0.26389246665197846	-0.13363291005128736	-0.22031006599227046	0.00214806798668037
-0.16888048100652456	-0.1669145734602457	0.005668316574373366	-0.10909043957282809	-0.08452171221237657	0.013397798314723368	-0.08925486538865934	0.09783689430190957	-0.02280304131979214	0.012060252635004876	0.17261256009826698	0.10785252106746102	0.0356681677157111	-0.09856346505387706	-0.18406001378735387	0.10282584006927792	0.21494479504433286	-0.2026551310244133	-0.08447452945864897	-0.16509390305772076
-0.21365687578548198	0.15070653291984737	0.1652093476096841	-0.027740384984932583	0.10968316420562617	-0.061131425998696955	0.0006174463350290875	0.13215661304708073	0.11244128498801638	0.23229589559585084	0.16252057908879453	-0.04900001658271663	0.05774397203087911	-0.13634967739893292	-0.1318970673472301	-0.039795100700764974	-0.022842478534500804	0.003225752559089634	0.14502092902211305	0.023834500486410302
-0.2145426878630504	0.20432351643287494	0.0402537290766877	-0.06975035176845473	0.14124414199588076	-0.0652333894164194	-0.3177688612184522	-0.04699906282449845	0.1850800094288046	0.16475872912601616	-0.042988624630195746	-0.002977217358705375	-0.017656125429223894	0.10753179122705955	0.05685803692725028	0.12610562238916628	-0.04409558205134652	-0.3960178605594119	0.003898401841902821	-0.004533228634435116
-0.16459902436892543	0.25958118954445164	0.1855850009893615	0.21584381578107384	-0.07098484871010007	0.09264714123366342	0.06636914259678112	-0.09380511149881239	-0.14893566938091662	-0.16344037765686767	-0.14147763854556503	0.22006520986312375	-0.015470160349613626	-0.10405786759095174	-0.06696656529827502	-0.14945230814697302	0.18879046137904257	-0.0008091877589472343	0.1093466493983877	0.012221230578152442
-0.13853378146043085	0.2728081834344249	-0.2696163499003206	0.24910416058736237	-0.01219732894849977	-0.19563241651607413	-0.06938173928986262	0.37787245226014876	0.24436253113940806	-0.29347859223310907	-0.06014721649463093	0.1765024679937465	-0.28685164279121445	0.14299497603389452	0.15190753316018044	-0.21311081602098264	0.29837529456267947	0.0006305861865842366	0.042887067514631554	-0.018671725288763062
-0.1434684000397401	0.04673328580558928	-0.029502365650358194	-0.12025217627277246	-0.1787188259522373	0.2349826560913459	0.20525695193194798	-0.054093476829245625	0.22035224539596784	-0.15698061573627148	-0.20387038378464	-0.4353736689920383	-0.16896364352553395	0.36139643663693755	-0.3111711482506663	-0.11762867306501495	-0.19710167386094013	-0.2083688478560956	0.12739728091164434	-0.14736577621987082
-0.19966885345982555	0.25595026065039383	0.18043703424942575	0.1703219066686822	0.08541596569360305	-0.07253096022193202	0.01654411945043099	-0.0989787615920306	-0.04546956772399971	-0.021307215371477298	0.10624774046892725	-0.16440236201802078	-0.0076198847404960746	-0.16732747091795747	-0.13326246585588342	0.1172231840467527	-0.08420075165945734	0.0147125957046568	-0.10560745734488561	0.1273129400427338
-0.17323553658850788	0.2777706132586898	-0.08127253336871293	0.18770690183208708	0.12362724572460325	-0.08201241142017676	-0.09010778499071852	0.15726263260894666	0.16636712148187213	-0.30587439409770373	0.045720481277456954	-0.17357741696519186	0.2617311240094402	-0.11651881306296906	-0.0991765463957856	0.1327031966903191	-0.22794536280821484	0.25415233984404434	-0.2583790601531466	-0.03332206779609109
-0.11585746640184204	-0.19747374352349106	-0.0742494376563565	0.262652567725207	-0.0034092973691715986	0.2187925445311648	0.08562799064912117	-0.004689888756645059	0.05679910147155742	-0.07547641213740772	0.20709636056945316	-0.0027323966083116318	0.12466945007326008	0.04158153588292769	-0.11580252206439076	-0.19537821310917022	-0.1770406324832897	-0.08477610089182527	0.16353804647173859	0.17202623774529474
-0.023885284561157787	-0.03033029818008705	-0.025588037479162752	0.04545471009526891	0.011657027833820902	0.059077836206566516	-0.04194689070020361	0.009486478502478326	0.022874332290314575	0.06435061784086299	0.0373969131109836	0.016341383485196103	0.02013270928400099	0.013189871597054653	-0.03959250191278024	-0.14191922254815081	-0.1023600972059343	0.054874937396873935	-0.11864307823464729	-0.007668972845737469
-0.06549710436840019	-0.08890698727215529	0.0026354306892316243	0.02915465904165772	-0.03430778331768181	-0.009890126818823258	-0.16688671570242328	-0.049429653811953314	-0.0850238734830313	-0.10646368020953274	-0.04602553125238109	0.034359241674589	-0.12773126443027855	-0.02999162554642402	-0.17436243295323522	0.1257396308805261	-0.005151671700598159	-0.10229681315674882	-0.21428386427133034	-0.17403034265674638
-0.02627298268210809	-0.05960514118557779	-0.03475974322265067	0.10033220741214646	0.024204720095839297	0.0825343898167286	-0.022762595988442092	0.024181769520091587	-0.033231568888174044	-0.0028976538758873982	-0.047205128382071845	0.018926117623731562	0.008531888665206485	-0.0491861062671087	-0.05128538141014788	0.12362704399487437	-0.03764133181895765	-0.08663698229467662	0.10735278688052788	0.04214418133398379
-0.07782167391736154	-0.0938183047983763	0.037912079169900324	-0.025979351466985497	-0.09172805039431206	-0.03353835690153241	-0.029819419786592933	0.09389050902578035	-0.16843954447864623	-0.12334448421722136	0.05063265307112321	0.11244041905059554	-0.0174175523006439	0.07486820035049782	-0.12092534173198702	0.07201443255642456	-0.11260545659226787	-0.03434797763643247	-0.10504755531145733	0.07133223721207765
-0.02393612868461788	-0.028575445493440127	-0.03013046613823249	0.0867334643614577	0.03328878351939399	0.10606846412575802	-0.04321157597685344	-0.034662055680385474	0.11533451959686113	0.03241490013499771	0.1469004489475371	-0.012237713132052167	-0.056593400518452686	0.05917886417725457	0.041698461572380434	0.19282265312995867	0.105979503347253	0.07907101333193388	0.00036402267939666944	-0.06770505074297015
-0.0440908108119983	-0.09635968142960734	-0.062498632969594334	0.025109920569997567	-0.0201300568337526	0.01752343689007209	-0.03266344303504928	0.02140125668678472	-0.048669470594762655	-0.1156609854050152	-0.01669905762228701	-0.020173948161015427	0.03321174894207287	-0.04117454839411356	-0.21221038383999	-0.02185699498423287	0.07379566782783475	-0.1782214081085558	0.01674821869038283	-0.14373662408324295
-0.021423303315696578	-0.013940131535261028	-0.042963198435200994	-0.011304242245397101	0.03086655856449187	0.03308558500805911	-0.05509003759163189	0.0062927703372129586	0.0524925349401207	0.07309341217801883	0.00498052408012893	-0.019427282408267802	0.03937988012068556	0.015209958658438065	0.023915141651653968	-0.08628017051876219	0.06539612158583116	-0.040490504423204635	-0.0026060346096295813	0.08860631905037883
-0.014121212974830466	-0.03235447317421095	-0.010869970319142866	0.0885058763689296	0.03162632115814416	0.15768083002148678	0.032612092865956246	-0.051460433710951554	0.024112882316941805	0.057750886245866224	0.050892365034702715	0.03259335184998487	-0.05870083616719734	0.12450624271545098	0.12145036787019475	-0.026807716908953498	-0.06237218052653243	0.0744588002453825	-0.05183903498174999	0.007700737849444694
-0.07932734226279194	-0.010649885511943385	0.0395149852465519	0.02704937016506789	-0.07126446537958948	0.060085894758236676	-0.042388992360437375	0.18023365597858113	-0.061120844834229755	-0.06124255010016136	0.05142906499420506	0.2298951910636601	0.002565177123511705	0.014946144847791833	-0.13384194231412566	0.05111895904913044	-0.17509403680437127	-0.053352010473996285	-0.0032333414863339044	-0.09721531603180708
-0.07853590658384252	-0.13488511823561877	-0.0034486731503737132	-0.06738397759824967	-0.036259230208651405	-0.03615684308102101	0.10123503265793818	0.04204976900093564	-0.026245338133969055	-0.07907060777292017	-0.07803713308113862	0.015048027809370517	0.14010295301458103	0.26748896712196846	0.10150342862505106	-0.2124962110200102	0.12849330933577208	-0.010293444348827957	-0.16250847396847984	0.13880524002935107
-0.06460188120183749	-0.05052529396127271	0.0789736744094858	0.011932984085392614	-0.06416731424462768	0.05780367447924733	0.010481869372497937	-0.0056737228094013645	-0.004221144525219467	-0.018587572226101363	0.2020775375809551	0.004742000653477183	-0.10552185723922021	-0.052756107393586785	0.08450433176319178	0.17089209960121132	0.027501380540742457	0.1257276574694146	0.2020471435868632	0.021550351499826842
-0.030249558312528475	-0.05871618929013126	-0.01442265131162141	0.06394096145381695	0.0382372154255052	0.03948957426818146	0.009270087503067995	0.03553620737354501	-0.027614355946374486	0.0682248822760361	-0.058806764342680826	0.1188546401305286	0.06207140916931056	-0.019072810378376954	-0.06307589522813342	-0.08780723850023917	0.0750626826602218	-0.05492328945545645	-0.1511950838445046	-0.07572854348878767
-0.09440373799672783	-0.03439151397424729	0.05346363111601783	-0.09380966713741877	-0.01915278314910241	-0.10126285932027106	-0.14434623310550207	-0.017096411936520697	0.15735175383052052	0.0811194237325297	0.07419890820377394	-0.029110450403745887	0.05496228185108204	-0.04995899089157107	0.05256249788217804	-0.0032518615617296194	0.029092527588696	-0.008056999720146561	0.05798788998536952	0.044527296090091845
-0.023271438354199096	-0.028589600691734666	-0.025584478684287783	0.07359034011076573	0.02590254633543466	0.178581619397403	-0.005727967288987618	-0.05297710943375159	0.12166697054703633	0.016588746170143952	0.16976535889391026	0.017570530050293853	-0.04209226767212698	0.08160480992267341	0.027681929897495253	0.12437105282277781	0.16588657674911586	0.13360304461868291	-0.02690256479464545	-0.04092583084155496
-0.03110342058482179	-0.06866170320450946	-0.05459106280682357	0.15503534007308467	0.038365011304505287	0.12847154751432271	-0.11078993898097371	0.039266295631683816	0.023979397164258686	0.08422668887334347	0.051327128488508116	0.011336463335582074	0.0018780986664776924	-0.03354668005448851	-0.04977348788981591	-0.04957601658935181	-0.11853927966234357	-0.12366942343304094	-0.14550183167663272	0.12140992104131887
-0.07311058669710345	-0.10025873212158014	0.0026613257607939127	-0.03808455245479461	-0.0038875183518435477	-0.08149971847973297	0.06358675738455966	0.028590912072542697	0.023071310310146476	-0.03526750329481344	0.008242381213889713	0.01768243762570068	0.22215738497091736	0.07343932349190459	0.1014953564364193	-0.24466482553089505	-0.02621331762796353	0.06489054987107656	-0.0013293213519300906	0.18921454367666748
-0.04276149454924021	0.028090293044056407	-0.044203561488072945	-0.036829484828000275	-0.02211118494556675	0.10484236121208797	-0.006965037138355202	-0.002161699723000788	0.1311402010897556	0.0749927804668748	-0.10534232573162863	0.038720574130574704	0.12096448306764304	0.023384096158178255	0.04729459220587328	0.014583774037334227	0.08738086340002787	0.037124670153911965	-0.05372149127797657	0.03127956029650754
-0.013240229258819436	-0.010935213007587173	-0.012854901237636333	0.036407323435662775	0.0037067369170217233	0.08665758005056509	-0.005020447962061101	-0.02372139339375777	0.0415830917243525	0.01135343752227544	0.08535161025104376	0.003819165504351218	-0.023918895468915378	0.08706238852581777	0.02719235574852577	0.06063839000055718	0.06538703493281922	0.06532236660665147	0.0021600313939090267	0.04829980564363213
-0.025274235468753525	-0.020973699310411213	-0.030297415225724947	0.018956105597583386	0.007649901634027206	0.07052519396706915	0.014818477236428486	0.007912220028882555	0.08355772166483035	-0.016965473956619445	0.12296586274634276	0.002109343211647317	-0.0670821675326091	0.0739501404745227	-0.03904895388120125	0.011186910622707078	0.012646253335141015	0.012325321752479117	0.13000742316235692	-0.1319525985847011
-0.05507791824133688	-0.03686902952602201	-0.006042460158656207	-0.02089923017471706	0.09271006879050306	0.06823930593943726	0.037604463081542215	-0.1809575183043881	0.12614749596540958	0.015533245866300893	-0.0014379291630532303	-0.07122295127673846	-0.06992829003026789	0.07090045449777262	-0.012008231678484483	-0.04131208396888848	0.21963741688282107	0.15778941133530802	-0.08251095349398692	0.008323718810028545
-0.02123675787049147	-0.028783493066066024	-0.030979752394657306	0.04658612280338416	0.0176814820446941	0.1268442262354267	0.004282329901764372	-0.03712677715292052	0.13088923680664313	-0.030773970258542553	0.1317338112642963	-0.021163648678837316	-0.0343796625482384	0.073741320203347	-0.05336345056732406	0.12958316058121314	0.10660105369430692	0.015545430698463555	0.045153621014576734	-0.06193300600990892
-0.03428019758229132	-0.059721111971988344	-0.06343670760279585	0.12486600046809106	0.045053230589198606	0.10976465672682253	-0.08799344583410203	0.031576520426352846	-0.015139243986738743	0.08792795759267555	0.08239513302693727	0.04442930925523169	-0.0409678601584459	-0.03705723367307346	-0.03146201265228411	-0.15430376055612915	-0.1622687586621389	-0.058820533096406766	-0.23875289692654125	0.05797325922153626
-0.017271927312841745	-0.02266459024303044	-0.00416469889815152	0.06654964294403282	0.007265109480103364	0.14815255164441982	0.006205381599596655	-0.02959411727136282	0.08774259365663882	0.002706005058151452	0.15392055874902758	0.01324047649931844	-0.012147349985717619	0.1005965191215164	0.03083078465144707	0.09437069223182926	0.10947982556137942	0.13894398983740938	-0.03281808551664585	-0.030549339635959037
-0.034244013659015346	-0.06280848463307323	-0.08213825808267003	0.16201520024069038	0.06739332080789501	0.20079875647513437	-0.060121303084972516	-0.037357276636190984	0.11976717803834502	0.12247193390064962	0.13445615027091162	-0.044823911330123485	-0.028167043383566258	0.02906495405437966	0.08119731293775095	0.09248909048453605	0.04736623433732198	-0.034502716735835624	0.032940236074822014	0.048823362253781956
-0.028185725559163974	-0.037970407936405506	-0.015968036864265938	0.08392982632700699	0.01721951139811683	0.10987629551483113	-0.00030670512046868174	-0.004901308167413489	0.050346482956191534	0.023665753468002256	0.1138142057328184	0.014221685342029416	0.04574492597248839	0.04080267508610937	-0.012976335007558102	0.1110460987691167	0.13355855653595175	0.005646839121173915	0.059763670874857365	0.11418167577805999
-0.04239861893319391	-0.07217698146847505	-0.04172129890343414	0.13897564009382865	0.06737071958807736	0.056276722221930926	-0.11374223077318966	-0.03760905433946768	0.003422224778282958	0.05274109641148911	0.05786873748303376	-0.04292753929401714	-0.07176917622758301	0.04851023181282456	0.058377956778033285	-0.13864631635667962	-0.14012225764911473	0.08864848765959754	-0.1256088660233313	0.03374062435828977
-0.02746389741616881	-0.05725931732793272	-0.04879144048830686	0.11795929976058968	0.06522390052149149	0.1767542202761254	-0.04363816742505419	-0.011687587440879749	0.06022727702907156	0.0927247235467897	0.053281950904318524	0.04566258801433807	-0.057950450511056274	-0.0048483776661893616	-0.004863046366596672	-0.10226457416533453	-0.08705012160456833	-0.03161332746239397	-0.2351797088290978	0.14378828296176255
-0.048323802119420854	-0.03683679084198756	-0.06097523058278682	0.05058617170592064	-0.03661321682293936	0.025036926457636666	-0.07733826531674283	-0.15826279062444587	0.06962472353617477	-0.05327800620983229	0.015654428178264675	-0.06408193553793774	0.005056331300329184	0.004614502376351783	0.2716203393758742	0.05282841061549881	-0.04202734456007767	-0.0020602069819716587	0.11312862013253973	-0.1411020659426077
