-0.21584558871098058	-0.052195433771572715	0.19440920390137026	-0.07278623348907462	0.09183984027814804	-0.13850339586648275	0.29229821382724985	-0.053145847541567544	0.15173420273922775	-0.12311298079297249	0.037140187092586194	-0.27057412514142737	0.0539307725844247	-0.05403071352270395	0.09364491125716705	-0.05259431933357887	0.029238980366992594	0.038123852036844985	-0.2491866637673777	-0.07753965714383429	0.07577575068372641	0.025213257584599243
-0.20589659583128095	0.06291101388157169	0.1481264947637813	-0.13378385525132927	0.008314933958928175	0.1162708619477572	8.305333383705569e-5	0.1938477911966994	-0.011480981646074024	-0.023022832071039192	-0.1359638727458042	-0.038240012938464504	-0.24672425844102613	0.05397362779249905	-0.04081256772686047	0.168641057196391	0.0560753862049651	-0.0719149191057536	-0.015717906269224882	0.04598780378742362	-0.01981352605649048	-0.2600740654717334
-0.17511841910476314	0.05399548813224614	-0.04068379805582367	0.05412296588256224	-0.2563509167555206	0.2312364201333781	0.03585337301572511	-0.09156414751816214	0.20311275282369773	0.08334153975417358	-0.03712870826392535	0.04114355376336251	0.3089096511533894	0.07450419812998553	0.15684574389484077	0.12002668690778392	0.15671720953766438	-0.17526184639009246	-0.1844936280224132	-0.1403043138038719	0.10748567087001569	0.27926062922208417
-0.14933139653893399	-0.34554595188527326	-0.06089476150556378	0.33861911457858895	-0.18092418796063087	0.11664937343131815	-0.04381977855694141	-0.08852404649990571	-0.1647203919703556	-0.04017442913886246	0.1480489095515386	0.007294080382524271	-0.4029927124405681	0.06837439057199293	-0.07267377173325094	0.07297992294083427	-0.3948788149379714	0.013413572054681019	-0.26666945192732894	0.15863379923513476	0.16304904825917851	0.17137053081375564
-0.19772129378065287	0.04123309659028096	0.10938089654121097	-0.07891278239054007	0.004401911524275881	0.14710590568913928	0.050176888893583224	0.17779229824071402	0.033890127460511205	0.030797176387007658	-0.2037740133434734	-0.06705249071065861	-0.0927091409826224	0.030004516775496613	-0.09302537157635406	0.13996050992754855	-0.05490569406824439	-0.04836957707749442	-0.08746775841345109	0.22138564474886036	-0.03577148310029128	-0.08117379848732777
-0.15981208587597726	-0.09931910397985294	-0.11198126705827716	-0.048110119240400734	-0.00580605535721293	0.38080077703263343	0.42812651260089163	-0.013797472331224976	0.08356324925014005	0.16579079917583905	0.09789403384479818	0.05348612169575173	0.03665736422306825	0.19392294824180714	-0.07762702099685354	-0.26767118029039183	-0.2236974820606034	-0.027317552068314058	0.2064267022344618	0.0967003624923941	-0.2244787015193389	-0.0039394391461180095
-0.1332287031618119	-0.11914080990281578	-0.11760781168003885	-0.4543551119717062	0.38281214039558054	0.07069924734723548	-0.18182009300881796	-0.34552272911037507	0.16068903014891034	0.07076988708783491	0.48105036197126094	0.14846129439375627	-0.23978765175238645	0.01287181076520539	0.12694629832396193	0.1199342711764324	0.11245478074035734	-0.025484744896483214	-0.031220946599785443	0.05461006025332222	0.028993537330607888	-0.03200947890284765
-0.17152091092193264	0.16744640410408201	0.06628821347052567	-0.006641319243043731	-0.2160498372091218	0.07102119915966365	-0.14225334746091278	-0.13086443769744593	0.08721281101626684	-0.18611700698525827	0.005775099547522561	0.05977909620831601	0.018924424986383186	-0.1308589235016835	-0.007738660215849777	0.029404969133341105	-0.008571188996540104	-0.13269519370247648	0.11954833835205789	-0.04716102514956511	0.04738289335990338	-0.04546585579758452
-0.1820621471293218	0.06744751431010663	0.16725263236397084	-0.12852854162357663	-0.09844539701226221	0.005590749592734978	0.0022510041869739927	-0.10466464083608823	-0.04770234695881126	-0.22332421792777593	-0.17975553473800177	0.06984921518451996	-0.1786989041452216	-0.14461646721181196	0.024525105631603372	0.12965139938325926	-0.009168889062258427	0.010400168335986205	0.04438149207904868	0.1142791395167817	-0.024876260630585526	0.04804274623727075
-0.1859281104884758	0.16161786479532003	0.006375381808437105	0.12764137234999334	-0.022285121961477528	-0.045155685777334975	-0.1609567137927243	-0.03631639268243131	0.09957327944071749	0.016126130514732495	-0.014612201895048117	-0.2882769518409901	-0.08143420292787681	0.16257686027685136	-0.17721810402008242	-0.02755317422357899	0.16794093354315492	-0.10301344164737014	-0.06429856933915046	0.027844547723836474	0.09324898268876622	0.06842842409855951
-0.14884520165520174	0.2140049672478659	-0.076196748097126	-0.005427592191686481	-0.016096799125894568	0.12602627111481823	-0.13321828580330147	0.07350043199246702	0.01524104656335501	-0.08177507669606855	0.0833509033618439	0.21187074223652805	0.07105250832852904	-0.06608217432667193	-0.11966963583058211	-0.03288451231820541	-0.06180468922101843	0.03179266088044871	0.06706878001452794	0.06138177485622614	-0.027981500224611378	0.008497868659974928
-0.19885147729684416	0.05868948801882335	0.15521296256831058	-0.0653954314744554	-0.12229688401565225	0.025054462142376888	-0.18112729401798527	-0.06792175874286319	0.12394691380866485	0.214028798689882	-0.015395871914422404	-0.0192329234945971	0.034589179773129475	-0.0765756856447092	0.10391972330996752	0.01766362143889391	-0.13162400137719243	0.11994727280711438	-0.098511616147274	-0.02005278880913268	-0.18684170292045563	0.15577205721704354
-0.2024703338816162	0.10246010373058952	0.14580892771307452	-0.11984907184842142	-0.06115444642546147	0.0821019230714865	0.017936492511620467	0.11217702133613636	0.0995285722813335	-0.035244615914226424	-0.14853005407760253	0.0885679703145712	-0.2244184806540056	-0.017423781908484245	0.09143517244070702	0.14090005071455577	0.05089140401455665	-0.012813451579319665	0.13536928469518128	-0.16693620177135898	0.06278824912998862	0.013972558132306412
-0.16938614505535465	0.09585832112931232	-0.01017061548123977	0.10865533057710682	-0.10111893932171839	0.049349217539369605	0.059078541761865805	-0.31062253331360645	-0.1678989474837636	-0.05681802442207566	-0.05243556016462338	-0.11880060555691933	-0.1753701252618808	0.26590687963358073	0.1233833196537249	-0.3333314676431334	0.10671477412839764	0.2437324113740715	0.009734450374870154	-0.0927217625429184	0.06903970263142321	-0.19148224669227454
-0.14144199742982203	-0.2849625777384366	-0.14753127014259196	-0.1592091832200187	0.28527326620477783	0.14937420394360362	-0.2156171675610048	-0.17269064264277567	0.0397346260349203	-0.12739214091703205	-0.48734059711477046	-0.07309581393222792	0.33037982641190633	0.25428013153939977	-0.1559411637121853	0.1306797822141179	-0.16667149492561614	0.06908490422493864	-0.06612718091101683	0.08886889159737572	-0.03407916253832517	-0.063542939356886
-0.18710864883318887	-0.14211339618686825	0.005807192978087592	0.3856264834668668	0.10033814839228218	-0.10260533276043816	-0.13265522131215024	0.28110793834657366	0.20323859828670493	-0.022664096968605996	0.17344266117608903	-0.02521858169633856	-0.13308784579588973	0.1865829894529234	0.23445418906442445	0.1548530733606393	0.03498012574087345	-0.1579499990967675	0.10953351875426107	-0.06463261942685461	-0.42549332628027847	-0.17590970788608146
-0.16256810803871743	-0.0493207185129519	-0.0638090135669051	-0.1557100568427587	-0.12194155216029381	0.030294577916798713	-0.1778552538311612	0.335654058248264	-0.45079347714372775	-0.025810006212001357	0.22970617791025905	0.03516895386329596	0.3150891647131733	0.102942640310801	0.20158821155491263	0.04047252838679655	-0.11280330526815745	-0.06496247296011426	-0.23504271810990776	-0.08552687867727894	0.10293142277524045	-0.26831072109184295
-0.1219776736779209	-0.40336169761775015	-0.25027346135939615	0.10318301617466369	0.1193049268242576	0.2761804336186385	-0.2203976113928092	0.133387942769454	-0.06852324096570389	-0.23440047962594213	-0.07790278662481928	-0.14619438272213997	-0.03275384095433714	-0.4325339402959088	0.04819864994855588	-0.2016884250185116	0.24719517664605659	0.05129318294415239	0.13599283512725524	-0.2192381726289722	-0.0396568345983678	0.16691215879534774
-0.1408050086653921	-0.2866453220697263	-0.019708502461608407	0.30133271828398506	-0.11841272870585463	-0.06604251190438047	0.06207422476590934	-0.09375873836514981	0.23798790952262355	0.12967700214347436	-0.018057184230354274	0.3385359859961159	0.17367176612684418	-0.03354618140063759	-0.011241845459991517	0.16840426246835655	0.15404164908579887	-0.01632307508970747	0.2169111680965516	0.1829553302511125	0.43216765738471036	-0.26534872243530055
-0.21557981206145463	-0.015776350438534387	0.11225915556123109	0.12419891393449374	0.2717118150867629	-0.31673783062243616	0.016743790393351988	0.0740641238931829	0.04799451030124262	-0.11762453760510491	0.07510584777036058	-0.0075710599721750815	0.11815271175985093	-0.0008153045812402948	-0.0008751043377115963	-0.25980536425954787	-0.022773672685407184	0.17410309677691452	0.06847419815642206	-0.03484402356850422	0.18721640116109978	-0.1658748474417442
-0.14098791780063938	-0.13627528150255513	-0.5536226370287917	-0.3611741662904306	-0.4288855940533551	-0.42154261809987603	0.0639379342535764	0.1660365679689177	0.23244196469189413	-0.017059140537890302	-0.07424884553825406	-0.02040123183696925	-0.11386653587015855	0.02901422389767591	-0.06174257655739712	-0.11700119831041203	0.031489357038367055	0.07522840917149111	-0.027583267016778268	0.05585081223339185	-0.05915009587448622	-0.04281714588222493
-0.08899585282191481	0.16386155453622617	-0.2674168114521773	0.08837059934887811	0.13521792782148592	-0.02140901312016404	0.12530309758163818	-0.006903637053070631	-0.10905685784705567	0.023398846133498637	0.02464497904671642	0.01959603469292131	-0.07166577807623203	0.008768100714965532	-0.005448877969565738	0.17498627466989614	0.006392753538469825	-0.018094186039327914	-0.02795825893779999	-0.1953103738997773	0.12866412244920894	0.0655778243625247
-0.12131179499493265	0.20303577450564889	-0.1887165373447719	0.110463747589312	0.06495542975587382	0.034599891569544274	-0.0965239526075517	-0.12164383529062753	-0.0213076437247901	0.041241022605011446	0.01125032118458269	-0.1305074322849289	-0.02919933499180831	0.10434313426044534	-0.07129557210299882	-0.06455819595780135	0.20664770628667878	-0.15320327438444792	-0.15395601358690464	0.08738896281708773	0.037335654179316	0.05690960817143942
-0.1721450961984159	-0.04440481815659101	0.12536240703095905	-0.04964455751689207	0.02179872298442913	0.031365863967709094	0.36341073884840774	-0.01897794140945834	0.08123301481116708	-0.37143716942333027	0.12228891146550275	0.08226383212479826	0.15466427191657553	-0.278731829052214	0.06793590118515655	-0.040196422315878	-0.06389575021112356	-0.022758610346274855	-0.20722767854849522	0.05463116799110504	-0.0738916599751969	-0.07983098328063395
-0.19342307267385747	-0.20496230706938637	0.1692917210981329	-0.06569295577463967	0.015493180268328705	-0.02264865919802257	0.14343749803512665	-0.07813294418366108	-0.09041533669748762	0.33201026009929446	0.030224864843451882	-0.2456806104857187	0.05562761994717502	-0.007744139467026956	-0.15110143375927204	0.08457124672501651	0.144410661771915	0.04414514538675594	0.06783204733287666	-0.11578313315176748	-0.05873622305450271	-0.1592538112564559
-0.1965691363220697	0.04444465386700522	0.12007775683635324	0.050660375290465805	-0.178122135452141	-0.03931804982515484	-0.24827412566789486	-0.10699965821541518	0.01678028846409687	0.19535916833610129	-0.018933406348346365	0.05815054212095243	-0.0018291989626924021	-0.182118850601086	-0.016973105796068755	-0.1855274994054794	-0.09665897066042714	0.31761276356806634	0.010371966060423031	-0.026356213429978514	-0.0388118852414565	-0.009659439507668899
-0.18336140414898233	0.12549434565229622	-0.02749968171890626	-0.05300321268624248	0.1929492722025556	-0.033537261197211815	-0.04895814877128493	0.2559950015708883	-0.008982149615648366	0.35673034645601787	-0.09761650396760117	0.1043493124819895	0.020472596368756923	-0.10819643513732286	0.25325104400656856	-0.1069433456176998	-0.11239889572790812	-0.009360698487939578	0.04292315154281713	0.19914975789210038	0.11152148206220588	0.1343411161364777
-0.19843019385118452	0.08379385055416029	0.03222262350254877	0.06130607858900115	0.20955111407975718	-0.10154727654186818	0.021714498111622522	0.20871379838454024	0.20090992413357012	-0.0560909440697891	0.08447344737202116	-0.10194282107739935	0.11207240513670487	0.08729267948163903	-0.07140662875104459	-0.12850120533936887	-0.09069402040723296	0.007128979333207585	0.1022734487200852	0.03314528989958779	0.07588804890501588	0.4007134212660528
-0.18097436757815144	-0.19698606473644834	0.16180304314164481	-0.16700618871520867	-0.08512269622632652	-0.013804499540204535	0.14166196318680654	0.13881895181358134	-0.40639487126060153	0.14775407007684963	0.03160276706762493	0.03868168284546562	-0.07060041358263598	-0.0024878374382126395	-0.19267137924287558	-0.09316244293342135	0.27739488335559404	-0.15865435371185974	0.10988328417289336	0.007357627721242932	0.06372169276248313	0.23546979607224122
-0.2056490878177278	-0.08307348182783454	0.04972005382169505	0.07762770839974177	0.08507095580704535	-0.46504610719105577	0.00664143486869745	-0.3095963245388214	-0.2860206273781353	-0.03142690663061378	-0.1635205475467414	0.32218225207881707	0.06865390213512286	0.07588805799346598	0.008808891926862572	0.028969305408175605	-0.024955363638763495	-0.2211136297348274	-0.006751740002332335	-0.06686858690198624	-0.2980269392802169	0.1928245800238979
-0.10461883486866198	0.13421055572052407	-0.11928602886163624	-0.003410253224319185	-0.00839206336932792	-0.047700313113843894	-0.10129556622347004	-0.11885209724505608	-0.012590489249264439	-0.0040350398409513075	-0.04068444628982086	-0.25131497873225944	0.008083982751022456	-0.21347036305659153	-0.06677477397425746	-0.0516603952335927	-0.3377932849145279	-0.4251490879623371	0.17305814055594881	-0.10514175158424743	0.01654114753293684	-0.22518396087418302
-0.034744163687223634	0.08324546299416247	-0.07478665149088258	0.0474616311429525	0.006417956518170649	0.0047788663043988894	0.03152733310704787	0.0031172942135670846	-0.11615346331736652	-0.034587921335425195	0.027646432471888343	-0.03954652244949453	0.030354156244675193	-0.029524337568426668	-0.10073872429839846	0.07219262608076658	0.1886544964811813	0.12790087454340274	0.14080216463492745	0.2958985198817561	-0.06323862694939952	-0.044408432969916534
-0.059100771452799586	0.08034276951218898	-0.035540537874400945	-0.023543396856413473	-0.014400415456580481	0.07989730418708695	-0.06533524467773472	0.01532907935526915	-0.10875065663170384	-0.07549207686518776	0.14426172472270188	0.120444539304563	0.1638789105747572	0.15867858702036844	-0.0067049447123452115	-0.0004688854832563122	0.04613821281808239	0.13708013538019753	-0.02276525030845203	0.10824325012632677	-0.07242718653734309	0.0175352793649601
-0.0788674938804177	0.12443676726139913	-0.04747306441928425	0.01897086655425222	0.10693527435639985	0.006115739257196683	-0.028856512215625824	0.04364128944000917	-0.08026995704401756	0.005242257036227713	-0.10311165655943741	0.228983937512058	-0.09822314261646169	-0.16442827725644713	-0.12091546813562996	-0.009634406171231315	0.05564616375883309	0.049374086780895235	0.0338895148935418	-0.004635785009501181	-0.008888249312824295	-0.0691612053265743
-0.04246165352186491	0.07912089205824809	-0.10633799005354042	0.03371579554142978	-0.008592821306605844	0.03049731194975226	0.09422004835228077	-0.09496665853450226	-0.142299320831855	0.003584073492853057	-0.03281575843648056	-0.10092955507906157	0.040498038552560595	-0.1633397993819899	0.24147888865569525	0.10448783925863207	0.001643716109654695	0.02042585458177569	0.23680154477541795	0.2616946851376205	-0.05420202096180784	0.002220590989637755
-0.034170167948747186	0.028908580849321047	-0.021512083339517027	0.011611683414665218	-0.06400800011322652	0.009305293388329233	0.04125165057683176	0.020094729408538542	0.019294944701905303	-0.16689342339175897	0.05780204927231558	0.06158457753624272	-0.013875775079306605	0.11097178396442392	0.03820042811114063	0.0507424142121575	-0.07432264612329598	0.022520434823064317	0.0680873447610251	-0.085361450029448	-0.08688683296616537	0.05331321725847096
-0.05355908510702224	0.10559077311313075	-0.12829433068522092	0.07295881579323883	0.10927441608106857	0.009962061770002901	0.06558023526994908	0.04219661576695802	-0.0026783335188429232	0.053339640964823506	0.040500670340487155	-0.007281811740505833	-0.052699427388091274	0.00725672312060521	-0.23699141280268737	0.015210801988310754	0.08850109431063391	-0.13566397957047188	-0.08657763111039093	-0.03757326810273158	0.12386373216308051	-0.07223708811487056
-0.023873292239614045	0.03231951858447867	-0.07752130753227733	0.016318673123252084	0.031455086779611716	-0.01889455449042934	0.0690412885457061	0.02852019954394669	-0.019149103218025567	0.029112842587792072	-0.014608994985074505	-0.005416104600812064	0.01713633673607594	0.0109321328391371	0.05509793134102767	0.12445372436897552	-0.09060234469338965	0.08929132512140053	-0.026138108581041243	-0.13083620663588297	0.015666240325695774	0.032298793692083716
-0.0646017976667452	0.04955972307984986	0.049890422220521626	-0.03881763672046241	-0.03517378050566707	-0.0027182680225767038	-0.14154382196167045	0.0999448549996051	-0.002526738984949033	-0.10885554879474788	0.06253113628331017	0.007583336477353264	0.00284207190589828	0.14912153010073992	-0.014950827926650747	0.031100987593399486	0.034409532192854295	0.04566129590966331	0.06701044146486174	-0.022794483978874285	0.09453784907913257	0.04845686036928583
-0.049361421869094334	0.07763909421988954	-0.01091156349494594	0.008641459685417513	0.0015557225000075372	0.08972015846036474	-0.013763115898147077	-0.031574125222768604	-0.04469500021035946	-0.004590533200939567	-0.09131457065377156	0.022100669290066655	-0.06390219120968693	0.12297717100123544	0.15010614275017375	-0.1892213512181335	0.027033618901764492	0.15512004110750033	0.09645678619712139	-0.1536133388757326	-0.0020744282383159535	-0.17168102296832924
-0.04074052296075664	0.05191353139257488	-0.11015423506451842	0.040621747913828506	0.030364780381006574	-0.008611139860856192	0.05807511859863482	-0.09605155564803493	-0.15513990088900348	0.013404615621159008	-0.022600919949521025	-0.13641758876555765	-0.009839684179125147	-0.11368049329343614	0.2495575550183811	0.11144315245490119	-0.009786740636954935	0.0941406157187481	0.07524216926316382	0.13055202270545985	0.01554671067159118	-0.015387547509062457
-0.06373489881490461	0.10780881831801892	-0.039539533691975076	0.07275979586786879	0.05333134085458393	0.04660614377830285	-0.045337445246354614	0.009383887939174199	0.004028974994326151	0.024692374867291172	-0.06881275828522893	0.22643436014051893	0.0010483494722571083	-0.11417815389045725	-0.09139192502073964	-0.14450166742640322	0.03368031252546902	0.046614942896431005	-0.1684609862247966	-0.028478591691254287	-0.1281354202026836	-0.05301683869466704
-0.03743567568929062	0.06424102217431006	-0.13858650526941796	0.0007122113987730545	-0.005310475001971841	0.028211546843189918	0.14394142414965758	-0.09341452583472484	-0.05885461720447895	-0.04702119040293586	0.01721255329646139	-0.0678732577529902	0.038361645874907785	0.053696527388053125	0.12300212295095334	0.061719416240729734	-0.07285210214151552	-0.11785301113458391	0.22482584045256515	-0.150851158133896	0.10050014468654811	-0.04091699615112051
-0.03979541752582129	0.0474893727920178	-0.10582001225993143	0.02360378636328309	0.055576648203291064	-0.012253939197458095	0.08643994530605772	0.012738379183491336	-0.03108362019840163	0.024331085809039487	-0.08335725566658843	0.03890929771645118	-0.08382867787258913	0.053415457206048414	0.059417538971356716	0.06891115033365434	-0.03267826394699479	0.0053402719946617355	-0.10237215613287544	-0.28297600004397205	-0.03359496112226516	-0.01805004896647594
-0.04761336271847749	0.005217418083044069	0.02039391266414592	0.017506469366647154	-0.12058827124372756	0.05408470704131514	0.039493018348264596	-0.07718700687480777	0.0251976579650436	-0.034049516643515125	0.05938616340576887	-0.002251936089586904	0.09313173862843231	-0.09105291954145732	0.007904063904240387	0.16144846676897467	0.17128303628936759	0.06948528024405151	-0.17421579688006653	-0.1605396175475976	-0.0010575859470418128	-0.10055336506756436
-0.056529741339343784	0.08144654144160006	-0.02445876717075418	0.04017652374638773	-0.07490823212558435	0.0024202387574900463	-0.047618502466463555	-0.06508448021379075	-0.0748626486753251	-0.1916927354319257	0.07919244857755066	-0.06508588792363473	0.05405522897995144	0.1129080094729884	0.025311391485774135	0.01944883862572424	0.20554010383842147	-0.012486403344530099	0.06886388221296955	0.2291783146917781	-0.16154525959960434	0.0006742981738393217
-0.04537472178076054	0.08280969395635242	-0.06966912287815796	0.046060981023808185	-0.06377056076466274	0.0898076465548116	0.055367437264785546	-0.031394311911565324	-0.022026770869742838	-0.15795970327601358	0.09896711077231374	0.01019072546260581	0.07952957855108475	0.009462313358792834	-0.03067246828555028	-0.0730966500834583	-0.017124251445803144	-0.02983794833890025	0.02591961305374904	0.15873480364700976	-0.13458792371163958	0.012281510208358
-0.06456180811336423	0.09013255646963225	-0.12335574547948697	0.09130811284081213	0.10337099006490205	-0.0075149746400751585	0.07874972326872515	0.07495578637674494	-0.045796093746883586	0.07191280350222859	-0.03466765392164961	-0.03951635198637528	0.04180836859520145	-0.049780464701968806	-0.0163729228290118	0.1215636300786356	-0.02029223646576514	0.2767527030314893	-0.18073904470752494	0.04602665678906253	-0.05193993401994346	-0.04407947907190527
-0.05275514934199981	0.074455360886611	-0.14588908627074199	0.0437503789348162	0.055660646454742335	-0.06691927135857127	0.06858101198072405	-0.037398515369903886	-0.09527850890940233	0.0529364789541238	-0.06701106673856916	-0.18077902120545122	-0.02026866742830187	-0.0643673409710154	0.2801820786421112	0.1810350059656537	-0.011545004524146606	0.115704738156964	-0.044883734371394174	0.13242879013949882	0.1581451362849824	0.14928855037843364
-0.032736843807407316	0.0446901481911484	-0.038261574769124146	-0.03654351098308073	0.014689453401404658	0.007360439174157702	0.056542322515870845	-0.035214490787745856	-0.09500373401952882	0.011923962390659756	0.01405278177050076	0.040720080430391804	0.05964507465226915	-0.020605430289114872	0.05261470720213225	-0.1331863868549536	-0.10128633864505017	-0.2402087098380922	0.08827440601358069	0.01873308413118969	0.135570964643157	0.02142175160011492
-0.05270353497863979	0.08511463094582102	-0.1338853131331809	0.0636891190237353	0.05917680125521251	0.04766940165194256	0.1482473163017339	0.000270339743117169	-0.022621795564621898	0.07252648787165628	-0.004040701947740851	0.0821240848140601	-0.0074153813517772406	-0.07305023345759826	-0.19751136249361592	0.19751755635888762	-0.09147961234777145	0.2108705015097826	0.0417157357366198	-0.1777189702951652	-0.11336601001576523	-0.043422397351059544
-0.07875310149351303	0.030527214062529763	-0.016940430411403425	0.05974695331128155	-0.12947129190132686	-0.032937691180573554	-0.09703856063527122	-0.14608131387677833	0.011333186810388312	0.23960671334723377	0.2565291420986327	-0.18289418721123737	0.20855571427024436	-0.22377781635983923	-0.17981474856417984	0.07181758085146198	-0.07702325755415061	0.03767235979714145	0.019155550320134072	-0.014904635648188405	-0.19156365215068105	-0.03483047021088975
-0.0827020572019085	0.03865400967375731	0.077622712857744	-0.08783956487892294	-0.03086772442476769	-0.05008478271092027	-0.08511350220243886	0.02598535434899238	-0.08507341180661597	-0.17032021549754672	0.1951874094126103	-0.10550070775427299	0.08973049954127428	0.10615674643472726	-0.2740237812342376	0.2149856433850537	-0.17422174715943337	0.2039944939897821	0.32997266410695486	-0.14298984974991752	0.15963900860973262	0.11103178988658714
-0.044007000802654066	0.09058192163236493	-0.11696918040256356	0.06326599960714555	0.10551603392112527	0.018629638985578432	0.09044017304414058	0.031729613050053854	-0.037712137318947035	-0.01391910220200791	0.05594467983535593	0.13594097954534753	-0.06823933059789677	-0.13037038972411044	-0.2449714058045424	0.03675105898783802	-0.012963093611624812	-0.0009147394565019035	-0.14834923978430897	-0.0692666494805024	0.03772851021138908	-0.014221652361902912
-0.043027267568400016	0.012314667320580383	-0.05802509285764982	0.02741085066531256	-0.039455318137999094	0.13663097077610603	0.01263677737347519	-0.0003901203599889947	-0.012480195448912238	0.09334279077736304	-0.024745337205231997	0.12182064192010846	0.07484538967121995	0.14064633353262998	0.0922101334304265	0.003024818158379125	0.17158733919625974	-0.0024465571710135803	0.07636150379616057	-0.18674929317473235	-0.08373949470485605	0.08029586507305045
-0.030815590991932307	0.046342370251917085	-0.09026377833025061	0.026134481281848723	0.01766928291066508	-0.021577431345578123	0.12473108794827273	-0.00410884695170911	-0.0038677992788462732	0.02604586178099443	-0.0512641601652263	0.04720905432012176	-0.025551837160389026	-0.006196801295395957	0.006340342698856832	0.16709789254140528	0.017906366630656548	0.1082259255371654	0.13238200554697063	-0.13283602106335624	-0.07256994653139465	0.10299685876199449
-0.05955803283490979	0.12046886928405609	-0.10128106537388083	0.09342294291987996	0.07071008583663875	0.024283443989968588	0.014483500682450811	0.013937190550263585	-0.0145885268177436	-0.0061926982328294146	0.015937831821920562	0.008045876791587988	0.03845634883825779	-0.04095859101162211	-0.14248343387072285	-0.08872200289542252	0.1543006410589262	-0.09850119408047793	-0.15014008889566158	0.14239499372529157	-0.037710543019042086	-0.08561294391683472
-0.06343686216153702	0.08716192454367659	-0.021896795338979293	-0.0333753136709055	-0.0025785355610865217	0.08536958325279928	-0.052380304891174456	-0.05039302759855979	0.047558231445042655	-0.01103106647287106	-0.012350084008184012	0.16415632714978665	-0.0442268312798461	0.06691149253542766	0.056720046960869276	-0.18823451868350988	-0.12071959973455491	-0.013097738739310326	-0.024971993747484062	-0.08979107372464293	0.18721594887209425	0.012265286696078223
-0.031979189005313234	0.02750774292712838	-0.015545125818222436	0.007955028707113756	-0.05536469154734818	-0.02261523986167063	0.029094841050665718	0.05384792068441355	0.011572655882124834	-0.17054342088264293	0.09722333385841347	0.02886141695390845	-0.00321543707423375	0.09356620060855717	-0.025836002571125005	0.0917447530616624	0.033800223033730425	0.1480010759366792	0.046212504042691054	0.06861961465942154	0.01066076729195857	0.14972618933276294
