-0.1897370225452924
-0.17457244926334403
-0.15595186358076377
-0.20115252966998587
-0.16297336416649058
-0.1577730014324311
-0.1839502261452338
-0.15987447348547276
-0.13492017638928447
-0.17773934158190824
-0.1772494157293856
-0.204991233655302
-0.17197282835171954
-0.15382830377670498
-0.18390563486904968
-0.16901480516343076
-0.1935117817424427
-0.18604080621753438
-0.15247604564803513
-0.19259575072766555
-0.18417032194693292
-0.10828326770172841
-0.1328540782285701
-0.16963660909062522
-0.16088794777710838
-0.19519925218965545
-0.17090502991938059
-0.1678766764939712
-0.18491336475942982
-0.18240555853158794
-0.1520205003943
-0.05115561379215426
-0.04530985768625748
-0.07389164589462108
-0.06058087127896293
-0.04713973158840621
-0.05917499638205735
-0.026570016835654044
-0.02861648549905251
-0.02593469494447652
-0.055761128135642345
-0.07169753722793257
-0.0498022563718876
-0.03644124994729563
-0.07163569110213595
-0.07361908117136341
-0.05151672079910504
-0.0394189698724877
-0.06495949424437682
-0.05880236787140162
-0.0684255471153442
-0.07773850906465023
-0.025253081605410895
-0.05005964729036228
-0.049143449390058935
-0.057353865055340306
-0.04957391787658496
-0.05388172550641652
-0.03817453577953723
