3.234527146165235e-16
-1.4415523903328152e-17
3.53090541282101e-17
4.3685733695215495e-18
3.1677527337429183e-17
-1.5896319099214283e-17
-2.1500255945930557e-18
-1.5733570236109945e-17
9.827545991310369e-18
-1.9232375721116764e-17
-1.191143738870596e-17
1.450953229612711e-17
-5.975354619519704e-18
8.580400890924887e-18
-2.4108910581508833e-17
2.5226408072060806e-18
-4.716123644593701e-19
-5.884274679822563e-18
-1.2858257852003367e-17
-8.683395402956086e-18
1.6289125758249224e-18
-1.2165515350743583e-17
-5.885338740500781e-18
7.686330112748556e-18
-5.753868764191934e-20
-1.467940594453455e-18
-4.615898033774427e-18
4.013505595197476e-18
7.272278005422941e-19
1.9123898313731963e-18
4.392671003636777e-19
-2.149582536068144e-18
2.671054337597765e-19
3.667696607599091e-19
-2.882140465120598e-18
-1.6571896004273135e-18
-4.582022178986495e-19
-1.419453990899965e-19
-3.03117675829929e-19
-2.925451302505644e-18
-4.491296320355564e-19
-2.0353639734635914e-18
1.4712408972171132e-18
9.040809573801192e-20
-1.6273268677375742e-19
4.667839559484362e-19
1.4992690184046844e-19
2.7330510890246443e-19
-1.330110986294039e-19
-1.6830375629263099e-18
-4.2416541171965304e-20
2.0567391899142382e-19
2.4230808170294246e-19
-2.82833668135423e-19
1.5910187520538432e-18
3.658450349118309e-21
2.0408758486114e-19
-1.1497008476414328e-19
0.0
0.0
0.0
0.0
0.0
0.0
0.0
0.0
0.0
0.0
0.0
0.0
0.0
0.0
0.0
0.0
0.0
0.0
0.0
0.0
0.0
0.0
0.0
0.0
0.0
0.0
0.0
0.0
0.0
0.0
0.0
0.0
0.0
0.0
0.0
0.0
0.0
0.0
0.0
0.0
0.0
0.0
0.0
0.0
0.0
0.0
0.0
0.0
0.0
0.0
0.0
0.0
0.0
0.0
0.0
0.0
0.0
0.0
0.0
0.0
0.0
0.0
0.0
0.0
0.0
0.0
0.0
0.0
0.0
0.0
0.0
0.0
0.0
0.0
0.0
0.0
0.0
0.0
0.0
0.0
0.0
0.0
0.0
0.0
0.0
0.0
0.0
0.0
0.0
0.0
0.0
-0.0003447166081138689
-0.0006894332162277378
-0.0006894332162277378
-0.0006894332162277378
-0.0006894332162277378
0.0
0.0
0.0
0.0
0.0
0.0
0.0
0.0
0.0
0.0
0.0
0.0
0.0
0.0
0.0
0.0
0.0
0.0
0.0
0.0
0.0
0.0
-0.0006894332162277378
0.0
0.0
0.0
0.0
0.0
-0.0006894332162277378
-0.0006894332162277378
-0.0006894332162277378
-0.0006894332162277378
-0.0003447166081138689
-0.0006894332162277378
-0.004451022150898837
-0.005022016640137669
-0.005022016640137669
-0.005022016640137669
0.0
0.0
0.0
0.0
0.0
0.0
0.0
0.0
0.0
0.0
-0.005355303555852739
-0.009860245283819609
-0.011966003701184117
-0.011979483680976014
-0.0022152101490592294
0.0
0.0
0.0
-0.0006894332162277378
0.0
-0.0060913051124920495
-0.008938594676636056
-0.013960611316773732
-0.01395607088445507
-0.005022016640137669
-0.005022016640137669
-0.005022016640137669
-0.005022016640137669
-0.005022016640137669
0.0
0.0
0.0
0.0
0.0
0.0
0.0
0.0
-0.0037862334322676505
-0.01780701569682213
-0.029327262831540055
-0.03369198845869634
-0.033469009746751543
-0.02958640882988773
-0.014611350386308414
-0.004979845740858186
-0.0003447166081138689
-0.0006894332162277378
-0.005045084977867644
-0.017079659246945083
-0.018353005758824138
-0.03282072663859113
-0.032923331363412016
-0.02787257077718607
-0.004979845740858186
-0.0003447166081138689
-0.003761588934671099
-0.005022016640137669
-0.0023091429573503203
0.0
0.0
0.0
0.0
0.0
0.0
-0.00377633478336153
-0.017313455967985093
-0.037664544917774975
-0.04376525943071538
-0.07167320817070907
-0.0653198461330364
-0.07243619737129393
-0.054877621735640494
-0.02974479560669167
-0.011875400510379256
-0.008820611132668113
-0.038169760556160025
-0.04794004564337568
-0.061561737869387956
-0.07202840181917518
-0.07160058088821178
-0.06021535918843818
-0.05959020193809166
-0.03126419449497369
-0.01838346488273692
-0.005022016640137669
-0.005022016640137669
0.0
0.0
0.0
0.0
0.0
0.0
-0.0112639669621875
-0.03540591586923369
-0.05609947660163342
-0.082811368260211
-0.08331609303276677
-0.07378731590269597
-0.06897498801559011
-0.07658591831292343
-0.05217879718604604
-0.044790234620892384
-0.057966144611482
-0.06128768570805556
-0.08881880342760637
-0.09956668490644266
-0.09450489553157335
-0.09499176003082861
-0.08342073436539617
-0.07404557700654026
-0.06185360729814745
-0.026494202538889663
-0.02522244472611873
-0.010042815895900814
0.0
0.0
0.0
0.0
0.0
-0.004979845740858186
-0.02610615511994719
-0.05767914285448688
-0.08404478097626826
-0.08019369239767066
-0.06827558378293105
-0.06339242784771279
-0.07808820563088485
-0.0730835527537565
-0.0904747755528921
-0.0902197232412244
-0.09874759242038093
-0.1159515026251999
-0.09140830982053602
-0.09261521174611682
-0.0813643088913716
-0.07837034897052524
-0.0741092606708426
-0.0732160744751804
-0.05307710988179442
-0.03293673522377531
-0.02522782870220496
-0.013254706532815162
-0.002387340829928136
0.0
0.0
0.0
0.0
-0.005751668493962199
-0.04686754601562338
-0.08266758734617913
-0.06936939963484581
-0.05674415993009813
-0.05998630965971866
-0.0608850931639554
-0.0699031126138996
-0.09988393042392867
-0.1109469602977317
-0.12854103414611168
-0.1170674998360956
-0.09978520546096707
-0.08387975615418733
-0.0473935492183652
-0.040922631234231226
-0.030106510282722244
-0.05660793717230085
-0.07113169201009559
-0.059960732344963394
-0.034727473203321244
-0.025186875187300003
-0.020148737231931748
-0.00502079925576315
0.0
0.0
0.0
0.0
-0.022307642745682515
-0.059555705921178204
-0.07200130896786483
-0.07058213927599225
-0.0686011129603546
-0.054958380915244194
-0.03728025499805466
-0.05528431686847186
-0.09744238741983174
-0.1285858114216706
-0.14049199809133428
-0.12097198343813803
-0.0891066783609801
-0.05558078019323367
-0.016731289334586247
-0.011521335904387196
-0.025891424747576854
-0.04667763096130067
-0.0667262891996842
-0.06416661102280906
-0.03979557961059609
-0.02637297303457348
-0.017573722821244833
-0.00502079925576315
0.0
0.0
0.0
-0.004614265400740685
-0.03547519227183179
-0.06101194078816302
-0.05599552334248143
-0.06680943238409473
-0.07574311012244755
-0.05845932980934678
-0.0546161890971917
-0.05926458425358858
-0.10223650835202723
-0.14664348773798633
-0.14395984981960547
-0.11542824686646784
-0.08091199704470096
-0.05555784077396949
-0.018215436010884066
-0.01109137598990914
-0.03305621363185737
-0.061894225243236685
-0.06837226619444568
-0.06686399828343159
-0.04493471413273586
-0.025186875187300003
-0.015126720591794072
-0.00502079925576315
0.0
0.0
-0.00502079925576315
-0.00963506465650383
-0.03292171508946815
-0.05137136908708813
-0.05624999775134122
-0.055915154698812454
-0.06571165728520527
-0.05801188596768497
-0.07528605253671025
-0.10657835035414097
-0.1251839150402838
-0.09015940686965336
-0.10272483273084926
-0.0939773395600857
-0.10081850502504484
-0.08292464494639966
-0.061966581559029774
-0.029711255861324393
-0.052793136766833594
-0.07456567352108692
-0.07008202380521604
-0.05866788482334181
-0.042920772716258986
-0.022183679314639534
-0.01281054031274587
-0.00502079925576315
0.0
0.0
-0.00502079925576315
-0.01579917159246218
-0.02512858297278994
-0.03870571065770716
-0.06860613129638894
-0.06267651793079791
-0.05978729196598618
-0.07292814286253146
-0.0949266116619976
-0.09793444681611
-0.07716590613587473
-0.03587104104144086
-0.03564524559857994
-0.0713851671271506
-0.082881057923345
-0.1108389664555334
-0.10193390089387742
-0.07303786935546011
-0.07777099891894669
-0.0841344285283018
-0.05975934650207016
-0.04622463679926966
-0.04569789227701569
-0.02512858297278994
-0.00502079925576315
0.0
0.0
0.0
0.0
-0.020148737231931748
-0.02512858297278994
-0.02663985220208705
-0.05494148619723305
-0.07566576900447014
-0.08786578412523684
-0.08151116659936755
-0.07146247384747761
-0.06089805095900883
-0.03368732231456819
-0.012649917388230212
-0.02148805582117116
-0.0307786266672939
-0.052955203869736706
-0.08109886406821556
-0.08894291894109407
-0.10418515823912312
-0.09555482475282061
-0.08937381307801394
-0.07514655240560858
-0.05318130020992653
-0.0388561788223258
-0.02010656633265227
-0.00502079925576315
0.0
0.0
0.0
0.0
-0.006717969189134472
-0.021374886685636994
-0.023088909890716727
-0.03795991352839283
-0.05993675553308663
-0.05691089071344118
-0.0520783020783035
-0.038698248275754896
-0.02375391122817479
-0.008536973211689227
-0.004392394442050407
-0.004392394442050407
-0.005028025465468971
-0.019334917828104425
-0.046202858981107174
-0.06708609993719467
-0.07990387688968331
-0.07707276495640665
-0.07341759906806664
-0.049497187602082944
-0.03574227843325036
-0.01776310562831788
-0.010000644996621332
0.0
0.0
0.0
0.0
0.0
-0.005022016640137669
-0.005022016640137669
-0.001626126541137469
-0.01498366549077596
-0.016445651985787093
-0.012705107156739313
-0.008938594676636056
-0.006503550656582064
-0.00546078701039292
0.0
0.0
0.0
0.0
-0.005028025465468971
-0.014310342440468294
-0.02339579418167994
-0.03873633447204397
-0.03256787234390571
-0.023908461967012608
-0.01927722072593341
-0.0062419235516140694
-0.002465511863350484
0.0
0.0
0.0
0.0
0.0
0.0
-0.005022016640137669
-0.005022016640137669
-0.005022016640137669
-0.005022016640137669
-0.0055530105047269605
-0.004307353435556864
-0.004307353435556864
-0.001068392568342513
0.0
0.0
0.0
0.0
0.0
0.0
0.0
-0.004070871300249175
-0.0018647164198303716
-0.009297111580704195
-0.006886141812461816
-0.004665870339625002
0.0
0.0
0.0
0.0
0.0
0.0
0.0
0.0
0.0
-0.005022016640137669
-0.005022016640137669
0.0
0.0
0.0
0.0
0.0
0.0
0.0
0.0
0.0
0.0
0.0
0.0
0.0
0.0
0.0
0.0
0.0
0.0
0.0
0.0
0.0
0.0
0.0
0.0
0.0
0.0
0.0
0.0
0.0
0.0
0.0
0.0
0.0
0.0
0.0
0.0
0.0
0.0
0.0
0.0
0.0
0.0
0.0
0.0
0.0
0.0
0.0
0.0
0.0
0.0
0.0
0.0
0.0
0.0
0.0
0.0
0.0
0.0
0.0
0.0
0.0
0.0
0.0
0.0
0.0
0.0
0.0
0.0
0.0
0.0
0.0
0.0
0.0
0.0
0.0
0.0
0.0
0.0
0.0
0.0
0.0
0.0
0.0
0.0
0.0
0.0
0.0
0.0
0.0
0.0
0.0
0.0
0.0
0.0
0.0
0.0
0.0
0.0
0.0
0.0
0.0
0.0
0.0
0.0
0.0
0.0
0.0
0.0
0.0
0.0
0.0
0.0
0.0
0.0
0.0
0.0
0.0
0.0
0.0
0.0
0.0
0.0
0.0
0.0
0.0
0.0
0.0
0.0
0.0
0.0
0.0
0.0
0.0
0.0
0.0
0.0
0.0
0.0
0.0
0.0
0.0
0.0
0.0
0.0
0.0
0.0
0.0
0.0
0.0
0.0
0.0
0.0
0.0
0.0
0.0
0.0
0.0
0.0
0.0
0.0
0.0
0.0
0.0
0.0
0.0
0.0
0.0
0.0
0.0
0.0
0.0
0.0
0.0
0.0
0.0
0.0
0.0
0.0
0.0
0.0
0.0
0.0
0.0
0.0
0.0
0.0
0.0
0.0
0.0
0.0
0.0
