-0.1931879933303724	-0.12837939432243084	0.022111929996502803	-0.12447409484868079	0.135047786354691	-0.18586843003196227	0.032695841336124146	-0.13091694756322853	0.012026074155582206	-0.08977867558192724	0.22397343656475446	-0.2405684144573093	0.0009470200710130524	-0.0070100484851712865	0.10788081667431232	-0.04011663414249497	-0.02779515496189552	0.16309832317009654	-0.0016538449196895587	-0.13324604388220296	0.036558249231038925	0.032570598249919154	0.18619778130778328	-0.07969909896805767	-0.06171069036802087
-0.18683881168227956	-0.17415595725804234	-0.11365587605692828	-0.11863161432790241	-0.06200446789233434	-0.013701782237512013	0.09091174058098113	-0.16953137580357316	-0.1592542777577768	0.09172476386872926	0.1510032670140531	-0.1016816304778234	0.10127101109191844	0.16703501409562896	0.04242406627588303	0.11517385379351623	-0.04030014691477386	-0.12860750751157768	-0.060872065174308605	-0.1419409760645874	-0.10516997011314203	0.1608904361632212	-0.052010467949694626	-0.06023738697395786	-0.06125307666297066
-0.2123253468110768	-0.05442955903886515	0.14911434587754266	0.24417341594609698	0.02219549856273767	0.01851959731140601	0.08362787332588345	-0.054060209860004954	-0.25241854965343063	-0.1290693691328736	-0.043866605331338404	0.13556391368365825	-0.069000018480238	-0.06004006438909026	-0.12471541576479492	0.013648830499602346	0.02857252124956643	0.04930050364084964	0.20172111844185334	-0.17057463186267796	-0.047753465283228685	-0.006809444978128637	0.12910290611832675	0.20276307772694818	-0.1379238960581015
-0.16697949644201482	-0.03672203051757794	0.17483854323675183	-0.44728570506325444	0.10750415318094039	-0.04734959342509046	-0.5185107350821274	0.011888612183071995	-0.16722449656780666	0.33078088153892976	-0.1804414489664503	-0.004346883242027921	-0.08923798932359213	0.08865023993797029	-0.3388906461288069	-0.21326456823849269	0.0346749482209804	0.05917034189168899	0.03927540741765992	-0.0017149742192317657	0.011605334199767597	-0.054669332142198934	0.04005788651594018	0.013772118704339333	-0.11926387655986875
-0.19491593519177014	-0.13045038758051958	-0.0554889147033282	-0.04110692702181162	-0.12579343616180233	-0.03172052398206138	0.02921550980417613	-0.29503720929385774	-0.19835890000874523	-0.07681908698652494	0.12923788698236816	0.05263136497998849	0.05351242915997133	0.01848754511054898	-0.040832214476955384	0.07717800998746097	-0.05081030981554621	0.04947680954412803	0.020091032267113056	-0.15245702442869394	-0.08681852579977795	0.1781708776488849	0.0009583758340434567	-0.026062885494180607	-0.05449323074400456
-0.18476235791577428	0.1134081762099618	0.1074572280413637	-0.12113196309191054	-0.20313535215757608	0.026318881879236977	0.10500448346122754	0.2586024932883522	0.09274034705582576	-0.24870397800151106	0.16234276755894783	-0.09444275517868575	-0.1256754248592813	0.061113590156349575	-0.01820253206108563	-0.12531573392567286	0.1440921479414347	0.018442473189836245	-0.14198756468751872	-0.022380029404975132	0.10712131882094142	0.009699965606862947	-0.11107301428356403	-0.07889589171048925	-0.05401374530475239
-0.21642635131552063	-0.10468361410228894	0.2643156503486269	0.025425937109992747	0.1729128563160887	-0.03441927621969143	0.11883770294594441	0.04469508718908591	-0.15542312699035532	0.15436075098177338	0.05346192713547554	-0.022598179643216088	-0.3069019667843328	-0.08230127224127497	0.11778697397298601	-0.29144910030702037	-0.2689602605582313	-0.1840677975135906	-0.08003926815238638	-0.11910646925921178	-0.15327659947899308	-0.07026370620288327	-0.1863237196293489	-0.031671527556915026	0.3671452056811786
-0.12032768897119048	-0.12394867883101142	-0.23468910200221438	-0.038683269052962654	0.2054593472603666	-0.13430415090314674	0.08747360857341219	-0.06026744846138887	0.17338735640690947	0.01331091669131277	-0.2735609834231703	-0.018986377937159293	-0.036159324516979396	0.020591894533081207	0.1540324461677407	-0.03509751489312371	0.1733445463970242	-0.41211353797272154	0.11958522868397929	-0.1450845551666036	-0.03374241416415491	-0.05905494007832712	0.04302317765953842	-0.21300727394574065	0.04651224576552038
-0.115423032821401	-0.13556412099596246	-0.3282360559260123	-0.0909133100470304	-0.09323176340270978	0.05296800034922028	0.0647626285046781	0.2331581229322913	-0.09129864164927955	0.07045541769608493	-0.11049291096972155	0.08126956729832996	0.10277332293189559	0.13425303555822923	0.11409920518645852	-0.09693227058347338	-0.177527524437191	-0.24011029736320294	-0.18126968239858876	-0.043027551877483056	0.03577497894455236	0.033000452786245846	-0.040500654002214975	0.2211454140251398	-0.0010547299246943392
-0.19028447792832814	-0.019643290006808	-0.02674559080145078	-0.11882208772243794	-0.21184426179836552	-0.18449777453558336	-0.11369222838446172	-0.017514456529148736	0.1708654103700754	-0.025043388763454237	0.2590326196558691	0.09512396616462412	0.05353412457356829	0.08569619258029851	0.06418323702773382	0.017672495507582035	0.021615987025552633	-0.16413621295344846	-0.03264315650003945	0.12602459805347488	0.07809879010287826	0.03683798216734476	-0.11775425119297214	0.116442911239444	-0.1955233033799555
-0.17675490667977628	0.1938775114969182	0.1205747858777883	-0.026149636900609924	-0.08828419887495087	0.2923836090063147	0.15657183018608797	0.009040720333152369	0.1657035744218125	-0.058773102823501344	-0.16526651091202468	-0.19933140961217136	-0.1528730955271203	-0.06331575934045496	-0.22308527062576727	0.001958808708123469	-0.03303116365250649	-0.15259908224259455	0.10473981819078787	-0.18351060704118333	0.25679136146666903	-0.08712056637474935	-0.19182634308144095	0.06278587657589818	-0.10128179701634644
-0.18964554251933344	0.05726070473009371	0.03461042866216099	0.24237159979594453	-0.07387189365440222	-0.2549152006238599	-0.012036513797401067	-0.05623014175555646	-0.08683291349899325	-0.03328128620642612	-0.2711360828484883	-0.07837352133844999	-0.003344191217262554	-0.24871899006728226	-0.01284208090922534	-0.02648873795277068	0.17463389090046444	0.1284096140254874	-0.10516789034995835	-0.20596217051221927	0.1866024225114283	0.21380884024683167	0.056526057017867753	-0.1342297709933577	-0.01512321863448051
-0.16281497115474322	-0.09284881517974805	0.08960001831750583	-0.09812044175131629	0.26596736072283034	-0.0804374866850128	-0.02041118911070089	-0.044342759487599345	0.28475973135804317	-0.2519931053832091	0.03753236143110045	0.20749480010883464	0.11231331248882231	0.041894696317929116	-0.1994013944084498	0.14735710977863334	0.17443565898628788	-0.07168893442885113	-0.033962630540272015	0.03238462172718323	0.0813605131441563	0.01981134295019038	0.00022435002229417855	-0.13807754254378707	0.0395669960893737
-0.16357942615252025	0.013377878716384796	-0.0208723094739526	-0.23830104030723856	-0.151644682537107	0.3822425626423118	-0.13410088493940642	0.10370221210358066	-0.17125445652178484	-0.20863730529831895	0.12864210520594782	0.010215300507242245	0.04551001203912054	-0.07692445413375278	0.06287229783395787	-0.03103457653199554	0.11856246688481428	0.0756766396131564	-0.004096195005764795	-0.10202284602363156	-0.03734320440356666	0.03161928488511398	0.2191712275693485	-0.2574808967360657	0.376963106694269
-0.20170977075181795	-0.1002107462607067	0.03987737905281335	0.31237386581193943	-0.0203310690229956	0.2191232386269508	0.025422445944289274	-0.056300408973029306	-0.01258107052408669	0.18528986975180306	-0.019614419466752173	-0.035236196454797364	0.2529290457725455	0.17130896517967428	-0.011803063718540403	-0.052269431640552505	0.09605698484341327	0.16455830295814466	-0.245484932347334	-0.07200027783129584	-0.041235613308484936	-0.08053204039710858	-0.1895073259156404	-0.08107176849266948	0.12708295401858238
-0.16521033044372488	0.12344183163230778	-0.062045644063784024	0.46980462931919353	0.1372748588459496	-0.16750583288683202	-0.24493009751859432	0.07441313150084984	-0.0008831501165452171	0.09015780184300992	0.41777422625941607	0.10310214298114856	-0.08632880385479705	0.1290452574248811	-0.2231313499514127	-0.11400023970552903	0.06070318514447365	-0.21423149090641022	-0.034760720852683294	0.024887656720201934	0.08187177804657758	-0.12087611229929149	0.07826395669799285	0.04029905093027743	0.07261913718661572
-0.11967793657971333	0.3994957795794841	-0.17038289462300696	-0.14797625710726053	0.13402975182234314	-0.09862957488122158	0.1969639474845163	-0.08763165533266014	0.03402630962782455	0.13820252901437702	-0.03808911412342503	0.18765561740968695	-0.017685052930891	-0.16632027067034794	0.06925479421850686	0.013733317388770518	-0.1160515133257287	0.06997310318692435	0.027436141196801177	-0.02302740119452662	-0.09428876662504232	0.09082878702727953	0.1883219886335586	-0.07619677569208069	-0.006220861995707233
-0.08631281452389854	0.3945527194642891	-0.23014722213378683	-0.03996583591789736	0.16589970438171753	0.02293508061850023	0.035227874259653874	0.12743887262816408	0.04157627699691879	0.26274693515926417	0.24060363282651495	0.04859446224753766	0.13488717802071634	-0.06273662437699776	-0.23152918794576477	0.16048606662652973	-0.14303116960238862	0.08786878284671373	0.03903242139894448	-0.038260501986474516	-0.11468435273109504	0.10185458943045483	-0.16656841885169188	-0.2902525451434954	-0.015864264883706763
-0.11525427125264591	0.3744315755799685	-0.11044522268357582	-0.1745302689329404	0.2689709456048478	0.10439438523169318	0.23806586376763675	-0.2098549489271638	-0.2821165810864049	-0.08132792734335009	0.0320583334783293	0.15820286779535703	0.05524900839229629	0.08525352753624066	0.1881879271197736	-0.2142010448002275	0.2064373920473681	0.07793136000710246	-0.08609307336082006	0.07224895810756768	0.19713245182517766	-0.22412581722650782	-0.14203831901411618	0.26755504500606175	-0.050566064309074385
-0.17855558305390562	-0.14262050833854084	-0.19244033687506276	0.16140344664650064	0.05196154228361891	0.33763265270745507	-0.1434261308704951	0.04992130272235465	0.16279722671669988	0.27245718608825936	0.14248604331567635	-0.05850877361658707	-0.1225148898052991	-0.14476500649534163	0.26179556855263586	-0.02272202758580874	0.04892450149572136	0.13084529647920326	0.399857868530831	0.1376646886701453	0.31326526096881624	0.12141959886286016	0.053501380464385656	0.09321733703805024	0.024052971446060598
-0.1718121226928386	-0.10026579327886144	0.21851392058891106	0.10021930803421572	0.15522754156894078	0.21975155555009585	-0.019087820077518573	0.28915592938608176	-0.0829906629044597	0.05665848349815325	-0.13187692070215584	0.14520902818230239	0.3793489096028241	-0.1074331746889916	0.09251347270941196	0.1729123158252766	-0.11662773944534081	0.008793914750678977	-0.2575797817550964	0.0872237506644093	-0.013846350178263744	-0.08166098056223127	-0.056027694714093745	-0.11324140931650889	-0.18858317505620736
-0.17467996276698622	-0.1320151632816191	0.08561909643998473	0.009690232480135098	0.13738795978656124	-0.02108941376930001	0.25009831363379337	0.05677448536372341	-0.05811224266086525	-0.0913360769709479	-0.0020477314953466774	-0.046346159318570807	0.03297811599946379	0.14093667303202773	-0.23969482433204892	0.0563476509823555	-0.030297528854525108	0.1592130226388919	0.10837723206400994	0.35741495147989577	-0.16019361862203157	0.0975883382836997	0.03965251427211461	0.15130940706900012	-0.032346765699809626
-0.17507451198977095	0.009963710883019748	-0.032202470641500794	0.0676740383052241	-0.2723665479658566	0.04662429215714902	0.07720188415706818	-0.237218672969245	-0.1312843677377522	0.04178925735521254	-0.20175114206804143	0.2613774781717937	-0.029836469590991652	0.0005679180972488485	-0.1332114143377348	0.11036866204827045	-0.10623386306384164	-0.10362620962496884	0.15441405605929173	0.2905445158339127	0.08173373848207023	-0.0017869146361958813	0.08691070865757966	-0.03988294950909785	0.19720665539253254
-0.1945535597332343	0.11970957482611069	0.08289437871105204	-0.050728756440602006	-0.285708109190656	0.011119409310287244	0.14869747856299087	0.26677068883200594	0.00040162658216918523	-0.14390293318557368	0.08685552109694504	0.057597264386133995	-0.14097956939489198	0.056638600111220405	-0.06813725631932896	0.013536239807553363	-0.09170039497042279	-0.1132045595764598	0.04737295685235633	-0.0025231044576846384	-0.061918027220881716	0.09586684269465183	0.08279503270337539	0.021690263938832055	-0.12740401676463248
-0.1913249751864729	0.0629097289520171	0.0663819581377837	0.12000664129688501	-0.053580319722224656	0.17273280121087006	0.11289683386168109	-0.33770938028310127	0.27711665651709216	0.15160424951364984	-0.13883252225609927	-0.19059241493728551	-0.008337924369472859	0.25631728746091753	-0.029633853249187877	-0.11406613485567607	-9.992996784710315e-5	0.06312714227210148	-0.013770324206412082	0.021367307371813582	-0.14785278184747597	-0.0702197290583437	0.03713772881322244	-0.09193102180465983	-0.18274084422911885
-0.20004961937017457	0.16234682432095038	0.018808256650586837	0.08034104873706058	-0.2537597794757479	-0.2801866689960672	-0.10597725544473673	0.13545964950531578	-0.01298794805017732	0.07731018436926891	-0.1671883159815391	0.19460172276733273	0.026397920481657566	-0.11942306528546093	0.14556806752252005	-0.012005349816151714	0.12382633211335983	0.1283312323911009	0.10960273858146677	-0.026510525926072226	-0.10649718204207967	-0.23498460560664244	0.0668024681048231	0.05086988543411802	0.051964171355854655
-0.18200165484458897	-0.09334188232057988	0.195641746025992	-0.0693132610433223	0.23491698795951024	-0.0761604238340221	0.06087654341610178	0.04891374952430444	0.03272337500303514	-0.032039658549884095	0.1993807510547428	-0.03587943798377258	0.0012080338269140345	-0.114568706792198	0.23216229776878755	0.0942595860469439	0.05259814727320522	-0.06888871471570301	0.0837533375971047	0.07565949920982072	0.03817154459413219	0.06487526936452938	0.07157428039777558	0.022345855430893298	0.045249407914805057
-0.19488119926057604	0.027907589019749674	0.005954677135014953	-0.14225965876492	-0.14907220696823917	-0.26391294687985395	0.03585971165090446	0.2122428733069576	0.14047349625132172	0.16402503566480658	-0.0936202847654307	-0.22480254798646487	0.15701686064175782	0.18982170792432346	0.2090699575705286	0.10017420092990229	0.1296561945497001	0.18476805180547495	0.09847888081609961	0.08118455274760641	-0.04513765155581628	-0.16663642943456	-0.09808779504082682	0.12742137175623577	0.2001983928916053
-0.1958216505231026	0.07247025678916273	0.13468206093193769	-0.05494907746426618	-0.004285550634843762	0.03801910756643157	-0.2313508708653694	-0.29870122390718185	0.3223384247961277	-0.06414711253164693	-0.02930928840310233	0.04492731695633457	-0.03212317406069587	-0.3594650646286164	0.09715638107925526	0.1589752168335786	-0.12929102559144667	-0.020234388559259416	-0.2715637742163989	0.17132738253189259	-0.1842872623581216	0.07849145672288885	-0.12363574904280118	0.2938295695355545	0.10575889815345346
-0.10926110594102378	0.34488177712579987	-0.09865591216567814	0.1710760641856794	0.1487115378835903	0.019779784698512343	-0.36458234116643407	0.026092373795267753	-0.2427657006956971	-0.3193174026629715	-0.1816238999008118	-0.43878424627871543	0.033323407964583995	0.20221779553119848	0.15753087841722213	0.13873589327570154	-0.09072458648964132	-0.17108007705223333	0.01701921101162572	0.1833695571919382	-0.10447757476375985	0.1307171579473768	0.06930468953826219	0.025143253261833254	0.02838753232428204
-0.11252575065876844	-0.08961223319098237	-0.3064324182353964	0.005412006992186271	-0.03376776189602388	0.04390404076766802	-0.167759902467262	-0.064457624922767	0.18232483429502558	-0.2670999058684967	-0.05991343705007632	0.13098143119762462	-0.12291516506083716	-0.009805268595873273	0.0034502860146810622	-0.24513136681098635	-0.30170513881391847	0.12756330580505643	-0.08681916477655281	0.02146439423990039	-0.13034027805466092	-0.22250434874568345	0.007521619669236777	-0.13687576628082151	-0.03766934226160075
-0.027253376203918628	-0.021318305991086677	-0.0669412173073497	-0.04118283279520891	0.00771311317570295	0.10637834024440591	-0.0034147243647845273	0.060933521889172136	-0.044849876434200735	-0.0019756710643837024	-0.07171502247757604	0.08084884162946596	-0.04905546811724715	-0.056474284740713476	-0.05969845165876575	0.05797248654348652	0.23824427154126876	-0.07957066144109014	0.02832658326022595	0.1552347727868998	-0.05980819785876242	0.16057474072556172	-0.12141391478102026	-0.049674410917042	0.18359962314497064
-0.0581889184855825	0.031302430503525276	-0.13008229678963243	-0.05442108061606336	-0.01928741742159083	0.2083179083742718	0.024481892872199373	0.08056203154168975	0.2135475870968392	0.08157285823723832	0.01942117974133889	-0.08659769438914515	0.11886018412746133	-0.08043583968922306	-0.10194681529872357	-0.06057920922123394	0.09421160009767537	-0.01872598845921679	0.03171348084103619	-0.21175668232697625	-0.22678928014764563	-0.020683030850883855	0.25951986113943437	0.16153787238794604	-0.006246538375549379
-0.05498487178710493	-0.07883930690762371	-0.11671224625514419	-0.005377682734402983	-0.008823143641370516	-0.04875000691458047	0.032389270352808176	0.04053522199966383	-0.0729985662153385	0.022661980851984547	0.047549275562328644	-0.10053466477192269	0.031672367016828906	-0.22565539084385372	-0.10452619558571685	-0.13434906356440227	0.12881567094932617	0.055293753981967834	0.027706316894841432	0.03293961269070539	-0.12929991382846956	0.06859533147681937	-0.020703602934683346	0.04216845487535156	-0.13024331455109825
-0.06703364503127691	0.018008143176443402	0.10346481877933468	0.0897081537613891	0.11973896485395637	-0.05633854754358527	0.05526480747153962	0.19890042170241837	0.18289770402655844	-0.1161870201055378	-0.17466817337635768	0.17409328028352702	0.016767875402652774	0.1541558041117618	0.006340830446904015	-0.2359569463169829	-0.027720845445869044	0.1450392080532271	0.04167451878952472	0.07021264055597921	0.08341305418404477	0.09538654723810829	0.13783737334127658	-0.13015699302544273	-0.05446950687645993
-0.048819368311387945	-0.03326822985665601	-0.02538487193343042	-0.03714423625098379	0.13978270511818358	-0.036612173509514775	-0.1295382607439131	-0.002147325318305053	0.0570004811054549	-0.13190098488937643	-0.10541666782882754	0.09058181600802964	0.10206000212101121	0.2237440823408625	0.0042151452659623286	0.027446781656233453	-0.07529195200913083	0.23197149881182155	0.28069755565213783	-0.2571381447534638	0.026964752036076872	0.1733491100238812	-0.30738490401940566	0.11939195704892769	0.09169515471371864
-0.05606530346907093	-0.01830786142377543	-0.029221347132434305	0.02046857506801049	0.01760597884571792	-0.10912492911712464	0.12056456613086315	-0.006200985629502803	-0.023920951056012687	0.08975353958056119	-0.0702797039645902	-0.1669638323424364	-0.01570061072994327	-0.022124769450075608	0.024171366304123094	-0.13793493041992175	-0.013897826398010713	0.10713617435216283	-0.18150537221183133	0.0774089106060766	0.07390466032943871	0.10880682908010325	0.10440582692339057	-0.17478590135480365	-0.0030068953954894007
-0.03217258039784516	-0.07172966907559952	-0.09899930100322189	0.025950602588140803	0.033442517915854654	-0.022164659522441704	0.029028791096361906	0.0015710626550138969	-0.047902761036928296	0.04242409927977451	-0.034749295225665014	-0.03454457847361271	0.043654527485689924	0.00829325252498136	-0.0386820111518287	0.004806663526719402	-0.01141214302699216	-0.020500750933492396	-0.04162002696151379	-0.04722354830207662	-0.03814874085929157	-0.022432450548577842	0.1864719741922489	0.007120535757363239	-0.10649915075955846
-0.028392718282757773	-0.026381319339379004	-0.05443042038042187	-0.02016021700102058	0.03883963854491066	0.11953942009087896	-0.02758370821536285	0.03854728540633112	-0.07715482516879751	0.1440682278561429	-0.09274248248716119	0.14015760846461786	-0.47096065344546895	0.19734426508589598	0.05334850441714203	0.2863493009094656	0.2696322301036154	0.09534208352478507	-0.19801948029659297	0.036886745976363204	-0.09873947544572977	0.18887466635473865	-0.04303653457322365	-0.0336357492853816	-0.11048704456677032
-0.028659012993223296	-0.00014674415112312015	-0.03490539777471854	-0.023319804241120907	0.02266601027966154	0.039347450238732824	-0.06283996454077391	0.031439275371017546	0.02237864871071119	0.11847525279424101	-0.03053268757450126	0.08311251522386004	-0.01182671688841103	0.055971138794777615	0.018208050179641232	0.029383026657695845	0.11255984537658305	-0.1171515239675609	-0.3166677618462033	-0.1562313770134745	0.19363516383801943	0.13711636886383813	0.26130905296131435	0.2976680602915309	-0.07042877599108271
-0.09163809212892943	-0.03796954967570914	0.0024131868479867493	-0.07214239784791794	-0.04251272182518337	-0.0856807437541019	0.16334294579575176	0.008300369870346049	0.0010153847326781174	0.13010084475449965	-0.05614529229049715	-0.09903751148424068	-0.05419426642540971	0.06889763197008991	-0.112793886962136	0.0766263386897749	-0.2325639833723906	-0.04040424149279212	0.01538187046718209	0.20893019446625508	0.16378270469959597	0.11022340067228098	0.1470098059925113	0.009191244835580897	0.11437021978434339
-0.06698886998768268	-0.09643833517061791	-0.12847436312966765	-0.08138122603974084	0.055382797990323786	-0.021378533112880974	0.05177021458978587	-0.020279164634147164	-0.03385883580232788	-0.04181998747906098	0.012533734720113024	-0.11610984238728349	0.05659870287844609	-0.005756109449888153	-0.20446960853080148	0.11250080252802773	0.04545362195445206	-0.0007809631564278394	0.03489692887672115	0.11679531941927068	0.17033454090269906	-0.14545474526398547	0.001448840809613437	0.00969091853571899	0.09105039810388832
-0.05033772965686336	-0.08114398745480382	-0.13145578167481914	0.03160253467850311	0.008357654042143618	-0.000955936595678592	0.020571243139165765	0.08819977149929491	-0.04867966814109022	-0.043862327294438175	0.004840671658478069	-0.003091034895735604	0.015602594712251372	-0.13535442330865463	0.02005525285457714	-0.2027690265723278	0.14125407888704203	-0.05375422465726348	0.09000575444396124	0.07519502433083287	-0.29216344117158405	0.11262770094797037	-0.2008553105045353	0.10742565201359522	-0.2129768855799427
-0.034587107536809616	-0.05688102444674122	-0.08184367791576311	0.013270197100525617	0.11248469658619817	-0.025116427154505298	0.05381053135714764	0.07675744047234323	0.02109140299321222	-0.010833918527673111	-0.044678400493014005	-0.01624397624427332	-0.09544236518292025	-0.017738879031400784	-0.04889251026957344	0.24661927589146787	-0.12706499701343957	0.06083036379392289	-0.0916387107304324	-0.20906725978574092	0.1310361535325054	-0.1755506857960353	0.10049092579180306	0.15722493340617621	0.06321069961878385
-0.051619404240486236	-0.09185168998971507	-0.14253656792093952	-0.018962757046406698	0.09294219081816568	0.00044981021805967923	0.06321869541149228	0.09486670894199561	-0.0064106238110181206	-0.05655581370649599	-0.05657284188272204	-0.07401224810969449	0.01983872144917239	-0.15715285086481398	-0.2284986005844221	0.07506055607766535	0.16450697931557937	-0.056380849751902176	-0.020307108402926155	0.07200932114235219	-0.12661118898698548	-0.15712683125276666	-0.017337695541087134	0.08693934974482001	0.1559017242368183
-0.030390166365042017	-0.06088218236286698	-0.03814859548307124	0.011891496129126426	0.14498051937729137	0.10046142213004958	-0.016638079191395875	0.07940703584868049	0.08185201123749776	-0.08325667662306087	-0.12775289901811854	0.24220676077968042	0.02286835200238406	0.1606110570937803	0.060479414451749876	-0.10524898857843105	-0.012481213872430272	-0.12457428276223248	0.1461479572305819	-0.008821638549531205	-0.11526176211222502	0.19058437747060478	0.06960568560725384	0.01896875954684034	0.006241312039148406
-0.04759988606344376	-0.088370716741791	-0.1629585931158952	0.013794342749076751	0.05408610323339465	-0.05846654380069532	0.06389961072368568	0.07302802027400818	-0.02410576380836824	0.029918461600596566	-0.09420135672637962	-0.14848502298275362	-0.041963792729085396	-0.14346105052988692	-0.10674285619642392	0.02047183883002797	0.08316868708845307	-0.11117148991182288	-0.09607157022465791	0.16683898424827512	-0.00379509900452335	-0.14317687810291013	0.02257422665803372	-0.07159009535772265	-0.07677061042621139
-0.0376172984400236	-0.06785582508287605	-0.09971489582522802	-0.037189292334290004	0.07977204920013227	-0.039102593383270566	-0.03383434938817023	-0.026259123072930473	-0.00023746503343174152	-0.16559348540956914	-0.03176140864734082	0.02542268234905444	-0.016978168448179613	0.04225911252562728	-0.14197415285289744	0.04326452423492054	-0.08254003978263744	0.03979979343679616	-0.024936711473276894	-0.12598537384982464	0.070017213041684	-0.11898301291984159	-0.08163219800864255	0.05220468876393168	0.05488687138653637
-0.07451400276214058	-0.023016384781175025	0.15683285747773346	-0.07317558616083521	0.049590658837475494	0.10152111251276223	-0.05735674796266072	0.004043183455957778	-0.1411161399217147	0.019218432508342008	-0.014746916824179005	-0.01884118407273961	0.031644246933570215	-0.15054640639280906	0.15039044473576385	0.1425333037155708	-0.11197425985475926	-0.19520586939103596	0.22573021790809994	0.014845435396842889	0.04690031067851218	-0.2855777967000699	0.0014233427543566875	-0.19431803839155518	-0.3824348694290976
-0.04311471159609505	-0.08828548681892119	-0.08090789803560311	0.0007416837639161463	0.10648516953133264	-0.0012772349711361302	0.019938893369175197	0.14563278141103259	-0.03165515478581844	-0.02747247988402815	0.020581516534744906	0.007373572292052313	-0.0984458938700927	-0.023612055603499747	0.08243878538488866	0.10054486035272132	-0.20472554297488332	0.2571928710716215	0.004013220526728284	-0.02096045779976585	-0.12254878040397044	-0.05022658321495485	0.15042783098871912	0.14733299478178488	-0.14589310660934063
-0.056889895902079185	-0.07418605260440649	-0.11866190931868499	0.03773343961678977	0.023853374311297963	-0.05014715707714029	-0.008353531033222637	0.032803158522415624	-0.05931039711774317	-0.056751045907831775	-0.04510147444886354	-0.06595117277296306	-0.06818897263631254	-0.24420877537345773	-0.055178003824294074	0.023673757564165482	0.125191469372623	0.04271361353778205	0.04670728990603526	-0.07624087908477295	0.012245786053672263	0.0922617786699812	-0.3146140327149872	0.014479677812924162	-0.077602422091093
-0.03445056573719988	0.11025817662050699	-0.03344870372817959	0.03591231102117083	-0.010290529439142838	0.09198094703190525	-0.03588884770185651	0.06648637995244314	0.11357486980852943	-0.03830261595588919	-0.01868969926604806	-0.15977067945532042	-0.060460572164203155	-0.034497883281943725	-0.11283064229361779	0.023085018310651788	-0.07426228673480452	0.014208412768129525	-0.04309597047886066	-0.11624471780362856	-0.03637619221170283	0.07417565478462126	0.05393016293848487	0.10259937276814038	-0.040193592331596764
-0.07119783364312855	-0.034657638726763716	-0.015516828237937262	-0.014952667346961655	-0.11477917776907827	0.02737944096719075	-0.052137621600327776	-0.15967652554071865	0.004816664299987416	-0.031425997348351116	0.08658844021400652	0.06904273826332853	0.10422837919720315	0.13949546485635805	0.0477323664163484	0.1492334570896974	0.16873709950149368	-0.06042828067090058	0.06474876813955152	-0.07694742903827353	-0.027550345050018646	-0.2557478147305543	0.08580993144826735	-0.03995809996867347	-0.01874471979224715
-0.02644238877050135	-0.04083417878622888	-0.05116367884880888	0.003302968339796782	0.11014659633073914	0.0018293299756662028	0.018081981907060764	0.06727876014484897	0.004869654311729955	-0.04303703205134542	-0.030185669474936793	0.011170819737521105	-0.2174571922587108	0.01630463228412109	-0.005645097273033887	0.28180855822606327	-0.03932545835906239	0.14967771018991363	-0.0331750814238399	-0.10386113015750269	0.03016246530823868	-0.1759204493080042	0.004802206926644181	-0.00048776525582160807	0.10305384422461439
-0.04138737778794285	-0.03475279219946102	-0.09843958746533145	0.044635427288922835	-0.03170328494783942	-0.0025485952628171754	-0.024284832023110898	0.012511980174609888	0.0021590579343321184	-0.007500098375279391	0.046162891017288946	0.055171558312952645	-0.36393730829007204	0.12953881294004504	0.13816831229432813	0.12103916103023044	0.06799963669886974	0.11311967387674626	-0.09240798001965239	0.08027739550053503	-0.10928731026640334	-0.15643088360392274	-0.10954531451069566	-0.20847230505063916	-0.15425954948706438
-0.03605683550140969	0.006808469265944969	0.05142168574391491	-0.07117251691959484	0.0817316801785643	-0.005276245486602788	-0.05178182876870439	-0.00480114797966587	0.06475387180685452	-0.04257748890311196	-0.03917260978545125	0.06848481087811645	0.01839835904026249	-0.04508500799447443	0.09009669449800385	-0.03366412129157492	0.04393563961638107	0.000306463906105902	-0.1393410633474557	0.056603478027898155	0.19630045072204344	0.1741282357657735	0.04137157607539886	-0.1314235271790667	-0.08029994478999372
-0.08084960352905415	-0.10147983398073264	-0.2263591983669206	0.03254317621020252	-0.12001260984417876	0.01765801682918685	-0.10357039472824217	-0.0355044069167741	-0.12222877828814221	-0.09602595965187667	0.01038633838732784	0.048559925877940203	0.08341416414707094	-0.1204338032596129	-0.03642943958056411	-0.0959865392585987	-0.033380333028611486	0.1638417970228521	-0.09035298637185796	0.10268711071541921	0.18345974935254739	-0.03922981437207332	0.017320575867119395	-0.06972809761121052	-0.036948044157276635
-0.06610045536300792	0.05982317339652282	-0.012117526798671242	0.03895927154015713	-0.11490344160678023	-0.11417355026281402	-0.0472681464025527	0.07715313636916821	-0.020997571508230124	0.08408417243073622	-0.05775610079771615	0.10589444001784612	0.08423062651184325	0.011315829546785922	0.013296820570393483	0.21543277804767708	-0.12631991905811635	-0.1155378705476941	0.06984582078719187	-0.2195728582401833	0.008779269676716384	0.1111527832206168	-0.13128298923854187	-0.05652957109734438	-0.00015470805507775132
-0.044521175834122566	-0.06967661397999247	-0.15548464333389686	-0.032236288607585005	-0.011816854458714941	-0.057665659864751716	-0.020979644250225814	-0.0002874394544643893	-0.003649629862088804	-0.007407956266210792	-0.030580535536494813	-0.022113288918435035	-0.012742577243810536	0.010382439650369472	-0.00038433202366856676	-0.028974733605702914	-0.21910718687186173	0.025367726406334383	-0.042425511996052906	0.06545240926796878	0.303753775332366	0.07182141454694713	-0.2107952913780961	-0.03463924228004911	-0.0583932700327561
