1.7880707220032592e-16	4.0460700706041375e-17
-4.098671473365325e-17	3.0167633888930035e-17
-4.617049876627846e-17	4.116629112096874e-17
3.7612712612885645e-17	1.5481124622837258e-17
-3.679677871278907e-17	1.3581624190546787e-16
-2.1300405120322436e-17	5.1381948190734365e-17
-2.4933493111371955e-17	6.52370813306015e-17
1.0532042130772713e-17	1.4726628404584274e-17
1.0282830717843992e-19	-2.107302309464717e-17
-3.647635188805492e-19	-6.3975875825522265e-18
-1.2753448236443034e-17	1.2029500838459427e-16
-2.4810542549803628e-17	1.6473820937097e-17
7.570895898123756e-18	7.029056585417476e-18
-9.219483246952346e-18	-6.57293304137572e-18
6.1014743123570064e-18	-2.5505259587990006e-18
-3.784997563156797e-18	-8.079370492582924e-20
5.0089835397766e-20	1.8480404842988076e-18
1.7422156633018764e-18	-1.5611590340722623e-17
2.3170910501904303e-18	1.695544037648629e-17
-1.6353575061530742e-18	-1.0898953623756019e-17
2.04211780959951e-18	-8.725191673545576e-18
-6.447062577562577e-18	-5.100461885548638e-17
3.2359556892329494e-18	8.87925285150841e-18
4.616808995194281e-18	6.684487289932411e-18
-3.107302653800748e-18	4.5090430947089095e-18
1.2987627582973411e-18	-2.865154454765421e-18
-1.5418534469499714e-18	6.4521964900280644e-18
-4.46971961873748e-19	-4.721500942351051e-19
5.025928599592723e-19	7.245385402479659e-18
1.0185045781429041e-18	2.4419251260000637e-18
-1.7574250504057063e-18	-3.3397305028954194e-18
5.569066459833237e-19	2.35441856365576e-18
3.0969970311333163e-18	6.1081265994004346e-18
1.7732692902908493e-18	5.2290430072213285e-18
-1.715802408945983e-19	1.080739766586199e-18
3.6183149560169466e-20	2.5914409539272093e-18
1.1427216349651992e-18	6.369871271011878e-18
-1.0507004722796422e-18	-2.0089950670872524e-18
1.6752778428347369e-18	7.49899015703299e-18
7.767208535183104e-19	1.0792576912387433e-18
3.8020497588885564e-19	3.1113031308957786e-19
-7.8730558560416e-19	-3.860057984370404e-18
1.3859713158252132e-18	2.2085925514461965e-18
3.6286620998625636e-19	8.067777040052374e-20
1.76083302374173e-19	-1.2965324047843972e-18
1.8757387176936886e-19	-1.1984958741462494e-18
3.5923315818474023e-19	7.438904137955486e-19
-1.6659050677745071e-19	-5.512522085628052e-19
2.491821338514126e-19	3.017216240370019e-18
1.54383604008646e-18	6.638847704599941e-18
-8.543356865050767e-20	-7.785626721888476e-19
-2.0443333545766862e-19	-1.0748854558270074e-18
-4.756557457624003e-19	-3.491138688711032e-19
-2.50111728105585e-19	-9.444237947422033e-19
-2.2756489265033433e-20	2.223188498719507e-19
-1.1668050702837495e-19	-5.759290922792361e-20
-4.967858097730665e-19	-1.6942315808711161e-18
-3.6112776668025563e-19	-1.1961022824123084e-18
0.0	0.0
0.0	0.0
0.0	0.0
0.0	0.0
0.0	0.0
0.0	0.0
0.0	0.0
0.0	0.0
0.0	0.0
0.0	0.0
0.0	0.0
0.0	0.0
0.0	0.0
0.0	0.0
0.0	0.0
0.0	0.0
0.0	0.0
0.0	0.0
0.0	0.0
0.0	0.0
0.0	0.0
0.0	0.0
0.0	0.0
0.0	0.0
0.0	0.0
0.0	0.0
0.0	0.0
0.0	0.0
0.0	0.0
0.0	0.0
0.0	0.0
0.0	0.0
0.0	0.0
0.0	0.0
0.0	0.0
0.0	0.0
0.0	0.0
0.0	0.0
0.0	0.0
0.0	0.0
0.0	0.0
0.0	0.0
0.0	0.0
0.0	0.0
0.0	0.0
0.0	0.0
0.0	0.0
0.0	0.0
0.0	0.0
0.0	0.0
0.0	0.0
0.0	0.0
0.0	0.0
0.0	0.0
0.0	0.0
0.0	0.0
0.0	0.0
0.0	0.0
0.0	0.0
0.0	0.0
0.0	0.0
0.0	0.0
0.0	0.0
0.0	0.0
0.0	0.0
0.0	0.0
0.0	0.0
0.0	0.0
0.0	0.0
0.0	0.0
0.0	0.0
0.0	0.0
0.0	0.0
0.0	0.0
0.0	0.0
0.0	0.0
0.0	0.0
0.0	0.0
0.0	0.0
0.0	0.0
0.0	0.0
0.0	0.0
0.0	0.0
0.0	0.0
0.0	0.0
0.0	0.0
0.0	0.0
0.0	0.0
0.0	0.0
0.0	0.0
0.0	0.0
0.0	0.0
0.0	0.0
0.0	0.0
0.0	0.0
0.0	0.0
0.0	0.0
0.0	0.0
0.0	0.0
0.0	0.0
0.0	0.0
0.0	0.0
0.0	0.0
0.0	0.0
0.0	0.0
0.0	0.0
0.0	0.0
0.0	0.0
0.0	0.0
0.0	0.0
0.0	0.0
0.0	0.0
0.0	0.0
0.0	0.0
0.0	0.0
0.0	0.0
0.0	0.0
0.0	0.0
0.0	0.0
0.0	0.0
0.0	0.0
0.0	0.0
0.0	0.0
0.0	0.0
0.0	0.0
0.0	0.0
0.0	0.0
0.0	0.0
0.0	0.0
0.0	0.0
0.0	0.0
0.0	0.0
0.0	0.0
0.0	0.0
0.0	0.0
0.0	0.0
0.0	0.0
0.0	0.0
0.0	0.0
0.0	0.0
0.0	0.0
0.0	0.0
0.0	0.0
0.0	0.0
0.0	0.0
0.0	0.0
0.0	0.0
0.0	0.0
0.0	0.0
0.0	0.0
0.0	0.0
0.0	0.0
0.0	0.0
0.0	0.0
0.0	0.0
0.0	0.0
0.0	0.0
0.0	0.0
0.0	0.0
0.0	0.0
0.0	0.0
0.0	0.0
0.0	0.0
0.0	0.0
0.0	0.0
0.0	0.0
0.0	0.0
0.0	0.0
0.0	0.0
0.0	0.0
0.0	0.0
0.0	0.0
0.0	0.0
0.0	0.0
0.0	0.0
0.0	0.0
0.0	0.0
0.0	0.0
0.0	0.0
-0.0026722904487017957	-0.00475120734356716
0.0	0.0
0.0	0.0
0.0	0.0
0.0	0.0
0.0	0.0
0.0	0.0
0.0	0.0
0.0	0.0
0.0	0.0
0.0	0.0
0.0	0.0
0.0	0.0
0.0	0.0
0.0	0.0
0.0	0.0
0.0	0.0
0.0	0.0
0.0	0.0
0.0	0.0
0.0	0.0
0.0	0.0
0.0	0.0
-0.004017330943129676	0.02723678371008302
-0.005189959305391275	0.029823761454156824
-0.02418589556969726	0.04442536705970841
-0.03429212682497866	0.057823614533079055
-0.04419577540196621	0.0645865122856224
-0.023617184873496885	0.03125552140303463
-0.018222393338749716	0.03078772053288511
-0.016991129473593932	0.02053579637565066
-0.017001631717743052	0.020558446442776938
-0.011608684679203493	0.008882103955849329
-0.004459612739800247	-0.006515527721234051
0.0	0.0
0.0	0.0
0.0	0.0
0.0	0.0
0.0	0.0
0.0	0.0
0.0	0.0
0.0	0.0
0.0	0.0
0.0	0.0
0.0	0.0
0.0	0.0
0.0	0.0
0.0	0.0
0.0	0.0
0.0	0.0
-0.004017330943129676	0.02723678371008302
-0.008007025688686841	0.022847498488671743
-0.020302254256915335	0.025313531531597152
-0.02577037082497664	0.0490538649122874
-0.07868529365928201	0.054900760324852804
-0.09716742698362096	0.03483626099599771
-0.07624327363278542	0.03676162957874379
-0.0650599892134903	0.0685499382420293
-0.04475468673657631	0.04398719585509782
-0.03010042897804432	0.03545865140908922
-0.013688736019806311	0.003435537925830901
-0.006070461902614228	0.008086140650796604
0.0	0.0
0.0	0.0
0.0	0.0
-0.0013736100084594984	-0.0020068545433124924
-0.006282879805583165	-0.009179334603903815
0.0	0.0
0.0	0.0
0.0	0.0
0.0	0.0
0.0	0.0
0.0	0.0
0.0	0.0
0.0	0.0
0.0	0.0
0.0	0.0
-0.004017330943129677	0.02723678371008302
-0.012334081682526404	0.018082468810554447
-0.02082450498635975	0.02460221674329044
-0.03024733191599898	0.03947197843651686
-0.05905715138753815	0.04926322135761917
-0.11667324575793368	0.03683507562854574
-0.11882688333125767	-0.004427658671039116
-0.10800136043481677	-0.017137090172357646
-0.05663298501712005	0.02820030510829732
-0.0225383837008427	0.013837749543975012
-0.011973002067321619	-0.00276420952227304
-0.010153903507851923	-0.004527849694469893
-0.010153903507851923	-0.004527849694469893
0.0	0.0
0.0	0.0
0.0	0.0
-0.006282879805583165	-0.009179334603903815
-0.006282879805583165	-0.009179334603903815
0.0	0.0
0.0	0.0
0.0	0.0
0.0	0.0
0.0	0.0
0.0	0.0
0.0	0.0
0.0	0.0
0.0	0.0
-0.004017330943129676	0.02723678371008302
-0.015861513594802135	0.013653182345702501
-0.021687470364063283	0.023688646225002236
-0.03375662612642101	0.04293206033743904
-0.07366917460254409	0.0375523265079806
-0.12473601143378131	-0.021958857377379796
-0.13157335494892378	-0.0309222696178846
-0.11429952541108139	-0.09830499277426309
-0.05305745351401265	-0.02979448566853612
-0.02562890028375657	-0.004863787044894499
-0.007255881833668778	-0.009857438070041743
-0.004083441605237696	-0.012613990345266496
-0.004079438231353534	-0.01260162368880237
-0.002033714054850524	-0.006282261859704989
0.0	0.0
0.0	0.0
-0.0015337617434730314	-0.0022408374315063106
-0.00695244702554788	-0.010019150760593702
-0.010391588054665928	-0.014332752315849963
-1.0144957878253273e-5	-1.272448722257399e-5
0.0	0.0
0.0	0.0
0.0	0.0
0.0	0.0
0.0	0.0
0.0	0.0
0.0	0.0
-0.004017330943129676	0.02723678371008302
-0.015861513594802135	0.013653182345702501
-0.025173748569712006	0.022240755869249014
-0.048387276129259964	0.03477720508800166
-0.0904701408505938	0.014518252720329762
-0.1285188768451213	-0.0022437234731067543
-0.15205799460678956	-0.0331699904289897
-0.09925744913026832	-0.0823210416544622
-0.03754374885275641	0.0026641633219566764
-0.00900416454003845	-0.024314077002359203
-0.00422660231524479	-0.01389258080703923
0.0	0.0
-0.00464626227910462	-0.007166758185396494
-0.011327329335813166	-0.01757553316319848
-0.020952481076936105	-0.03517607913768685
-0.02436239810226176	-0.03894693200049518
-0.025076799957866082	-0.03973149788397856
-0.02491263880247117	-0.03930239016008078
-0.024974077745926082	-0.032071185702665816
-0.015458272387784968	-0.020071056438873462
-0.009175392582201807	-0.010891721834969637
0.0	0.0
0.0	0.0
0.0	0.0
0.0	0.0
0.0	0.0
0.0	0.0
-0.0009925170572421891	0.006729087744912978
-0.01869702947596904	0.01009668797359123
-0.03558551878003517	-0.0052382770867646375
-0.059510862408389265	0.007118212543252957
-0.10733704436934978	-0.03162419200513868
-0.14758239875124604	-0.043645195623937406
-0.14906417384886725	-0.058755430240353144
-0.09187651310703508	-0.04534675331165547
-0.03758117385599163	-0.03635754782601794
-0.019344421724373284	-0.057403481675340415
-0.022763567910708576	-0.04930970343669369
-0.028513160327300946	-0.06298714468338358
-0.031127692811370428	-0.07276594887147877
-0.030557366558956037	-0.07029589736990192
-0.029313000441480847	-0.06076061872236536
-0.027416283506091037	-0.055159109125442626
-0.023471152987304168	-0.03703164454599511
-0.03555440177404554	-0.01916254222448664
-0.03280689626124635	-0.010768822633455214
-0.02983093649415148	-0.01262625962253802
-0.014187566418185997	-0.00932911341485506
-0.00530870580601831	-0.010691601607921743
0.0	0.0
0.0	0.0
0.0	0.0
0.0	0.0
0.0	0.0
0.0	0.0
-0.013595696272516175	0.016103542490569393
-0.023912111342560344	-0.003867781488296554
-0.0865787869668545	-0.004179170273486205
-0.11682414638450067	-0.04019344162567586
-0.16245873526440288	-0.047064690676888725
-0.1676282747018242	-0.08774455728582545
-0.131575696608585	-0.1347635210770339
-0.11872768703279007	-0.17818058991639668
-0.0953641223916664	-0.19694366171297276
-0.09887493352848982	-0.20693584691148018
-0.10093221199908015	-0.20441027673441595
-0.10575717752699944	-0.20245144543012925
-0.10409154297533955	-0.19859424634048833
-0.10463116574329576	-0.17250052995561208
-0.10270656803442393	-0.15413896093283216
-0.1028586857110073	-0.13537854369330787
-0.0904795823477816	-0.11794661969536417
-0.07457993049485852	-0.07516923383296281
-0.0642214932944862	-0.04026990479330927
-0.0351455513904344	-0.01715494974135424
-0.005930346037700651	-0.002850349717213864
0.0	0.0
0.0	0.0
0.0	0.0
0.0	0.0
0.0	0.0
0.0	0.0
-0.004017330943129676	0.02723678371008302
-0.014262182945736016	0.012742890592798043
-0.03597764922893397	0.023921616323446464
-0.08730146042014952	0.004133842086152324
-0.1481820071786801	0.01567365656561479
-0.13900452288664358	0.032382638907429935
-0.13659815833824288	-0.01953708605841507
-0.1306304191426973	-0.04971700387524226
-0.13499460300609087	-0.050032421291587574
-0.14064504168930522	-0.03679286248755772
-0.1453303089087425	0.0027157673290833955
-0.15126655743710118	0.01362647717482251
-0.15627933752745257	0.01686865442624468
-0.1598792999713605	0.020909311955871274
-0.15508195910493858	0.014214445677212587
-0.15049491285190472	0.00867697316129818
-0.14995589382989077	0.006125832214260378
-0.14073768862029748	-0.007766208495769219
-0.10307326590973058	-0.019058527223083446
-0.09352758791515538	-0.04066201403563917
-0.06143420157813037	-0.042174833172615014
-0.01698121866720581	0.022865146300190698
0.0	0.0
0.0	0.0
0.0	0.0
0.0	0.0
0.0	0.0
0.0	0.0
-0.004017330943129676	0.02723678371008302
-0.011410225018032596	0.031332413619816465
-0.04022874019161554	0.043570470871683836
-0.07617155875193488	0.05524706931376303
-0.1135215135228273	0.09632935866756705
-0.12484221192778978	0.114855083932461
-0.12043585954644163	0.1189580710515864
-0.11367259127486777	0.1439984787381329
-0.10840383194166087	0.16349908480215777
-0.09562818503181121	0.17379663488263797
-0.09548324923531872	0.1795855698564174
-0.09289752077937533	0.1899358063606329
-0.08912550997224697	0.190487451994374
-0.08554621216859844	0.1845686892665493
-0.07745457528073871	0.1712358647195356
-0.07016961292892678	0.16543544769049082
-0.07129741931610424	0.1635049252284295
-0.07695468803934227	0.1575463606948181
-0.08379352225401222	0.14039339625027916
-0.07988014433279529	0.08374417787768214
-0.054231438729299586	0.07102819224794817
-0.023014635543330535	0.05479437031465402
-0.011990465630515545	0.02776399958833653
-0.004017330943129676	0.02723678371008302
0.0	0.0
0.0	0.0
0.0	0.0
0.0	0.0
-0.004017330943129676	0.02723678371008302
-0.008018794699032125	0.02283455074542981
-0.03694980233080848	0.04129268993645063
-0.048400909860750484	0.04425278707467136
-0.0488636364158738	0.08011759472224303
-0.041525087734957854	0.12308327107815889
-0.041530345192562976	0.12310110073015866
-0.041530345192562976	0.12310110073015866
-0.03124403054677461	0.09577613746087012
-0.02186875528394072	0.07826811355925065
-0.014830331521100991	0.06240092099702569
-0.012099791247821599	0.05389533042508578
-0.00937993801998583	0.04542302983383456
-0.00937993801998583	0.04542302983383456
-0.013297331753057633	0.04939759313131453
-0.014457119232680815	0.05057430628896094
-0.01706315909293463	0.05508175738349668
-0.01706315909293463	0.05508175738349668
-0.022670293157688006	0.06278313881077083
-0.026937170503164666	0.04803204251662416
-0.026937170503164666	0.04803204251662416
-0.015133653997978194	0.03908692058733411
-0.004017330943129676	0.02723678371008302
-0.004017330943129676	0.02723678371008302
0.0	0.0
0.0	0.0
0.0	0.0
0.0	0.0
0.0	0.0
0.0	0.0
0.0	0.0
0.0	0.0
0.0	0.0
0.0	0.0
0.0	0.0
0.0	0.0
0.0	0.0
0.0	0.0
0.0	0.0
0.0	0.0
0.0	0.0
0.0	0.0
0.0	0.0
0.0	0.0
0.0	0.0
0.0	0.0
0.0	0.0
0.0	0.0
0.0	0.0
0.0	0.0
0.0	0.0
0.0	0.0
0.0	0.0
0.0	0.0
0.0	0.0
0.0	0.0
0.0	0.0
0.0	0.0
0.0	0.0
0.0	0.0
0.0	0.0
0.0	0.0
0.0	0.0
0.0	0.0
0.0	0.0
0.0	0.0
0.0	0.0
0.0	0.0
0.0	0.0
0.0	0.0
0.0	0.0
0.0	0.0
0.0	0.0
0.0	0.0
0.0	0.0
0.0	0.0
0.0	0.0
0.0	0.0
0.0	0.0
0.0	0.0
0.0	0.0
0.0	0.0
0.0	0.0
0.0	0.0
0.0	0.0
0.0	0.0
0.0	0.0
0.0	0.0
0.0	0.0
0.0	0.0
0.0	0.0
0.0	0.0
0.0	0.0
0.0	0.0
0.0	0.0
0.0	0.0
0.0	0.0
0.0	0.0
0.0	0.0
0.0	0.0
0.0	0.0
0.0	0.0
0.0	0.0
0.0	0.0
0.0	0.0
0.0	0.0
0.0	0.0
0.0	0.0
0.0	0.0
0.0	0.0
0.0	0.0
0.0	0.0
0.0	0.0
0.0	0.0
0.0	0.0
0.0	0.0
0.0	0.0
0.0	0.0
0.0	0.0
0.0	0.0
0.0	0.0
0.0	0.0
0.0	0.0
0.0	0.0
0.0	0.0
0.0	0.0
0.0	0.0
0.0	0.0
0.0	0.0
0.0	0.0
0.0	0.0
0.0	0.0
0.0	0.0
0.0	0.0
0.0	0.0
0.0	0.0
0.0	0.0
0.0	0.0
0.0	0.0
0.0	0.0
0.0	0.0
0.0	0.0
0.0	0.0
0.0	0.0
0.0	0.0
0.0	0.0
0.0	0.0
0.0	0.0
0.0	0.0
0.0	0.0
0.0	0.0
0.0	0.0
0.0	0.0
0.0	0.0
0.0	0.0
0.0	0.0
0.0	0.0
0.0	0.0
0.0	0.0
0.0	0.0
0.0	0.0
0.0	0.0
0.0	0.0
0.0	0.0
0.0	0.0
0.0	0.0
0.0	0.0
0.0	0.0
0.0	0.0
0.0	0.0
0.0	0.0
0.0	0.0
0.0	0.0
0.0	0.0
0.0	0.0
0.0	0.0
0.0	0.0
0.0	0.0
0.0	0.0
0.0	0.0
0.0	0.0
0.0	0.0
0.0	0.0
0.0	0.0
0.0	0.0
0.0	0.0
0.0	0.0
0.0	0.0
0.0	0.0
0.0	0.0
0.0	0.0
0.0	0.0
0.0	0.0
0.0	0.0
0.0	0.0
0.0	0.0
0.0	0.0
0.0	0.0
0.0	0.0
0.0	0.0
0.0	0.0
0.0	0.0
0.0	0.0
0.0	0.0
0.0	0.0
0.0	0.0
0.0	0.0
0.0	0.0
0.0	0.0
0.0	0.0
0.0	0.0
0.0	0.0
0.0	0.0
0.0	0.0
0.0	0.0
0.0	0.0
0.0	0.0
0.0	0.0
0.0	0.0
0.0	0.0
0.0	0.0
0.0	0.0
0.0	0.0
0.0	0.0
0.0	0.0
0.0	0.0
0.0	0.0
0.0	0.0
0.0	0.0
0.0	0.0
0.0	0.0
0.0	0.0
0.0	0.0
0.0	0.0
0.0	0.0
0.0	0.0
0.0	0.0
0.0	0.0
0.0	0.0
0.0	0.0
0.0	0.0
0.0	0.0
0.0	0.0
0.0	0.0
0.0	0.0
0.0	0.0
0.0	0.0
0.0	0.0
0.0	0.0
0.0	0.0
0.0	0.0
0.0	0.0
0.0	0.0
0.0	0.0
0.0	0.0
0.0	0.0
0.0	0.0
0.0	0.0
0.0	0.0
0.0	0.0
0.0	0.0
0.0	0.0
0.0	0.0
0.0	0.0
0.0	0.0
0.0	0.0
0.0	0.0
0.0	0.0
0.0	0.0
0.0	0.0
0.0	0.0
0.0	0.0
0.0	0.0
0.0	0.0
0.0	0.0
0.0	0.0
0.0	0.0
0.0	0.0
