-0.19123178981694688	0.13483221933177567	-0.08592181155489899	0.18796733157898232	-0.03143124683672936	-0.01385668611629108	0.17717660404369345	-0.05028473625092454	0.26405466854549364	-0.21653872521852155	0.019225171461790376	-0.2537540947926674	0.1127724869755664	-0.012896143371796074	0.07955747160516352	-0.11761116676151483	0.053835782546241356	-0.012623914272838445	-0.08568145137885361
-0.198031981583919	0.04821627645200205	-0.042922075158202594	-0.04838697991536769	-0.16181390951085622	-0.20185334121353832	0.13473710121818588	0.18517791683339296	-0.06718480879734136	0.06297046621517689	-0.2323671272740759	0.03432616019841574	-0.20055826004056448	0.004808816924980987	-0.3192729605754766	0.06869766203649674	0.03531404018450788	0.010737041131444695	0.1949815628443378
-0.20881602402801377	0.10696687720782416	-0.1327383414385018	0.18111488735439935	0.027850954951597097	0.09693923312805602	0.055240818170331024	-0.04846609455876967	0.024301538111818316	-0.03419428233852054	0.060425138027039325	0.07677194010947688	-0.11264554605814858	-0.10070972655848952	-0.11137956697413423	-0.11111851181407079	-0.4224889184507302	-0.07301468474070234	-0.10410752317224646
-0.16770056436428796	0.09914437693339018	0.13708006109414841	-0.35836943876514926	-0.17152917003032614	0.04860782179112828	-0.13289963167590851	-0.15961468261808984	0.248976809259685	0.22992762489182114	-0.32764796757973824	-0.14279809595658485	-0.006279360142909682	0.1297641670834941	0.07897799391992205	0.13513836060184437	-0.2471765348962582	-0.2437394868648507	-0.06591037189722379
-0.14153614435884432	-0.2335891317894934	0.03393542705358776	0.1025576804641064	-0.06153435731676403	-0.06426220785196442	0.13399730304099788	0.19450119720409426	0.15044261341165965	0.09526929874936381	-0.07092831294034323	-0.055287711193270916	0.29866780587844355	-0.17323271690096506	0.004382732232545705	-0.07477372767090844	-0.03206629062746837	0.06635588646733902	0.03889546818584547
-0.2071317274597744	0.048954350512883694	-0.0933488246934494	0.13254500568925429	-0.08587078384141603	-0.06772261088857069	-0.07310886721390342	0.0990650518125149	-0.03792262601588947	0.08316289154531865	0.16543214282144847	0.22277667948598529	-0.3870366924747336	0.056618868725349436	-0.06165900424413151	-0.060563544886848786	-0.10773940328917918	-0.1438148728168254	0.07540213340014294
-0.1783410406151128	0.06020471698899549	0.15473390231752948	-0.340958641043508	-0.1183204745295027	-0.193564518402161	-0.23829906484533747	-0.06560345948869309	-0.04865517907172617	0.09848233685802373	0.19153562317375675	-0.2040429724239634	0.09497466182148309	-0.05236884320605629	-0.18967939368669154	-0.34767677773823447	-0.3104799589039933	0.156878844906228	0.12536496721027998
-0.17852512123986697	-0.12624277590538951	-0.07866943617753269	-0.018005564313012756	-0.11485878180360512	0.29293854083098614	-0.0747429556656165	-0.00023430192626264223	-0.18756188695754525	-0.012218970379046623	0.03388656882619426	0.056924754492299556	0.03967216621537514	0.012165342719517094	-0.006862208767313083	-0.017791376703013978	0.11664047701495182	-0.061452746642898244	0.15154905499707116
-0.14887467663198328	-0.243473320504134	0.03987426738714676	-0.057286024808455405	-0.007500680470863219	0.1923882817400382	-0.19912209918916968	-0.02649988299700063	0.10607142739683584	-0.04325969465733159	0.009247683178938444	-0.06847740545971574	0.01743510575690957	-0.00969312507699496	-0.12040883851393128	-0.0496787436962326	0.14934908467251606	0.09632486403291236	0.17603081490690523
-0.16678166098927993	0.1522144958535888	-0.13125342236339418	-0.009665292904614792	0.3194460601617295	0.24836918365504376	-0.0712036689983983	-0.17813103946481693	-0.10711305571240198	0.26071317755875323	0.06737096916345581	-0.08916038757897027	0.06346296981215803	-0.1868584439130692	0.12634034937428684	-0.130161313555956	0.003203553532032336	0.08349841599034158	-0.16922179877890636
-0.19361513150908818	0.1281579617802497	-0.0739300034910311	0.021894401284174678	-0.050845458681867406	0.054881748093229654	0.04509459742942154	-0.33144680853584463	-0.16375114362837553	-0.019748520898920124	0.03452081851303719	-0.11412765918138282	0.18306255154578177	0.35315162120078325	0.08849204823851833	-0.04641067556068987	0.06027088466443991	-0.005491116724674448	0.06669699892745419
-0.20061514420694657	0.16062018868865557	-0.11790141895673602	0.009422787897079198	0.08641413374150608	0.11163952602937954	0.2936795800005218	-0.04744541734039262	-0.08945632036708842	0.2711862340333364	-0.053979111711320193	0.21219543358524745	-0.0034885635264283437	-0.026088683192723443	-0.047096685108681646	0.02960634997920092	-0.1953359421522698	0.3663200337111302	0.016155478641277005
-0.16472987877536202	-0.17723487073004693	0.0008416425960813502	0.19976718596863463	-0.13642781386452976	0.013351358881499742	0.18703249693912238	0.0689671303576422	0.03950125165613727	0.13974374220872926	-0.0012564402368779176	0.18235874446261435	0.23737419883606753	-0.22526756981249718	0.050185642099515634	0.1258089153562139	-0.12399336224027022	0.07385306254835289	-0.016180707392370625
-0.16062237496313697	-0.03669251803448335	0.19373701605832688	-0.26589566157337496	-0.09369440430997032	-0.15675443442801806	0.2551235908474761	-0.2151525173298185	-0.321985252143498	0.0041349515693251335	0.013072973417478363	-0.22404335284782873	-0.020664252647996872	-0.38532567402125373	0.09521509588104213	0.3636573677047717	0.07046222510436286	-0.11168118402080113	-0.14210186790025925
-0.12875026951027765	-0.2531861467686265	0.028214649541789694	0.04642255789886489	0.18637273998292758	0.05007853993408745	-0.14283701587326494	0.11977051633738559	0.0005967026671696574	-0.08687493095066179	-0.014765670282380253	-0.1003658573238469	-0.2166436376552806	0.15679351683937517	0.3410435398686045	0.0819241176353154	-0.28719655159435076	-0.017234581305690232	-0.08880669995342055
-0.16276901045963862	0.05686229303032648	0.08310394470472007	0.15534619266592117	-0.20106985740306968	-0.22645836395735217	-0.26727707495608544	-0.08328807806800653	0.041573358114636805	0.1144099734541246	0.11639245583935895	0.27591713664740586	0.0552433138264683	-0.05780415797651821	0.2834268748850942	0.14449127429923397	0.20548422063326785	0.011847357569109249	-0.01783100979114567
-0.17648940581799036	0.18823940119276614	-0.015699016403453767	0.10592489436306507	-0.18909702840542114	-0.10381384512919872	-0.19880727590840963	-0.17878563180025886	0.15627237273180777	-0.1925237278538875	0.010836415870813021	0.10904909937300437	0.0021572550543061397	-0.0784183734324092	0.056059013036379945	-0.09794686702891718	0.0853739610977527	0.1376743789402562	-0.06831943668594721
-0.18935885597929966	0.15115085438640125	-0.0009719959030857358	0.08715399848774676	-0.1755224482892732	-0.1643295120801413	-0.16785519367050683	-0.22243943204737182	0.08581886851866433	-0.17037954747356232	-0.04818426334648891	0.12847123318092912	-0.046281550408764055	0.021125518488281776	0.04565500493005456	0.020876307241621928	0.0027546870507219982	0.03874771394502277	-0.07909974598786237
-0.18075954496374	-0.12067001551223479	-0.034988572796408275	0.08066097307637443	0.0049630495213534844	-0.13026341258151788	-0.0013729815749446322	0.10221726934367864	-0.08436921666087265	0.26974661687454743	0.1751413845883279	-0.18582036044635178	0.09199173713756281	0.3662606924806999	-0.06253762410243305	0.08898430456197673	0.07842660019089365	-0.056903890641025405	-0.012603792294881011
-0.16830959971867335	-0.09149893734506992	0.012688650186685678	-0.057506724933747436	-0.03970121435123851	-0.2774894115123625	0.2923835926612799	0.14428558205166842	-0.1479591465154158	-0.07604795737119319	-0.2509362304450555	-0.019250145095319957	-0.3196521629501117	0.12637599576197042	0.17330668135300534	-0.2853627574057991	0.15302571477004953	-0.06422032523783582	-0.002044202601498596
-0.11508702724006349	0.2506717728739249	0.8581928181990653	0.26778465665963125	0.10821105238180313	0.23389133168950663	0.049138845309217805	0.12733061587655423	-0.06631901415298233	0.011920845361594046	-0.03968676582524061	0.036594588602416316	-0.02735384654723745	0.08011526248761454	-0.037481449230920116	-0.04994711237176075	0.04049465992547638	0.01760111041429631	0.05263540063490971
-0.13675378521827247	-0.2996437696697018	0.06774639330785577	0.0766678748170411	0.16370896864060314	-0.014481021796847673	-0.15529795077279313	-0.006282690251779471	0.06688226181792652	-0.0009106242727531799	-0.014796992421340804	-0.01540634766128221	-0.1002505391205176	0.0016436239646487744	0.03787070664763002	0.06957749743594895	-0.07606518547107127	0.05879998355279214	-0.047033559126615415
-0.17386126212652606	-0.1933011087698042	-0.0216661751142456	-0.06029369807090528	-0.10221516508098798	0.3278705636210976	-0.07177165941996076	0.025187645233652033	0.0379972975749095	-0.04119971961273831	0.030240363528703407	0.01863739169472653	0.03020478941634594	0.04764710183205509	-0.05309731822322389	0.2454569715916223	-0.0008903518375077413	-0.09701151823470167	0.1684494574923802
-0.17711343016514852	-0.03465992756321214	-0.06756128294408388	0.1672747201260793	-0.11823748392159004	-0.08682942467993462	0.10136205471302104	0.049873861160868393	-0.05279498965946293	0.2267149827753339	0.13727902055165137	-0.06230461697815917	0.1126222674213234	0.2541771375616073	-0.03331598282114606	0.17645443803558866	0.049298135603921905	-0.0020628726282166804	0.0039019813885358273
-0.17060107563905794	0.08003729993080795	-0.033981207256468755	-0.3967317840412892	-0.04019771659485223	0.19356306978306695	0.08987668391325052	0.3411425773823275	0.31913151913103316	0.07290937558638208	-0.14650320618190085	0.16786297922699228	0.018242030707809727	0.02692556862102491	0.21885184829851245	-0.12470739357832528	0.14481616986569912	0.14387485077599538	-0.16004953407164285
-0.17726454478934295	0.2045245741582544	-0.1428455027682362	0.0853594523288328	0.3061408623808263	-0.12732889657944238	-0.10585945286963992	0.09002934165807948	-0.16983228875798687	-0.24507345253676355	-0.44252848750100504	-0.12200064186083069	0.3098041274788395	0.14718029312884245	-0.00809548952667932	0.10893745331444107	-0.012732951916473612	0.0782530952102349	0.12498390752965291
-0.17241658432244825	0.036800935890004965	0.05715267500198944	-0.33488208758744353	0.0484153477447848	0.015471194796457591	0.25250615656286307	0.08788510510644619	-0.11472057556607453	-0.378788340174427	0.5078544818124938	0.11103585129464055	0.07731272994028507	0.11097061240230321	0.08142241159141295	-0.021607034181205437	0.035572052520664976	0.03306794081999706	-0.0007064260658851129
-0.16696696019272345	0.04054920328801174	-0.05293859109530505	0.18412835908709346	0.0017594519762886176	0.09172283334433518	0.24719258088123322	-0.017599507374060783	0.3445223128310218	-0.12634817345772315	0.11732661321219674	-0.3304258597176007	-0.06451072617120118	-0.02353108102826218	-0.1930552725516443	-0.04070609318984669	0.05301171142983041	-0.23902791894107117	-0.08901571407736869
-0.19216148690348567	0.19750830019873347	-0.1512803726122116	-0.025191576343970266	0.3114414856009946	0.10337635456769834	-0.09221885099042544	0.05750501330296598	-0.0870108546394578	0.2244992046143003	0.053685312600038684	-0.011916412878874922	-0.2051686866669047	-0.18082748720617495	-0.030082760554184323	-0.049531519338102015	0.30223821104104664	-0.13345520596650187	-0.00768243448991382
-0.17325325046268353	0.18523984004011881	-0.01946823399519982	-0.08448297202698032	0.27505212244397476	-0.24336260886128327	-0.2632819144910555	0.3848608011294997	0.07821929598445472	-0.13644793313345602	0.1396365443312258	0.001244227006587157	0.11128142197869426	-0.2067375116648176	-0.09321310781510297	0.2694419157152834	0.002191342131465379	-0.15318013272076814	0.047560168006523296
-0.1676970356195038	-0.19052199598392158	0.015565772678380267	0.048433144685109744	0.0019889661602260867	0.058293699687091194	-0.001796363632272239	-0.11771836678367793	-0.1935960595282239	-0.25490207057515063	-0.1875804337885016	0.11666565240432987	-0.10322250941260731	-0.12652365072316654	-0.1740050897784763	0.0023868427512380996	-0.12746836077936602	-0.038823745155508654	-0.12785132806591254
-0.035020863308374034	-0.054912179442008956	-0.002447950283047778	-0.0056756344361260196	0.08850373962801161	-0.02567224589789157	0.03776428800393609	0.057528376258842204	0.037321757952516486	-0.051581256929247504	0.02945950284292378	0.09561321869583203	0.012171215196553098	0.20167458652327516	0.2089509041629407	0.016676155725291304	-0.07644664057258649	0.00022944965382815097	-0.1745259873481039
-0.053671095422343655	-0.03869951660839452	-0.0004217561951386603	0.020967050717960276	-0.1101462918269339	0.05151631383745807	0.01985120315303022	0.01647796823314827	0.17423224027078746	0.0315814992240165	0.06407774876523349	-0.025044425684785574	0.010319302516483018	-0.08422761070867936	0.011314323499420728	0.04014071898230246	0.029096844798621582	-0.14789470622391465	0.03164244242060227
-0.04133746932849101	-0.1211485629492615	0.051331475700223825	-0.06928250949238006	0.13374183915015042	-0.0629786165545727	0.016379434410591753	-0.03879279681851212	0.09024726148860016	-0.0297828572644752	-0.03770909878439343	0.18608537503438496	0.1457503283608513	0.05618803696396004	-0.09842247455941064	-0.09364721386805186	-0.015216391421326619	-0.10693350169077867	-0.06257248209168886
-0.038759373670329104	-0.10808729334404418	0.05260954640062853	-0.09157540974368428	0.10585969177151691	-0.06144702140291875	-0.011082299365864133	-0.0286816402914481	0.09833759488562376	-0.004309319083320686	0.006255616787608047	0.16070358870793477	0.11241893120349798	0.082750308944004	-0.1353558746225923	-0.11578626315585874	-0.0069636812625336626	-0.08737685769571286	-0.033042416427667184
-0.024770119476635936	-0.05000688757913389	0.00973917069324811	0.006765718607710012	0.1077386071277094	-0.09464198694008873	0.03837473147002997	-0.115759385768774	0.05283105579771514	0.04316994937876578	-0.001130935656054281	0.10961329734527464	0.05947336513893042	-0.01355053161452281	0.040462602935650786	-0.09341975941926874	-0.007908479307981473	-0.029166220558413253	0.22058749171987496
-0.05528669309606422	-0.14338290239382928	0.056559229615646515	-0.056328031471321705	0.16303556546912762	-0.09359117609190298	0.051032683682809894	-0.14208188573223898	-0.008162191542460126	0.040600409750915584	0.019712564309490352	0.1931087891567626	0.12462158459049613	0.013682475485585233	-0.09773741066008175	-0.07350647795596944	0.04379324006104219	-0.21547450226478881	-0.11726369238560974
-0.029240298885507554	-0.06296450713127494	0.015612804497693424	0.032383730708760515	0.0006734943565575126	-0.05573034429062435	-0.05919819291063153	-0.004523122555670192	0.0549305276781218	-0.004527983546673823	0.07241124017682302	-0.15548893441416578	-0.13177429016918452	-0.00366228497468281	0.08876750381022455	-0.07678033530125006	0.037879941760156494	0.1412763636082314	0.14298247333683167
-0.030622734513707457	-0.05427800458507392	0.0027214422881246233	-0.0075656208851699455	0.1345908449891815	-0.08086147036634755	0.04594324220234042	-0.16605664266535874	0.005620500373324638	0.050899392973356106	0.030817681944982137	0.11189602929583993	0.04276497713460596	-0.02698014545048901	0.017023734755472527	-0.10362604276855139	0.02371962918802174	-0.13887716960584157	0.32890785595471295
-0.031618455752305596	-0.08971370611224924	0.02099793412589847	0.0318157663739428	0.11746460389987479	-0.058043299182701756	0.050084949448464665	-0.03465716198172283	0.07588991058856086	0.031860886303778174	-0.06006635175735822	0.08444505150226328	0.05631843206281759	-0.06806480846942795	0.12477205438887765	0.12483651037841079	-0.08561796489108923	-0.07007854195020449	0.12359137364528927
-0.07153465378329578	-0.08341561993949284	-0.02865346215360226	0.0351198848814497	-0.1030165673306374	0.09866133115004756	-0.07931663382695751	0.0246239251196687	-0.13744169002425916	-0.0063819780282150405	-0.055051605730990584	-0.06517129003214901	0.11606332555921356	-0.01883210134310088	0.1943704609592331	-0.10588899942481489	0.19583031555489322	-0.06572065735823293	-0.042853387209357295
-0.05771925948590053	-0.1551181110029368	0.07413831906919711	-0.0585608384725976	0.14915077029126161	-0.10660712101219144	0.016957390852875853	-0.14720909328185366	0.058958718608515655	0.06861288714424235	-0.04922751777805772	0.1581858018500406	0.052396081632733064	0.106254598651037	-0.176311314021777	-0.010903732435198267	0.14790575698427705	0.0013542287659068335	-0.17241736887366965
-0.024766695337739033	-0.07148430399285796	0.036870030736338835	0.009978295899442036	0.04821095090044497	-0.06812728483027747	0.007169363907850431	-0.01763070668593994	0.09123909888449154	0.03511809997280711	0.055854041603137304	-0.10237484892476162	-0.07734506781687325	-0.052017840164441644	0.059535212918323685	-0.04533316623831414	0.05201737335207557	0.1306426463458921	0.04993286701403324
-0.0707116193786001	-0.031902543521217956	-0.0410503693686723	-0.0813946301062497	-0.069262112745999	0.13224611414375495	-0.02089113508434053	0.061348135074286374	-0.04631485740306763	-0.1664231157649913	-0.004991800227154283	0.013011595612494256	-0.00013026807243187295	0.08556102258331917	-0.1078416667303268	0.1640994203223328	-0.012081951570739241	0.35935298863694937	0.1997456358849704
-0.07031433152541174	-0.10130470618773549	-0.0030341052338719032	0.07826128741059939	-0.1297695405727562	-0.032571633196146386	-0.06865728077478245	0.13860564602838898	-0.14101754433158895	0.005960402186698895	-0.030238724757932527	-0.08747904615479725	0.016310580024049528	-0.1414817342690306	0.06447056554439086	-0.1445300777686982	-0.007701710983967488	0.1696230776857214	-0.16632059642803576
-0.060597472382906824	-0.04524266935682386	0.000615560301939002	-0.05784179643559636	0.08999914221899542	0.09598012260222472	0.03136056381609613	-0.19928414585419246	0.11623525317033892	-0.20727242391822512	-0.007983233777046113	0.0765286207989098	-0.13267873675272412	0.035815752664447115	-0.13805528903942885	0.22569202393682047	0.06888723870232956	0.21746428260487222	-0.16125493606875907
-0.06565965040658499	-0.13222587553605689	0.026863713458329407	0.05864400386473068	-0.07320721495790136	-0.03955019880978885	-0.09377606336976027	0.0458908504557584	-0.014985418962963548	-0.01335143337988582	-0.048156184264961634	-0.0986709674825821	0.07431066807825269	-0.2000186727925104	-0.13313784565220146	-0.15871131440471994	0.20078640051503638	0.14093687388114287	-0.07183617470374828
-0.04629057495869926	-0.11433863095290178	0.026000077104683945	0.0408457960753042	0.09741426461179137	-0.04775732072735224	-0.053242512939783285	-0.08400876882056743	0.06450319829900464	0.06892652913244413	0.013765775259403984	-0.20108022394616484	-0.22801378339924255	-0.004516067724774025	0.0124050801668961	0.0956366020306835	0.05695929143208218	0.2113397833964289	0.022254249910223158
-0.06782422959962414	-0.09188234317250986	-0.019642202087351388	0.06211336459480301	-0.06822916228572251	0.055629762041330744	-0.0488889193790886	0.07322139161720996	-0.12744398559779696	-0.11457472313854059	0.012029078391444188	0.09263830344877572	0.12592214925919995	-0.043663328741742814	-0.01659528686147341	-0.14095589560503477	-0.14418742211838248	-0.14215766598385823	-0.0584550874538183
-0.020198077332374494	-0.05766015553522693	0.026776400674638604	0.0009860977769416213	0.11942981337020174	-0.05142626516957775	0.02775164403586177	-0.11251657785371098	0.034721459980609264	-0.03347618665564926	0.018568645256760018	0.005781995369543339	-0.09721115287640726	0.016965677506682646	0.053292575776552574	0.00541194033126296	-0.01883548710397053	0.00014713049381073068	0.09068840007449105
-0.022508591093531913	-0.05926787037016531	0.03844911875592727	0.016161453466239376	0.10315889616439654	-0.11608366680564267	0.07981285158664604	-0.08393878676547022	0.052276460127131615	-0.03733935657672103	-0.01588695221750194	0.04555307790759025	-0.014706027231444183	-0.05364739267545604	0.25252845442883753	0.028843734204908995	-0.028584377333801637	0.11333947817047935	0.019095080741338467
-0.05049815713329155	-0.13182824261530943	0.051152059340518044	-0.041568523702276164	0.12196180389776555	-0.07252234639666971	-0.040332036867095196	-0.0859791023537815	0.12199974554334701	0.027754508074085284	-0.01093421736327274	-0.050777788162751525	-0.10197305505299745	0.051072224038625186	-0.19322918409510426	0.07642112674581666	0.09862191862476553	0.15022787642676722	-0.11670121335072378
-0.0281636494343669	-0.07925967365224966	0.022288484250150477	0.017295249390214804	0.11593250401478115	0.01637294553379425	0.11001590418487851	-0.1078383052627619	0.12372651704780219	-0.05181465012433849	-0.02063723106263159	-0.10142565193723208	0.010379431461579849	-0.14974223031035622	0.13028212341168136	-0.07019440894060121	-0.03321125811015599	-0.06316128851417706	0.3113758021218374
-0.05987298942802848	-0.10903016301652287	-0.006852331615629156	0.01638445332055509	-0.00499836841357522	0.05501597434576712	-0.17893947437584365	0.07903538935896051	-0.16595129887873483	-0.019150749377882446	0.06588528865064579	-0.07837966344392687	-0.05636901347533387	0.029489569264916568	0.04082460787651134	-0.062421224374399176	0.007044703662257198	-0.06367347612872337	-0.146995481590865
-0.0417638759626516	-0.1146044864595406	0.046834136080737755	-0.02862084444544758	0.13987476967260457	-0.09916166153638895	0.019706341436241257	-0.11277591311200409	0.05567276604785074	0.0654541004805238	-0.0030434883105756863	0.061728352050706134	0.014854179114284626	0.03485834529593191	-0.08513957424637338	-0.15952551234216444	0.14099341242564298	0.08514981788768015	-0.02858419681777985
-0.013554125442149142	-0.009908879490755433	-0.002687943879590648	-0.03202966962397888	0.03679077114183366	0.00011317988295787149	-0.016979584338217373	-0.008584989414048769	-0.007471367734786438	-0.02269233380547933	0.059242518558615814	0.005143171351589724	-0.031268974015889135	-0.0841911888618707	0.05614234750748704	-0.0031738135318732917	-0.0973858054839452	-0.05253218719172003	0.11691864358279347
-0.06454676955825185	0.07489367245809607	-0.0548431460560313	-0.03853391702138217	-0.07334077885493788	0.13645516108010367	0.018430661390945815	-0.09383759900564573	0.10526847803266806	-0.02667549317780103	-0.06158773910427612	0.1483526217963857	-0.12846012327696238	-0.03724337520655677	0.010955605840087406	0.07557343253282568	0.20126153515028192	-0.09395637056327957	0.21173768023103356
-0.01550711253906824	-0.02248674626841083	0.01142688051199464	-0.00979227860364773	0.0534295597510754	-0.05577700998470872	0.04123119363209337	-0.03496884017543648	0.04198834705219456	-0.01943595844111829	0.01844171247892824	-0.013811902993509016	-0.03485444169615334	-0.05915440283544429	0.20189009675190894	-0.04657446315360931	-0.07254574860118859	0.064825655748362	0.3273127245744062
-0.0755972813114678	-0.06777919991747243	-0.02856166204925952	-0.04594894386720835	-0.046299571480812866	0.1636409455381559	-0.07237007807146806	-0.02763864791766904	-0.15390445053835144	-0.09978690881435538	-0.18857326159867516	0.011000779449415394	0.009299921107710343	-0.042171096409018526	0.02886477300046411	-0.18426822366762302	0.0851395785912441	-0.18342090706859457	0.04001775842764161
