-0.20557371686467354	-0.10246488698431762	0.12568124038812936	-0.11568904822122157	0.014225631495001369	-0.01917979267404689	0.22985808452892606	-0.20815409327068432	0.05929802756762745	-0.34890464669932514	0.10984171316232372	-0.011729095721221106
-0.18777424418286848	-0.17488798920589166	-0.04777894700629297	-0.09270644180445417	0.09814299290259933	-0.26008524991347454	-0.12116322779727053	-0.043669201636102696	0.09032662324041027	-0.0572134255870424	-0.04761604326284226	-0.09448390969484935
-0.199140704249675	-0.09682511954617956	0.0485935980087564	-0.16598879675506018	0.06066386298454889	-0.19845972654900892	0.02785530761194105	0.09920179673419471	0.012298374106181703	0.04376663724717719	0.25090333038094237	-0.18434762498033613
-0.19105424154861292	-0.05458832368390687	-0.11585622335072585	-0.11079863153913996	-0.33716168027841736	0.07348499353007276	-0.13992382660427755	0.4637272472713203	-0.19388254313497583	0.10206485064649307	0.0975173023402388	-0.13139947678595143
-0.156007618719888	-0.2277279719769787	-0.06762911417333906	0.04526357224823835	0.1143616733756475	-0.013315464101359913	-0.03261175436549181	-0.04832644479270955	-0.07518771070527072	-0.031175692232341845	-0.06344124252049575	0.17792630204108212
-0.20639245090152725	-0.1644516275036323	0.007550733592887604	-0.14393924455674448	0.13604950306972327	-0.16740819322943526	-0.09391137113632814	-0.05598278576079693	0.00791410947704374	0.11433405336817165	-0.05069104029208719	0.029712902323954717
-0.1756648789093473	0.006383485665713385	0.06387410153976908	0.22894940752616422	-0.10249167167486037	-0.07307229574864699	-0.4427672357841993	-0.2771323328055866	-0.47092969359632453	-0.08468404699965071	0.00037312945357641236	-0.23700680764152074
-0.14672256779604756	-0.22994148357380614	-0.03778545340199019	0.30566910758007027	0.15920025171137192	-0.010529292694574359	0.20418823947420045	0.11731743012171506	-0.11630595691036993	0.05974123358966066	-0.25616134078635905	-0.09367715878388315
-0.14344748791512804	-0.22772886655333946	-0.06370813454309336	0.2808938809165963	0.14447643235676455	-0.025118266686120203	0.19944665186092764	0.07564755597339085	-0.02935323706339754	0.11056336200984757	-0.2681643378007608	0.010943450025480438
-0.18058430291999836	-0.02100080255906872	0.1668130417831211	-0.12158408394228194	-0.026037335053933297	-0.00880917374905378	0.004342947121884211	0.0016023761076497944	0.053751657768303734	0.12279074423762648	0.07570046727621038	0.21177417733959714
-0.18706862822624543	0.024378262969324917	0.09948536022047215	-0.14221475962081928	-0.09773583485310533	0.16735506581063048	-0.009093764831295731	-0.17987426596638778	0.2719784873243113	-0.13853632977805186	-0.11497985883867981	0.18377047221354503
-0.19491611671769052	0.1952988653393672	0.10257385896766917	-0.033083977425483364	-0.1423778275759806	0.14748959682318014	0.24586301641591765	0.24022829188816908	-0.12422896114067664	0.23609069820250367	-0.18830882755232353	-0.09396330050786814
-0.17408058970170348	-0.18238998379105492	-0.12333664447038324	-0.0631642971611097	0.21827543931939922	-0.17641570855770158	0.021774304496174485	0.04442094789996981	0.11902410627722834	-0.02536775283114659	-0.05313265029804081	-0.12101045191584364
-0.15895850782234974	-0.0661227697050024	-0.2612244689253269	-0.1431102422025643	-0.2055202952535649	0.22133540984931188	-0.26489509604783196	-0.12989234571903432	0.09462713358540745	0.07185532231046696	-0.40322787040736463	-0.11126424297688366
-0.19031186400312577	-0.017225303177084816	0.15162580391467698	-0.020834705504412708	-0.2702997287066833	0.0993128219361088	-0.06905325251365316	-0.07085442327409286	-0.0035027640740333196	-0.1782487579860172	-0.07661308277730802	0.2242226793610166
-0.13400151988800071	0.15764930097546845	-0.28436131609157567	-0.19168438290056752	0.3733510880312936	0.037641365684623646	0.0354424312664095	-0.13168422066343435	-0.1871473354798613	-0.05367834457303182	-0.08240069219509277	0.36826158877855497
-0.09478473805398244	0.16506989580378825	-0.31994001691227564	-0.15695151369362612	0.11347661362715412	0.18890130958583073	0.1597985995771962	-0.08716933319340409	-0.33045305027453853	-0.17988343080311903	0.26930541831189614	-0.17745015188550783
-0.12344385768952552	0.16723655213549632	-0.3185136358044155	-0.2653058191720662	0.15575510986295435	0.2047870074332429	0.03568480486590369	0.047397141968901546	-0.1504161021524149	0.13200254101462483	0.022688844766595967	0.02865979113961213
-0.20633471702303055	-0.005888677732400728	0.20390999860571601	-0.00863886373616983	0.10200985277633243	-0.05986635607641191	0.2814309861064936	-0.05440633040514873	-0.12598180229085942	0.030530584072264222	-0.023484638867402374	-0.12020679650440991
-0.20830082193764643	0.21885762822683785	0.20449697495212618	0.08789006802113407	0.03914575711924134	0.07616979293607101	0.024802497518416542	-0.10826079049171908	-0.021347392700112794	0.33891381280549093	-0.014129076467654711	0.08184840664279319
-0.13167259177962798	0.0805927836618398	-0.4389744058222997	0.17835966728448097	-0.4842649811620397	-0.3986528111369704	0.27937569765541503	-0.34197768973808235	0.05974005855414662	0.2665272639175978	0.1605276532345368	0.12225480737304303
-0.1750282607391074	-0.19196966457587872	0.08565505577378452	-0.1034269628169088	-0.12011689673659769	0.07652128056582827	0.07345154390759816	0.12302469134445741	-0.03652682287123668	-0.10664998770183914	0.12597638271001546	0.16812272862105487
-0.16888048100652456	-0.1669145734602457	0.005668316574373366	-0.10909043957282809	-0.08452171221237657	0.013397798314723368	-0.08925486538865934	0.09783689430190957	-0.02280304131979214	0.012060252635004876	0.17261256009826698	0.10785252106746102
-0.21365687578548198	0.15070653291984737	0.1652093476096841	-0.027740384984932583	0.10968316420562617	-0.061131425998696955	0.0006174463350290875	0.13215661304708073	0.11244128498801638	0.23229589559585084	0.16252057908879453	-0.04900001658271663
-0.2145426878630504	0.20432351643287494	0.0402537290766877	-0.06975035176845473	0.14124414199588076	-0.0652333894164194	-0.3177688612184522	-0.04699906282449845	0.1850800094288046	0.16475872912601616	-0.042988624630195746	-0.002977217358705375
-0.16459902436892543	0.25958118954445164	0.1855850009893615	0.21584381578107384	-0.07098484871010007	0.09264714123366342	0.06636914259678112	-0.09380511149881239	-0.14893566938091662	-0.16344037765686767	-0.14147763854556503	0.22006520986312375
-0.13853378146043085	0.2728081834344249	-0.2696163499003206	0.24910416058736237	-0.01219732894849977	-0.19563241651607413	-0.06938173928986262	0.37787245226014876	0.24436253113940806	-0.29347859223310907	-0.06014721649463093	0.1765024679937465
-0.1434684000397401	0.04673328580558928	-0.029502365650358194	-0.12025217627277246	-0.1787188259522373	0.2349826560913459	0.20525695193194798	-0.054093476829245625	0.22035224539596784	-0.15698061573627148	-0.20387038378464	-0.4353736689920383
-0.19966885345982555	0.25595026065039383	0.18043703424942575	0.1703219066686822	0.08541596569360305	-0.07253096022193202	0.01654411945043099	-0.0989787615920306	-0.04546956772399971	-0.021307215371477298	0.10624774046892725	-0.16440236201802078
-0.17323553658850788	0.2777706132586898	-0.08127253336871293	0.18770690183208708	0.12362724572460325	-0.08201241142017676	-0.09010778499071852	0.15726263260894666	0.16636712148187213	-0.30587439409770373	0.045720481277456954	-0.17357741696519186
-0.11585746640184204	-0.19747374352349106	-0.0742494376563565	0.262652567725207	-0.0034092973691715986	0.2187925445311648	0.08562799064912117	-0.004689888756645059	0.05679910147155742	-0.07547641213740772	0.20709636056945316	-0.0027323966083116318
-0.023885284561157787	-0.03033029818008705	-0.025588037479162752	0.04545471009526891	0.011657027833820902	0.059077836206566516	-0.04194689070020361	0.009486478502478326	0.022874332290314575	0.06435061784086299	0.0373969131109836	0.016341383485196103
-0.06549710436840019	-0.08890698727215529	0.0026354306892316243	0.02915465904165772	-0.03430778331768181	-0.009890126818823258	-0.16688671570242328	-0.049429653811953314	-0.0850238734830313	-0.10646368020953274	-0.04602553125238109	0.034359241674589
-0.02627298268210809	-0.05960514118557779	-0.03475974322265067	0.10033220741214646	0.024204720095839297	0.0825343898167286	-0.022762595988442092	0.024181769520091587	-0.033231568888174044	-0.0028976538758873982	-0.047205128382071845	0.018926117623731562
-0.07782167391736154	-0.0938183047983763	0.037912079169900324	-0.025979351466985497	-0.09172805039431206	-0.03353835690153241	-0.029819419786592933	0.09389050902578035	-0.16843954447864623	-0.12334448421722136	0.05063265307112321	0.11244041905059554
-0.02393612868461788	-0.028575445493440127	-0.03013046613823249	0.0867334643614577	0.03328878351939399	0.10606846412575802	-0.04321157597685344	-0.034662055680385474	0.11533451959686113	0.03241490013499771	0.1469004489475371	-0.012237713132052167
-0.0440908108119983	-0.09635968142960734	-0.062498632969594334	0.025109920569997567	-0.0201300568337526	0.01752343689007209	-0.03266344303504928	0.02140125668678472	-0.048669470594762655	-0.1156609854050152	-0.01669905762228701	-0.020173948161015427
-0.021423303315696578	-0.013940131535261028	-0.042963198435200994	-0.011304242245397101	0.03086655856449187	0.03308558500805911	-0.05509003759163189	0.0062927703372129586	0.0524925349401207	0.07309341217801883	0.00498052408012893	-0.019427282408267802
-0.014121212974830466	-0.03235447317421095	-0.010869970319142866	0.0885058763689296	0.03162632115814416	0.15768083002148678	0.032612092865956246	-0.051460433710951554	0.024112882316941805	0.057750886245866224	0.050892365034702715	0.03259335184998487
-0.07932734226279194	-0.010649885511943385	0.0395149852465519	0.02704937016506789	-0.07126446537958948	0.060085894758236676	-0.042388992360437375	0.18023365597858113	-0.061120844834229755	-0.06124255010016136	0.05142906499420506	0.2298951910636601
-0.07853590658384252	-0.13488511823561877	-0.0034486731503737132	-0.06738397759824967	-0.036259230208651405	-0.03615684308102101	0.10123503265793818	0.04204976900093564	-0.026245338133969055	-0.07907060777292017	-0.07803713308113862	0.015048027809370517
-0.06460188120183749	-0.05052529396127271	0.0789736744094858	0.011932984085392614	-0.06416731424462768	0.05780367447924733	0.010481869372497937	-0.0056737228094013645	-0.004221144525219467	-0.018587572226101363	0.2020775375809551	0.004742000653477183
-0.030249558312528475	-0.05871618929013126	-0.01442265131162141	0.06394096145381695	0.0382372154255052	0.03948957426818146	0.009270087503067995	0.03553620737354501	-0.027614355946374486	0.0682248822760361	-0.058806764342680826	0.1188546401305286
-0.09440373799672783	-0.03439151397424729	0.05346363111601783	-0.09380966713741877	-0.01915278314910241	-0.10126285932027106	-0.14434623310550207	-0.017096411936520697	0.15735175383052052	0.0811194237325297	0.07419890820377394	-0.029110450403745887
-0.023271438354199096	-0.028589600691734666	-0.025584478684287783	0.07359034011076573	0.02590254633543466	0.178581619397403	-0.005727967288987618	-0.05297710943375159	0.12166697054703633	0.016588746170143952	0.16976535889391026	0.017570530050293853
-0.03110342058482179	-0.06866170320450946	-0.05459106280682357	0.15503534007308467	0.038365011304505287	0.12847154751432271	-0.11078993898097371	0.039266295631683816	0.023979397164258686	0.08422668887334347	0.051327128488508116	0.011336463335582074
-0.07311058669710345	-0.10025873212158014	0.0026613257607939127	-0.03808455245479461	-0.0038875183518435477	-0.08149971847973297	0.06358675738455966	0.028590912072542697	0.023071310310146476	-0.03526750329481344	0.008242381213889713	0.01768243762570068
-0.04276149454924021	0.028090293044056407	-0.044203561488072945	-0.036829484828000275	-0.02211118494556675	0.10484236121208797	-0.006965037138355202	-0.002161699723000788	0.1311402010897556	0.0749927804668748	-0.10534232573162863	0.038720574130574704
-0.013240229258819436	-0.010935213007587173	-0.012854901237636333	0.036407323435662775	0.0037067369170217233	0.08665758005056509	-0.005020447962061101	-0.02372139339375777	0.0415830917243525	0.01135343752227544	0.08535161025104376	0.003819165504351218
-0.025274235468753525	-0.020973699310411213	-0.030297415225724947	0.018956105597583386	0.007649901634027206	0.07052519396706915	0.014818477236428486	0.007912220028882555	0.08355772166483035	-0.016965473956619445	0.12296586274634276	0.002109343211647317
-0.05507791824133688	-0.03686902952602201	-0.006042460158656207	-0.02089923017471706	0.09271006879050306	0.06823930593943726	0.037604463081542215	-0.1809575183043881	0.12614749596540958	0.015533245866300893	-0.0014379291630532303	-0.07122295127673846
-0.02123675787049147	-0.028783493066066024	-0.030979752394657306	0.04658612280338416	0.0176814820446941	0.1268442262354267	0.004282329901764372	-0.03712677715292052	0.13088923680664313	-0.030773970258542553	0.1317338112642963	-0.021163648678837316
-0.03428019758229132	-0.059721111971988344	-0.06343670760279585	0.12486600046809106	0.045053230589198606	0.10976465672682253	-0.08799344583410203	0.031576520426352846	-0.015139243986738743	0.08792795759267555	0.08239513302693727	0.04442930925523169
-0.017271927312841745	-0.02266459024303044	-0.00416469889815152	0.06654964294403282	0.007265109480103364	0.14815255164441982	0.006205381599596655	-0.02959411727136282	0.08774259365663882	0.002706005058151452	0.15392055874902758	0.01324047649931844
-0.034244013659015346	-0.06280848463307323	-0.08213825808267003	0.16201520024069038	0.06739332080789501	0.20079875647513437	-0.060121303084972516	-0.037357276636190984	0.11976717803834502	0.12247193390064962	0.13445615027091162	-0.044823911330123485
-0.028185725559163974	-0.037970407936405506	-0.015968036864265938	0.08392982632700699	0.01721951139811683	0.10987629551483113	-0.00030670512046868174	-0.004901308167413489	0.050346482956191534	0.023665753468002256	0.1138142057328184	0.014221685342029416
-0.04239861893319391	-0.07217698146847505	-0.04172129890343414	0.13897564009382865	0.06737071958807736	0.056276722221930926	-0.11374223077318966	-0.03760905433946768	0.003422224778282958	0.05274109641148911	0.05786873748303376	-0.04292753929401714
-0.02746389741616881	-0.05725931732793272	-0.04879144048830686	0.11795929976058968	0.06522390052149149	0.1767542202761254	-0.04363816742505419	-0.011687587440879749	0.06022727702907156	0.0927247235467897	0.053281950904318524	0.04566258801433807
-0.048323802119420854	-0.03683679084198756	-0.06097523058278682	0.05058617170592064	-0.03661321682293936	0.025036926457636666	-0.07733826531674283	-0.15826279062444587	0.06962472353617477	-0.05327800620983229	0.015654428178264675	-0.06408193553793774
