-6.048290711370581e-17	6.971147509773408e-17	-4.3341412112506726e-18	-1.0557673596028025e-16	7.411214374679018e-17	5.081321293179512e-18	7.290539060332255e-17	2.880987763758978e-17
5.6820831247467355e-18	6.847366708990679e-17	-1.4251322292172875e-17	-1.2055866134959533e-18	-3.951637681676425e-19	-9.409187161504161e-18	-1.441314317888838e-16	-8.634321224784704e-17
-2.8443701951395964e-17	-2.7650477441181644e-17	4.563858829707542e-17	-5.387520854645075e-17	1.2165144045576148e-16	-9.04819386694967e-18	8.579812418172152e-17	-9.153083551493626e-18
-5.922060408064624e-17	-6.280209471270592e-17	-1.05688766717844e-16	-1.0987612253065306e-16	-8.793037994192492e-18	6.166809412264268e-17	-2.3398100559668702e-17	1.8689928917983313e-17
-3.23553789612925e-17	1.4353990253844988e-17	-6.277355618933827e-17	-1.0679701963026132e-17	1.8569332203060265e-17	-9.296639239831931e-18	-4.00415846934082e-17	3.955892932278301e-18
-2.385758557435905e-18	-5.0243004711053694e-18	-1.0752764403439154e-17	5.154528381860487e-17	8.607029962367561e-18	-1.2877753516640304e-17	6.074382107168738e-17	-1.3274703459701527e-17
-1.3638885687652815e-17	1.669649048107448e-17	1.031929520015763e-17	1.8746108602022837e-17	1.688747698296115e-17	-2.850085526077756e-17	-2.1764108276038345e-17	-3.015769793936221e-17
-1.194184541608492e-17	-1.731970823541302e-17	5.046850256793885e-17	-1.0184550779716094e-17	-2.1137814112418288e-17	-6.098816779399567e-17	-4.936610558105728e-17	4.805467753547469e-17
2.1870856500221855e-17	-3.861468784391348e-17	6.839576999379255e-18	4.6967275794071615e-17	8.15812640538208e-17	7.740477506701302e-18	6.912631432058876e-17	1.224178746865131e-16
7.857285334853357e-18	-3.765817907208419e-17	3.4899843275596827e-17	-3.7987823737956996e-17	1.6119773534982307e-17	-1.1107944659267664e-17	1.3517355333483909e-17	-5.4070092386473756e-17
6.888288905470665e-18	4.6870838954226333e-17	1.0113507639659071e-17	4.357574573096202e-17	1.9244661646622896e-17	-8.69098356948109e-18	3.080863961008316e-17	-3.5276612496742094e-17
-4.839690033216111e-18	-1.3180246349559034e-17	-4.4394607377037885e-17	4.541579106060012e-17	1.559703776309207e-17	6.401772344642963e-17	1.8290880046193016e-17	-5.2451103305322854e-17
1.3031530614123318e-17	7.332888678980544e-18	2.9682026816970666e-17	-4.1799437714899114e-17	-1.4897452563304644e-17	5.5074288556083955e-17	6.493683871726283e-18	2.43134487139576e-17
-5.382732918180668e-18	-1.272729157685446e-17	1.71905397301833e-17	1.1866981513784838e-17	-1.0642784480997403e-17	6.206241463164267e-18	-2.3970776521264922e-17	-2.068558678041682e-17
7.237341694196372e-19	-3.659764432911635e-18	-3.069571585467061e-17	-9.678403465824407e-18	7.653872034810448e-18	-1.805211632584406e-17	-9.963890124508545e-18	3.326126677101322e-17
-1.5670418206235284e-17	2.0504256919867692e-17	-6.613521797062073e-17	1.886209620249843e-17	8.53456645743053e-18	3.508981165342844e-17	1.9662252641921294e-17	-3.961236773671415e-17
8.459667064454258e-19	4.7493897922576165e-18	5.3539239031843494e-18	-1.7985104791359384e-17	5.855835230189032e-18	-2.7342577666702585e-17	-5.2059765775954314e-18	1.364474996927603e-17
-1.138232826345356e-18	-1.090335808431221e-17	3.8659626509922194e-17	1.4251809781399437e-17	8.829377654094933e-18	2.5092986586725585e-17	-1.8001629993685522e-17	-3.0067555846391516e-18
2.977625775100101e-18	3.4160086191208153e-18	-5.205412285843378e-18	1.8803521023366156e-18	-3.172261137307667e-18	1.9573796231851232e-18	-6.078320550747652e-18	-7.719385810004806e-18
7.015218368183109e-18	-4.260928332354609e-18	1.0059196462050756e-17	-2.4273165320846368e-17	-1.2708360919241493e-17	9.666709430410788e-18	-4.7233376958971125e-18	2.08904331275621e-17
6.307656379226738e-18	-1.9389522514343404e-17	1.0301759905987289e-17	-1.055756371267723e-17	1.7567946469445266e-17	-1.1635222735201301e-17	-2.679391094438179e-20	-3.664961973081282e-17
5.2011404641610594e-18	1.1496777483805995e-17	2.0273809148965268e-17	-1.6009778305420997e-17	-1.410626724948766e-18	2.032168813252179e-17	-5.339673621757782e-18	1.852930009309875e-17
4.751709070131482e-18	-2.4609572755940466e-18	-6.329448766504509e-19	-1.251950412181176e-17	4.626217305725212e-18	1.1533081257806747e-17	2.8827749041613114e-18	-2.7641945979019847e-17
4.371088780829886e-18	8.2130932720078e-19	7.78450424594646e-18	-2.4174185563916982e-17	7.224157860032859e-18	7.663964741554446e-18	-1.4099793206216205e-17	-1.7027035483837475e-18
4.865991151489376e-18	-1.5336341684899836e-17	1.1599186362078926e-17	3.320561378899888e-18	2.36009493540275e-18	6.41112304796987e-18	3.882593127295928e-18	1.0533754527067382e-17
1.1041816126062534e-17	1.0556984264462697e-17	-6.003892681457361e-18	-1.4135445381748325e-17	2.6586743802420715e-17	-8.074374248341731e-19	1.15180803738662e-18	-2.9763678434273657e-17
-1.282745674272261e-18	-6.813887783741664e-18	-7.179925141557963e-18	3.783062423742434e-18	-6.767870549535805e-18	-2.6233698840525465e-18	1.9516033051185678e-17	3.4852368857546688e-19
2.167681793123923e-18	-9.70068919747554e-18	5.364717076105949e-18	-3.608605176303933e-18	3.439431734753304e-18	5.833281046350786e-18	-5.9114177531143776e-18	-1.0640187108638124e-19
4.098040433416059e-18	-2.03302332509066e-18	1.417016100125081e-17	4.01752070481425e-18	1.4440099336170243e-17	-8.651886770856405e-18	-1.8811486599522036e-17	-1.081340555490101e-18
1.1287364765447718e-18	4.7876369427847385e-18	-6.023670892167588e-19	-4.091398748079545e-18	1.81807557398728e-18	-8.86073874883664e-18	5.812563387289485e-18	-6.195272023068576e-18
-3.791565789906688e-18	1.2068871581511601e-17	-1.1655761641320535e-18	-1.3547379420117402e-17	-1.5767889579030177e-17	-2.3964480878068134e-18	-1.3433711949884627e-17	3.2427579324923616e-18
-9.480049436283735e-19	1.4134881402600574e-18	-2.701904656809466e-18	6.401204114517898e-18	-8.816535637064822e-18	5.762864748621339e-18	7.26422220709143e-18	-2.2799110404005534e-18
-7.520933107759063e-19	3.418981788724497e-18	3.418633712314518e-18	-4.830630529877818e-18	2.135148478974178e-17	-6.1729677235411655e-18	1.0890427580582336e-17	-3.1768555541403126e-18
6.230544427402101e-19	-2.0555171202106235e-18	2.156364541356794e-18	3.9379072433636605e-19	5.276496901009289e-18	-1.3384686766753725e-17	-1.437085837230583e-17	-3.486082018799681e-18
5.869347703066272e-19	-7.431921036849747e-19	2.2109798184567407e-18	-1.0555751815157579e-18	1.4816223596585045e-17	-9.798349765310776e-18	-1.8226723893092436e-18	-6.342091941369495e-18
1.8946558636792804e-18	-4.535154202887335e-18	2.710664425268762e-18	1.3834361630556144e-18	6.098835830678312e-18	-4.375568475421916e-18	7.727950899845708e-18	-8.348704901719904e-18
1.0543993906147355e-18	-2.189455923677288e-18	-1.5395006385877443e-18	5.358067124715005e-18	-2.556451319369324e-18	5.04624587615306e-18	-6.627338206190149e-19	6.746691199726147e-18
-2.666168792356154e-18	1.1680580869884682e-17	-1.3579046622769364e-17	3.595456893955501e-18	-1.2727795422822492e-17	3.891229742506429e-18	1.3374810425719793e-17	2.386157063594758e-17
6.987315717169823e-20	-3.61547506730552e-18	6.020828121354902e-18	-2.4325248963059744e-18	9.232484354691511e-18	-4.115065634484272e-18	-5.929945961778088e-18	-6.425888608984563e-18
-1.8156904368926367e-18	4.8278802349680586e-18	-7.489852399375795e-18	3.2049549939735914e-18	-8.015962218015291e-18	8.47146066090397e-18	1.1890237094099958e-17	5.484131659326997e-18
1.1870813033976961e-19	-3.6279001198916965e-18	8.000597286443413e-20	2.1984318315114004e-18	-7.229658446467428e-18	7.44203955212485e-18	8.429484575397078e-19	6.844047451527739e-18
-9.48122506724403e-19	1.0237151077695467e-18	3.6593981121828356e-18	-9.692648941011845e-18	5.870062952679964e-18	-5.044905358961072e-18	-1.013507927653491e-17	1.4618107588983311e-18
-4.023804598305381e-20	1.6677011441844482e-18	-2.3229137424705384e-18	8.163449014138782e-18	-2.7550631006991203e-18	-3.495777271780188e-19	2.905786645919853e-18	1.801369060333773e-18
-1.225621400476678e-18	-5.412855253285506e-18	7.352968095772129e-18	-5.334891176818355e-19	5.70494134880805e-18	3.0780703855294005e-18	-1.1977488127800376e-17	4.863448882815936e-18
8.3678479556391985e-19	-2.127977500656425e-20	-2.489402486532802e-18	2.2830882341411654e-20	2.3050892228926924e-18	-3.538879139961923e-18	4.891080902466333e-19	-3.555638069193042e-18
-4.612622677752438e-19	5.37293163628176e-18	-9.96526491643228e-18	5.853284745152211e-18	-6.503746920421575e-18	4.3049894698648736e-18	8.411899973817284e-18	1.8440701166680472e-17
1.106231903878595e-18	9.627305063407904e-19	-8.413292333282769e-19	2.3618049925923206e-18	-3.493817342726641e-19	-1.241549559052604e-18	5.239361678776973e-18	-4.2095979356706216e-18
-3.028839161675815e-19	4.015174880951758e-18	-2.993076325370275e-18	-1.5026945780289836e-18	-3.206866343775015e-18	-1.949211905231878e-18	8.766839440080739e-18	-4.1292538012061245e-18
-6.56744635986811e-19	3.4559432916613586e-18	-6.562518657620602e-19	2.6792059862407468e-18	-5.237812442356497e-18	5.225518214142481e-18	1.0904239702024028e-17	4.711465516965666e-20
-1.350058888984946e-19	-9.912790940952651e-20	1.5776066936958737e-18	-5.015474719240249e-19	2.6031897642632054e-19	-3.353171369915573e-18	-1.655023241446772e-18	-3.1828433164083565e-18
-5.794808470486139e-19	1.7446545336717993e-18	-3.073691011329285e-18	4.70333963697429e-18	-1.3258081149011571e-18	4.547886617924439e-19	5.79056092787376e-19	2.8519984437636875e-18
1.7638312604879057e-20	1.7919314555728278e-19	1.1037150255506013e-18	1.4744413140203386e-19	-6.954878684737713e-19	-1.6749599122944663e-18	9.71237874374952e-19	2.0066203335259328e-19
6.528573754594091e-19	-4.242815800992255e-19	1.2977455848546785e-18	2.005503231231353e-18	-9.862340050961147e-20	-1.7224943850201959e-18	2.4736148612430978e-18	1.1301201405639547e-18
2.0720815733997479e-19	-1.6754621482589591e-18	1.0644286176165038e-18	-2.250638431233567e-18	2.003636531053457e-18	-1.7804511582599528e-18	-2.454525411031876e-18	-9.739601187331642e-19
3.2201403599083914e-19	-1.6001292208180632e-18	1.7131066179984267e-19	3.0153945544544995e-18	1.3135276323716124e-18	3.8757076191758296e-18	-8.439139776308166e-19	6.757373749186584e-19
-4.343514602588126e-19	1.1445497989580663e-18	-1.4871661125144004e-18	-1.8649047608384292e-19	-7.087892483406477e-19	-6.356967816074565e-19	4.360210902900584e-19	-1.0740367410955203e-18
-2.943865571378513e-19	6.625209923486605e-19	-2.32375355696772e-19	-7.811199984331591e-19	-6.618853093722616e-19	-9.783981535127924e-19	5.11122181444324e-19	-1.264322276570805e-18
2.254216330626193e-19	-1.1316652899419079e-18	2.0137234232229237e-18	-1.843641517767924e-18	6.260488729334283e-19	4.5344084846105785e-19	-1.615388621473369e-18	7.12750448882024e-19
0.0	0.0	0.0	0.0	0.0	0.0	0.0	0.0
0.0	0.0	0.0	0.0	0.0	0.0	0.0	0.0
0.0	0.0	0.0	0.0	0.0	0.0	0.0	0.0
0.0	0.0	0.0	0.0	0.0	0.0	0.0	0.0
0.0	0.0	0.0	0.0	0.0	0.0	0.0	0.0
0.0	0.0	0.0	0.0	0.0	0.0	0.0	0.0
0.0	0.0	0.0	0.0	0.0	0.0	0.0	0.0
0.0	0.0	0.0	0.0	0.0	0.0	0.0	0.0
0.0	0.0	0.0	0.0	0.0	0.0	0.0	0.0
0.0	0.0	0.0	0.0	0.0	0.0	0.0	0.0
0.0	0.0	0.0	0.0	0.0	0.0	0.0	0.0
0.0	0.0	0.0	0.0	0.0	0.0	0.0	0.0
0.0	0.0	0.0	0.0	0.0	0.0	0.0	0.0
0.0	0.0	0.0	0.0	0.0	0.0	0.0	0.0
0.0	0.0	0.0	0.0	0.0	0.0	0.0	0.0
0.0	0.0	0.0	0.0	0.0	0.0	0.0	0.0
0.0	0.0	0.0	0.0	0.0	0.0	0.0	0.0
0.0	0.0	0.0	0.0	0.0	0.0	0.0	0.0
0.0	0.0	0.0	0.0	0.0	0.0	0.0	0.0
0.0	0.0	0.0	0.0	0.0	0.0	0.0	0.0
0.0	0.0	0.0	0.0	0.0	0.0	0.0	0.0
0.0	0.0	0.0	0.0	0.0	0.0	0.0	0.0
0.0	0.0	0.0	0.0	0.0	0.0	0.0	0.0
0.0	0.0	0.0	0.0	0.0	0.0	0.0	0.0
0.0	0.0	0.0	0.0	0.0	0.0	0.0	0.0
0.0	0.0	0.0	0.0	0.0	0.0	0.0	0.0
0.0	0.0	0.0	0.0	0.0	0.0	0.0	0.0
0.0	0.0	0.0	0.0	0.0	0.0	0.0	0.0
0.0	0.0	0.0	0.0	0.0	0.0	0.0	0.0
0.0	0.0	0.0	0.0	0.0	0.0	0.0	0.0
0.0	0.0	0.0	0.0	0.0	0.0	0.0	0.0
0.0	0.0	0.0	0.0	0.0	0.0	0.0	0.0
0.0	0.0	0.0	0.0	0.0	0.0	0.0	0.0
0.0	0.0	0.0	0.0	0.0	0.0	0.0	0.0
0.0	0.0	0.0	0.0	0.0	0.0	0.0	0.0
0.0	0.0	0.0	0.0	0.0	0.0	0.0	0.0
0.0	0.0	0.0	0.0	0.0	0.0	0.0	0.0
0.0	0.0	0.0	0.0	0.0	0.0	0.0	0.0
0.0	0.0	0.0	0.0	0.0	0.0	0.0	0.0
0.0	0.0	0.0	0.0	0.0	0.0	0.0	0.0
0.0	0.0	0.0	0.0	0.0	0.0	0.0	0.0
0.0	0.0	0.0	0.0	0.0	0.0	0.0	0.0
0.0	0.0	0.0	0.0	0.0	0.0	0.0	0.0
0.0	0.0	0.0	0.0	0.0	0.0	0.0	0.0
0.0	0.0	0.0	0.0	0.0	0.0	0.0	0.0
0.0	0.0	0.0	0.0	0.0	0.0	0.0	0.0
0.0	0.0	0.0	0.0	0.0	0.0	0.0	0.0
0.0	0.0	0.0	0.0	0.0	0.0	0.0	0.0
0.0	0.0	0.0	0.0	0.0	0.0	0.0	0.0
0.0	0.0	0.0	0.0	0.0	0.0	0.0	0.0
0.0	0.0	0.0	0.0	0.0	0.0	0.0	0.0
0.0	0.0	0.0	0.0	0.0	0.0	0.0	0.0
0.0	0.0	0.0	0.0	0.0	0.0	0.0	0.0
0.0	0.0	0.0	0.0	0.0	0.0	0.0	0.0
0.0	0.0	0.0	0.0	0.0	0.0	0.0	0.0
0.0	0.0	0.0	0.0	0.0	0.0	0.0	0.0
0.0	0.0	0.0	0.0	0.0	0.0	0.0	0.0
0.0	0.0	0.0	0.0	0.0	0.0	0.0	0.0
0.0	0.0	0.0	0.0	0.0	0.0	0.0	0.0
0.0	0.0	0.0	0.0	0.0	0.0	0.0	0.0
0.0	0.0	0.0	0.0	0.0	0.0	0.0	0.0
0.0	0.0	0.0	0.0	0.0	0.0	0.0	0.0
0.0	0.0	0.0	0.0	0.0	0.0	0.0	0.0
0.0	0.0	0.0	0.0	0.0	0.0	0.0	0.0
0.0	0.0	0.0	0.0	0.0	0.0	0.0	0.0
0.0	0.0	0.0	0.0	0.0	0.0	0.0	0.0
0.0	0.0	0.0	0.0	0.0	0.0	0.0	0.0
0.0	0.0	0.0	0.0	0.0	0.0	0.0	0.0
0.0	0.0	0.0	0.0	0.0	0.0	0.0	0.0
0.0	0.0	0.0	0.0	0.0	0.0	0.0	0.0
0.0	0.0	0.0	0.0	0.0	0.0	0.0	0.0
0.0	0.0	0.0	0.0	0.0	0.0	0.0	0.0
0.0	0.0	0.0	0.0	0.0	0.0	0.0	0.0
0.0	0.0	0.0	0.0	0.0	0.0	0.0	0.0
0.0	0.0	0.0	0.0	0.0	0.0	0.0	0.0
0.0	0.0	0.0	0.0	0.0	0.0	0.0	0.0
0.0	0.0	0.0	0.0	0.0	0.0	0.0	0.0
0.0	0.0	0.0	0.0	0.0	0.0	0.0	0.0
0.0	0.0	0.0	0.0	0.0	0.0	0.0	0.0
0.0	0.0	0.0	0.0	0.0	0.0	0.0	0.0
0.0	0.0	0.0	0.0	0.0	0.0	0.0	0.0
0.0	0.0	0.0	0.0	0.0	0.0	0.0	0.0
0.0	0.0	0.0	0.0	0.0	0.0	0.0	0.0
0.0	0.0	0.0	0.0	0.0	0.0	0.0	0.0
0.0	0.0	0.0	0.0	0.0	0.0	0.0	0.0
0.0	0.0	0.0	0.0	0.0	0.0	0.0	0.0
0.0	0.0	0.0	0.0	0.0	0.0	0.0	0.0
0.0	0.0	0.0	0.0	0.0	0.0	0.0	0.0
0.0	0.0	0.0	0.0	0.0	0.0	0.0	0.0
0.0	0.0	0.0	0.0	0.0	0.0	0.0	0.0
0.0	0.0	0.0	0.0	0.0	0.0	0.0	0.0
0.0	0.0	0.0	0.0	0.0	0.0	0.0	0.0
0.0	0.0	0.0	0.0	0.0	0.0	0.0	0.0
0.0	0.0	0.0	0.0	0.0	0.0	0.0	0.0
0.0	0.0	0.0	0.0	0.0	0.0	0.0	0.0
0.0	0.0	0.0	0.0	0.0	0.0	0.0	0.0
0.0	0.0	0.0	0.0	0.0	0.0	0.0	0.0
0.0	0.0	0.0	0.0	0.0	0.0	0.0	0.0
0.0	0.0	0.0	0.0	0.0	0.0	0.0	0.0
0.0	0.0	0.0	0.0	0.0	0.0	0.0	0.0
0.0	0.0	0.0	0.0	0.0	0.0	0.0	0.0
0.0	0.0	0.0	0.0	0.0	0.0	0.0	0.0
0.0	0.0	0.0	0.0	0.0	0.0	0.0	0.0
0.0	0.0	0.0	0.0	0.0	0.0	0.0	0.0
0.0	0.0	0.0	0.0	0.0	0.0	0.0	0.0
0.0	0.0	0.0	0.0	0.0	0.0	0.0	0.0
0.0	0.0	0.0	0.0	0.0	0.0	0.0	0.0
0.0	0.0	0.0	0.0	0.0	0.0	0.0	0.0
0.0	0.0	0.0	0.0	0.0	0.0	0.0	0.0
0.0	0.0	0.0	0.0	0.0	0.0	0.0	0.0
0.0	0.0	0.0	0.0	0.0	0.0	0.0	0.0
0.0	0.0	0.0	0.0	0.0	0.0	0.0	0.0
0.0	0.0	0.0	0.0	0.0	0.0	0.0	0.0
0.0	0.0	0.0	0.0	0.0	0.0	0.0	0.0
0.0	0.0	0.0	0.0	0.0	0.0	0.0	0.0
0.0	0.0	0.0	0.0	0.0	0.0	0.0	0.0
0.0	0.0	0.0	0.0	0.0	0.0	0.0	0.0
0.0	0.0	0.0	0.0	0.0	0.0	0.0	0.0
0.0	0.0	0.0	0.0	0.0	0.0	0.0	0.0
0.0	0.0	0.0	0.0	0.0	0.0	0.0	0.0
0.0	0.0	0.0	0.0	0.0	0.0	0.0	0.0
0.0	0.0	0.0	0.0	0.0	0.0	0.0	0.0
0.0	0.0	0.0	0.0	0.0	0.0	0.0	0.0
0.0	0.0	0.0	0.0	0.0	0.0	0.0	0.0
0.0	0.0	0.0	0.0	0.0	0.0	0.0	0.0
0.0	0.0	0.0	0.0	0.0	0.0	0.0	0.0
0.0	0.0	0.0	0.0	0.0	0.0	0.0	0.0
0.0	0.0	0.0	0.0	0.0	0.0	0.0	0.0
0.0	0.0	0.0	0.0	0.0	0.0	0.0	0.0
0.0	0.0	0.0	0.0	0.0	0.0	0.0	0.0
-0.004213481239882435	-0.015430558278903142	0.01350530362614438	-0.009014076475239377	-0.026082851849257332	-0.04570347292373314	0.06635750945714114	-0.02103962679042402
-0.004213481239882435	-0.015430558278903142	0.01350530362614438	-0.009014076475239377	-0.026082851849257332	-0.04570347292373314	0.06635750945714114	-0.02103962679042402
0.0	0.0	0.0	0.0	0.0	0.0	0.0	0.0
0.0	0.0	0.0	0.0	0.0	0.0	0.0	0.0
0.0	0.0	0.0	0.0	0.0	0.0	0.0	0.0
0.0	0.0	0.0	0.0	0.0	0.0	0.0	0.0
0.0	0.0	0.0	0.0	0.0	0.0	0.0	0.0
0.0	0.0	0.0	0.0	0.0	0.0	0.0	0.0
0.0	0.0	0.0	0.0	0.0	0.0	0.0	0.0
0.0	0.0	0.0	0.0	0.0	0.0	0.0	0.0
0.0	0.0	0.0	0.0	0.0	0.0	0.0	0.0
0.0	0.0	0.0	0.0	0.0	0.0	0.0	0.0
0.0	0.0	0.0	0.0	0.0	0.0	0.0	0.0
0.0	0.0	0.0	0.0	0.0	0.0	0.0	0.0
0.0	0.0	0.0	0.0	0.0	0.0	0.0	0.0
-0.008033376034681133	-0.022638610838388633	-0.00818799622423267	0.04487446209329039	-0.0019511745357040605	-0.013026746679599233	-0.0018376918167763486	-0.03364829596299807
-0.010598082659300435	-0.029849064085255794	-0.01406247660985389	0.05709171317603935	-0.002514015713335926	0.0024753900580266417	-0.004454183406822791	-0.0607682568941019
-0.008585334736755872	-0.01823284179782087	-0.01215175418307473	0.017436147616076487	0.009943555882225072	0.007561679920250971	0.015479212182937171	-0.01586917141174725
-0.008585334736755872	-0.01823284179782087	-0.01215175418307473	0.017436147616076487	0.009943555882225072	0.007561679920250971	0.015479212182937171	-0.01586917141174725
0.0	0.0	0.0	0.0	0.0	0.0	0.0	0.0
0.0	0.0	0.0	0.0	0.0	0.0	0.0	0.0
0.0	0.0	0.0	0.0	0.0	0.0	0.0	0.0
0.0	0.0	0.0	0.0	0.0	0.0	0.0	0.0
0.0	0.0	0.0	0.0	0.0	0.0	0.0	0.0
0.0	0.0	0.0	0.0	0.0	0.0	0.0	0.0
0.0	0.0	0.0	0.0	0.0	0.0	0.0	0.0
0.0	0.0	0.0	0.0	0.0	0.0	0.0	0.0
-0.011429904250400974	-0.032304575469511716	0.006627494073300228	0.03704331476289481	-0.02828247126726857	-0.03355273052677564	0.009899708833780423	0.02993263913881436
-0.02169295444119007	-0.05646571706700482	0.037851824791648364	0.024974384567579447	-0.07059754242160554	-0.08872682829337422	0.07746807670919978	0.046979734805439634
-0.01624010596490639	-0.0306468940058726	0.03822187351552127	0.018244902076336295	-0.050896933207613945	-0.06126318766479029	0.04179915251293961	0.0111845417035845
0.0	0.0	0.0	0.0	0.0	0.0	0.0	0.0
0.0	0.0	0.0	0.0	0.0	0.0	0.0	0.0
0.0	0.0	0.0	0.0	0.0	0.0	0.0	0.0
0.0	0.0	0.0	0.0	0.0	0.0	0.0	0.0
0.0	0.0	0.0	0.0	0.0	0.0	0.0	0.0
0.0	0.0	0.0	0.0	0.0	0.0	0.0	0.0
0.0	0.0	0.0	0.0	0.0	0.0	0.0	0.0
0.0	0.0	0.0	0.0	0.0	0.0	0.0	0.0
0.0	0.0	0.0	0.0	0.0	0.0	0.0	0.0
0.0	0.0	0.0	0.0	0.0	0.0	0.0	0.0
0.0	0.0	0.0	0.0	0.0	0.0	0.0	0.0
0.0	0.0	0.0	0.0	0.0	0.0	0.0	0.0
-0.021157681231615048	-0.05394503412881289	-0.03056986886793682	0.07942499967312268	-0.0124564480622381	0.01098880338991675	0.013827181344158085	-0.055189486968350014
-0.030315517157673888	-0.06745410534879401	-6.085975055368162e-5	0.12535760917966376	-0.045346388121432164	0.005682223674773192	-0.016114044536107187	-0.03708734171416476
-0.04414345893357727	-0.050386405758771756	0.011539848733209755	0.1276049281870162	-0.014021750386041427	0.03457440092481126	-0.014214110740757537	-0.06329482366709223
-0.02773727758181583	-0.024528184003630042	0.016127296608112088	0.0621933694963953	0.00540697053032437	0.04519993674752101	0.00787999138698789	-0.033836307905655755
-0.012881071925168339	-0.025046987054894464	-0.005297024401915519	0.03345107435045662	-0.0025579213848731693	0.012084489726841653	0.014997846764873334	-0.005094635584502625
0.0	0.0	0.0	0.0	0.0	0.0	0.0	0.0
0.0	0.0	0.0	0.0	0.0	0.0	0.0	0.0
0.0	0.0	0.0	0.0	0.0	0.0	0.0	0.0
0.0	0.0	0.0	0.0	0.0	0.0	0.0	0.0
-0.0009021437966069235	0.0011728107309167033	0.005136344198441817	-1.919203354080276e-5	0.0036480932226344554	0.003731328061995752	0.006351877170616153	-0.005325036019758504
-0.004740953508151867	0.0061633646099994955	0.026992558324145252	-0.00010085813269021488	0.01917148954187146	0.019608905955035956	0.03338043720817543	-0.027984173137211146
0.0	0.0	0.0	0.0	0.0	0.0	0.0	0.0
-0.004302097080510919	0.00995243476921151	-0.005985602560577419	0.000736267171530264	0.011432659711342216	-0.027171593515853368	-0.011608978830341355	-0.012684013308604926
-0.01988403530758638	-0.009612096126794865	0.0042799265059036	0.02907415406250333	-0.022147958435991974	-0.07481822967070714	-0.010132465277234281	0.016225660556968984
-0.041921377372714445	-0.04680490133694082	0.018200671985760992	0.012007289047160108	-0.054720010721190225	-0.08460257386178356	-0.04239964989104315	0.04709686857390052
-0.04149429299348511	-0.07361779712243527	0.033871394439074734	0.013893456467879713	-0.1464889710713992	-0.07574279529696018	0.048873783872708146	-0.001045421301133344
-0.016754336194633342	-0.0076175650181430805	0.007007144789747427	-0.046443864144574895	-0.09175350174353557	-0.03580684913894039	0.020144099186879837	-0.06920745481366859
-0.0053030090461309975	-0.005681191819283675	-0.0020783660941655277	-0.039501510406674	0.004155210231240464	0.02147527581671055	-0.0038602738805567694	-0.00459951292240982
-0.0011355098168564619	-0.0012164884174481723	-0.0004450313175815542	-0.008458283298641782	0.0008897367452386972	0.004598405602827757	-0.00082658333202823	-0.0009848733107413775
0.0	0.0	0.0	0.0	0.0	0.0	0.0	0.0
0.0	0.0	0.0	0.0	0.0	0.0	0.0	0.0
0.0	0.0	0.0	0.0	0.0	0.0	0.0	0.0
0.0	0.0	0.0	0.0	0.0	0.0	0.0	0.0
0.0	0.0	0.0	0.0	0.0	0.0	0.0	0.0
0.0	0.0	0.0	0.0	0.0	0.0	0.0	0.0
0.0	0.0	0.0	0.0	0.0	0.0	0.0	0.0
-0.0037189324805903747	-0.00889625603249384	-0.025098422367797465	-0.013530434934171897	0.023987162165937242	0.007069710517202479	0.01076469630555403	0.012822401197205855
-0.027364163981430222	-0.0662627761990551	-0.06474825762468406	0.07360743522237967	0.022388126884386517	0.035381459726049086	0.024370926761941483	-0.05554092557858794
-0.03930735112114515	-0.08453947511349573	-0.02953095127508193	0.13231825041536754	-0.039861058125482705	0.012858047486947632	-0.0340917710156049	-0.022015107673322255
-0.07592007604130718	-0.07699194781538629	0.0251234070061884	0.10165778713601391	-0.010028029788576667	0.02359077180628904	-0.07790835878851382	-0.037228906211048685
-0.08515949955399028	-0.027869058588420467	0.07783313816736369	-0.016587614259898995	-0.04296235335450568	0.06534554409895224	-0.1149366431508005	-0.020071678783378243
-0.08408094161023456	0.006409893700215606	0.13666740021921173	-0.05786942464965701	-0.05994891996232478	-0.0019323419391399227	-0.013138359615636433	0.0026622096060929354
-0.022802915677245884	0.027615578787210226	0.012074388748202956	-0.007915134659606951	0.017629593313143413	0.062191883661177505	0.00539006020151292	0.007209101046147965
-0.003317688410777101	0.010111872094171664	-0.031908190672038164	0.010413902111378093	0.002109502417525789	0.0187387246784227	0.02416543583283918	0.01416046660276213
-0.005304951826246814	0.011608802785870087	0.0004781857101646325	-0.00959322500142883	-0.04627662776875862	0.010520239368325152	-0.010398004167696906	-0.037622726358541136
-0.005304951826246814	0.011608802785870087	0.0004781857101646325	-0.00959322500142883	-0.04627662776875862	0.010520239368325152	-0.010398004167696906	-0.037622726358541136
-0.007826447237172752	-0.010914691171306676	0.0036065678363126265	0.02437712598339502	0.009780596055786897	0.04215938936828915	0.01375648244696952	-0.07015956037912575
-0.0070757306220895514	-0.00018816036512588722	0.022057388580003078	0.010773791406842868	0.018879455853414922	0.03362262137426514	0.031415156239101516	-0.05243133634726831
-0.004792638825740933	0.006230556886139165	0.027286828020552545	-0.00010195767619144882	0.019380494866206206	0.01982267994166493	0.03374434680893401	-0.028289253301692244
-0.016436824476735556	0.025494688394441203	0.03781859454269549	-0.00220086743116789	0.05217210136193384	-0.016234782296401434	0.03505387079754238	-0.017305909842959624
-0.03300826426182457	0.0562243994433377	0.08322585341622185	0.01879594801021009	0.10084267166108617	0.020758076093997366	0.05932843511274188	-0.045338403496656916
-0.03906993575749786	0.05750977574559261	0.04669319168384474	0.026337020269260564	0.04711405802895133	0.02651162416341452	-0.028355305783636837	0.07114985518644888
-0.05648887035658099	0.01282136901860116	0.005003158221347628	0.05194834767345079	-0.01562877860759952	-0.0298561934758308	-0.10874900085456167	0.03945068640686866
-0.06507322573683615	-0.06633500363243348	0.011071246857994876	-0.004573705531425803	-0.13743023911992538	-0.13400831866440308	-0.06509742255611804	-0.031069387283950124
-0.040307105595896606	-0.07129393559946987	-0.013706383601753185	-0.035082072491451045	-0.13157139891296885	-0.06963544900907681	0.05466031295492714	-0.046976702203416904
-0.011917164253222706	-0.021113167595313728	-0.024629301418984815	-0.045423750302698046	0.014575852511470404	0.03169964300915525	0.01191554831734164	-0.01755707591890623
-0.006063979005556796	-0.006496430162383362	-0.0023766069888332478	-0.045169888964948446	0.004751473623131086	0.024556929953963642	-0.0044142145645544705	-0.005259532758600419
0.0	0.0	0.0	0.0	0.0	0.0	0.0	0.0
0.0	0.0	0.0	0.0	0.0	0.0	0.0	0.0
0.0	0.0	0.0	0.0	0.0	0.0	0.0	0.0
0.0	0.0	0.0	0.0	0.0	0.0	0.0	0.0
0.0	0.0	0.0	0.0	0.0	0.0	0.0	0.0
0.0	0.0	0.0	0.0	0.0	0.0	0.0	0.0
0.0	0.0	0.0	0.0	0.0	0.0	0.0	0.0
-0.0052887009038672	-0.012437224381257904	-0.03339896817750948	-0.016811648094820456	0.03209412732758575	0.011995911294856401	0.014064271154652117	0.014826797457466226
-0.043609636322218225	-0.10600549357396853	-0.07765900151068042	0.05646431280967471	-0.01420018193833821	0.031202727703920435	0.010196642977783043	0.017967059567485334
-0.08877778414169898	-0.13084558943237032	0.013482678613609717	0.09293078504537558	-0.03619129012883437	0.050534161423228495	-0.09031223218928533	-0.010766330382429993
-0.09744076889034306	0.028292157863781957	0.07901170596361762	-0.046724257089678714	0.07489667166869006	0.04637992937176142	-0.1007156753795615	-0.06485595942850202
-0.09559892322682081	0.08421783751605036	0.1004569658867587	-0.10962500716670878	0.016025326045940674	-0.09152554727367998	0.009793044560200272	-0.07681845026669891
-0.073279817593058	0.053232490881141875	0.07902328888002597	-0.12334611675083008	-0.021646353006160076	-0.054758967999722095	-0.02117756966362759	-0.07342568561183724
-0.03245909633173621	0.06345988865664187	-0.030478171048788055	-0.02681686148525392	-0.049892796374361545	-0.061614208693508685	0.07819843202062773	0.004327081078677492
-0.013547244269874529	0.049810260317780804	-0.0566377247892577	0.01136255121800029	-0.07116762087928738	0.031120503029831957	0.03346978226327977	-0.008470957311021066
-0.005304951826246814	0.011608802785870087	0.0004781857101646325	-0.00959322500142883	-0.04627662776875862	0.010520239368325152	-0.010398004167696906	-0.037622726358541136
-0.01574624466716593	0.004022812115669696	0.006875081962757081	0.033646085020928085	-0.03426412955379216	0.07201540843293192	-0.018983241301886073	-0.11419302782980094
-0.015981621373550775	-0.015871839756163377	-0.01690002583709721	-0.03240596400309159	-0.017410059452246218	0.03867839413418635	-0.051074516800791905	-0.07810534903302763
-0.022302145104885075	-0.011278128508218426	0.009787990422821191	-0.04388896232497625	0.003167620434134756	0.06468845740451913	-0.01844237895515621	-0.10771979833308587
-0.004496309295850022	0.010401723655160344	-0.006255814299567529	0.0007695049334376225	0.011948771302551174	-0.028398217479062703	-0.012133050104018332	-0.013256615525141222
-0.019061493136055437	0.058123672846165285	0.0026170336370546776	0.01601823289282035	0.03821125427384501	-0.027230959577691366	0.05388404493085951	-0.048812800508829586
-0.042038339799850936	0.10929075972313985	0.019714509588992023	0.041503624751966256	0.08519010123843923	0.043434948167275944	0.1237834682931559	-0.0057435685332753355
-0.04828689940956542	0.10758380876869708	0.06818014699490482	0.041843362029241826	0.06613126197566688	0.10238390434666986	0.13308276279804546	0.014940702905770766
-0.06523154658577018	0.03324275588685916	0.06890828868305363	0.06755699926092888	0.014985672744357104	0.0056836471878479525	-0.11041021563407287	0.039542142855609995
-0.09335249741968163	-0.06575512544672142	0.06129916142307503	0.0636310873549741	-0.11304212580979237	-0.11500388380407998	-0.10141871218541973	0.06641265658473715
-0.051979163467271376	-0.11069251651890785	-0.046408589601232536	-0.03738048023379658	-0.05816573304207549	-0.08061719544851484	0.039121260920834594	0.05541561238591618
-0.013776233698908232	-0.024611415935105543	-0.04094091436194802	-0.057792710358311836	0.03733041715296972	0.04290816460623877	0.014229464108580057	-0.001551489916729085
-0.006063979005556796	-0.006496430162383362	-0.0023766069888332478	-0.045169888964948446	0.004751473623131086	0.024556929953963642	-0.0044142145645544705	-0.005259532758600419
0.0	0.0	0.0	0.0	0.0	0.0	0.0	0.0
0.0	0.0	0.0	0.0	0.0	0.0	0.0	0.0
0.0	0.0	0.0	0.0	0.0	0.0	0.0	0.0
0.0	0.0	0.0	0.0	0.0	0.0	0.0	0.0
0.0	0.0	0.0	0.0	0.0	0.0	0.0	0.0
0.0	0.0	0.0	0.0	0.0	0.0	0.0	0.0
0.0	0.0	0.0	0.0	0.0	0.0	0.0	0.0
-0.015381006674497771	-0.03333644929342839	-0.06584369718146915	-0.011442931729782443	0.04469773766023998	0.01939489943997516	0.010009988716815915	0.017385842349532672
-0.04968848621649003	-0.11601850826600409	-0.07716960430723599	0.06193345313243509	-0.012394290811129978	0.03255983082573979	0.008145681066621547	0.02403980873791001
-0.1223651985962133	-0.08139757499449907	0.0993937592680449	0.016276257568523862	-0.01737919927580227	0.11092650913120476	-0.13038943014269044	-0.011078755557887758
-0.12134844318825455	0.06984919307857196	0.10293216876129865	-0.04870014785465025	0.058951675577923815	-0.05844328281705233	-0.058222711577588016	-0.0595720465406443
-0.06609565834483395	0.1191790585816567	0.06243708199561691	-0.032609361562371375	0.03847283204941423	-0.10403850884477056	0.1165900280812685	-0.004952407029899828
-0.03885273551793079	0.07080673262839829	-0.05683484011813298	-0.03353024188541873	-0.041245428213990964	-0.04007478509508926	0.12297079982562062	0.049053841540817975
-0.018933885607946947	0.05932135250176476	-0.07051880733267021	0.009824848654588013	-0.07682449735934765	0.03633360918984775	0.03303424026460784	-0.0027799247882907886
-0.00891852422193932	0.0328618464896832	-0.01597475754497393	9.691580965504542e-5	-0.06608633777815914	0.018343461646337995	0.009067083460156795	-0.029696403246143907
-0.02555356248573492	0.010096996839874429	-0.03172931073130902	0.044348240922150076	-0.04411240448707866	0.08961087789549238	0.016516365994886695	-0.12087785642701307
-0.03726287262594357	-0.016212692617625448	-0.015438465565507112	0.008032192469162468	-0.03738030848285341	0.09334944578716287	-0.02338086919084336	-0.1400485895878623
-0.03693350152506967	-0.04659662919159374	-0.057048530146769014	-0.04454311153041788	0.037040507855362885	0.06576397638250364	-0.04399212433462986	-0.10484282375463908
-0.03488229355374564	-0.02583719340682186	-0.0944285302265773	-0.05295638152178316	0.04704206243888125	0.04157397245229046	-0.015714930808318768	-0.08198837976329104
-0.007174119673984478	0.019766762756078783	-0.018814441497771065	0.0106061152996041	0.012699868598154071	-0.04026973429282083	-0.007805712860199172	-0.021401766939584035
-0.0029192357146514882	0.014995033490525387	-0.022135473377687495	0.010714410156738288	-0.012840393816923519	-0.010304794040364877	0.008709212834042707	0.005716828675806704
-0.0203680357340031	0.06615591086024972	-0.01538679775241238	0.02416989016135165	0.01699537486654964	0.055246039811863254	0.1138042453501469	0.0017546801957717035
-0.04017452540394201	0.11542730812379638	0.0015473164827910259	0.03696534627203863	-0.0062281587815805305	0.09964233056019794	0.1152954578826553	-0.08315695329727767
-0.09065435364745286	0.14726711350901472	0.10938321376127198	0.05200567553047042	0.04621701194246338	-0.03274181623545426	-0.00714067175070092	-0.04416357849271739
-0.10052570083810704	-0.06950107651212446	0.07641190056019029	0.09599153275116493	-0.016297513228251764	-0.09726431850811379	-0.07679606675287272	0.11452322880151403
-0.0658133749074498	-0.13049486649910325	-0.058313766783315284	-0.045185602611539095	-0.014599397895728509	-0.07447974547750674	0.04814069726006471	0.05230390660230277
-0.015273869930875142	-0.02893278815026633	-0.03951850288798371	-0.07014165480541255	0.030800249586638774	0.049597669902777274	0.010139550045331002	0.0067084700180689285
-0.0029844288859618047	-0.0031972626907982226	-0.0011696634407132797	-0.022230670864649808	0.002338470353997536	0.012085861616273924	-0.002172485993638436	-0.0025885151444366163
0.0	0.0	0.0	0.0	0.0	0.0	0.0	0.0
0.0	0.0	0.0	0.0	0.0	0.0	0.0	0.0
0.0	0.0	0.0	0.0	0.0	0.0	0.0	0.0
0.0	0.0	0.0	0.0	0.0	0.0	0.0	0.0
0.0	0.0	0.0	0.0	0.0	0.0	0.0	0.0
0.0	0.0	0.0	0.0	0.0	0.0	0.0	0.0
0.0	0.0	0.0	0.0	0.0	0.0	0.0	0.0
-0.016801444964473708	-0.03544157598738851	-0.06925882918419665	-0.009558926636240297	0.04562899845804556	0.019480771721390015	0.003179732695573303	0.02236396609328274
-0.09143670149422291	-0.13828290257448414	-0.07646114892744159	-0.04532251236156521	-0.04187328756297776	0.047916941797267805	-0.05568404835306402	0.01765692171713032
-0.13503150742326744	-0.025043924659827042	0.12346771645813476	0.009778843300642968	-0.018580232947592725	0.053427952651219475	-0.10606729223966933	-0.02369284453797674
-0.07907044383658166	0.11673470241081325	0.11179698988943365	-0.025268697451497533	0.05170217217885485	-0.06959994827161954	0.10332200860599197	-0.09950335284605535
-0.038808611782005224	0.09545664591498859	-0.02412183381155743	0.0007814144438008292	0.007581719425233998	-0.15451306131708292	0.10512976751699678	-0.015511658302340102
-0.026886679507841866	0.08368654485287222	-0.051305012463858025	0.025464902213892582	-0.06092286479962984	0.06996387308075405	0.09540041994774644	0.05657238109156931
-0.01559265278309493	0.0340466470849732	-0.006421866603628892	0.005118987551909532	-0.028253681466395487	0.06551006143591144	0.06481428618824274	-0.04092546255867776
-0.02830030168562793	0.021137861881796942	0.05959482242408534	0.03616838858938515	-0.003956963879104362	0.1343831701117852	0.04445402635581719	-0.15691011965515755
-0.06906482728626982	-0.0036905353125867113	0.005363132413147814	-0.03746321702050162	-0.02369706992709226	0.13018624252030941	-0.009646922252088857	-0.12776884050862386
-0.1106370654053972	-0.0018331810325002374	-0.12117411518697274	-0.015424402211998652	-0.053569286699593696	0.07376939721355498	-0.034251045273662545	-0.1081091269668247
-0.060516538811219316	-0.029081030230112513	-0.08941662132582218	0.03560922034979293	0.04840395757564589	0.09443332239820373	-0.026777275133123717	-0.06004715780886501
-0.038931206612447415	-0.013721554337584298	-0.09691509052464134	0.011451608192085846	0.06239348779380335	0.014778918209770104	-0.029018516778663597	-0.05078481613827349
-0.010932334686849215	0.002095218087088249	-0.04161971634702872	-0.016907109321425272	0.047747296684112574	-0.028543019329391437	-0.0019300756453908283	-0.0007026560891681333
-0.003317688410777101	0.010111872094171664	-0.031908190672038164	0.010413902111378093	0.002109502417525789	0.0187387246784227	0.02416543583283918	0.01416046660276213
-0.011120954850523938	0.04823642156573324	-0.0875336916513488	0.038576769143871516	-0.04957601392903516	0.061843710392318896	0.07847595952550497	0.07884564295207842
-0.03443003503489348	0.12090530235129111	-0.018402909238836966	0.015341832238673768	-0.0800495484315928	0.03467243445679476	0.1025753350892726	-0.05816235500223364
-0.07482234825123822	0.16694302239842881	0.05922596336389132	-0.001320546073920813	0.016229119264268215	-0.04659328435274048	-0.014187115033387416	-0.11483805591897765
-0.11380323535507968	-0.042007440565940746	0.08586512083437803	0.06891290656137586	0.038202358542392185	-0.09113631512752993	-0.03864636620278838	0.06987213114868131
-0.079571236160144	-0.14145946709188847	-0.055673287464892814	-0.0516918230685834	0.0058954975601965805	-0.03715042648411856	0.05664041904714397	0.07814080409787758
-0.017874814341146864	-0.030026390309584608	-0.032199069535811725	-0.051528311111583174	0.014328456042678708	0.04412114329208777	-0.026056160728193237	0.01588690967017791
0.0	0.0	0.0	0.0	0.0	0.0	0.0	0.0
0.0	0.0	0.0	0.0	0.0	0.0	0.0	0.0
0.0	0.0	0.0	0.0	0.0	0.0	0.0	0.0
0.0	0.0	0.0	0.0	0.0	0.0	0.0	0.0
0.0	0.0	0.0	0.0	0.0	0.0	0.0	0.0
0.0	0.0	0.0	0.0	0.0	0.0	0.0	0.0
0.0	0.0	0.0	0.0	0.0	0.0	0.0	0.0
0.0	0.0	0.0	0.0	0.0	0.0	0.0	0.0
-0.02154492691771038	-0.03963580746470742	-0.07189781609124515	-0.0596445428708238	0.049935494322498844	0.03375917925434124	-7.985285796811002e-5	0.02618338322324865
-0.09917289861983494	-0.11798041868684414	-0.06265806244938146	-0.07957511548178857	-0.007824040714967402	0.03358424541661376	-0.048905598398763336	0.03529217301991112
-0.13048673044851924	-0.03396128232178118	0.12371662663004453	0.025999059373039063	-0.06230989515496423	-0.07015751913467015	-0.016974841078562355	-0.020584335895317718
-0.08773472896221633	0.13632214820196786	0.10853455440750753	0.06507019114721875	0.06463635326612871	-0.08132581822196845	0.10830012242515565	-0.013224469763808012
-0.05833237569452607	0.14593498011200878	-0.002581836794983427	0.0855635452525777	-0.08187992603063561	0.12745447518368253	0.12247207368647674	-0.022558510617093165
-0.04038549840236933	0.10125150973244988	0.006077393728589217	0.050865408172827316	-0.049334897781792376	0.17816024308432477	0.1341499128560036	-0.019519302628225925
-0.037699206980967834	0.04356098611484086	0.07094394006589	0.05118666533612845	-0.01061652156027528	0.1527302963258107	0.049100564759040906	-0.15918066446473741
-0.07090427162227189	0.02184041128209003	0.09685482467751005	-0.07531751049315838	-0.004784572363772011	0.18650104722745392	0.07348125927528382	-0.015486377242679204
-0.13115729557809316	0.03261176804231455	-0.06734516339451489	-0.054968312602122524	-0.10467109432829355	0.12816194584960855	-0.08312943190813964	0.04031696062782096
-0.13818433152084061	0.07369854095315566	-0.15199536393037144	-0.02075554051340906	-0.09807866370265386	0.027621807908370193	-0.03214447865344838	0.07557927433489811
-0.07542786852726316	0.016757952782088987	-0.10678441501154276	0.086163353845667	0.0763382412053249	-0.010279619994174883	-0.037423418496279365	-0.03591026982548056
-0.03961330384005312	-0.02020278767344798	-0.09159786812918588	0.05625513216547695	0.10419849944535464	-0.00706659300399954	0.01132134201134738	-0.006233198085888709
-0.015446336143721538	-0.0014362609975969213	-0.06263378969384477	-0.012473270739885321	0.058866590045902265	-0.02043543337913923	0.016849941888993875	-0.004353874977305747
-0.006953839640373919	0.023046266519167358	-0.03862693174645239	0.01695918420345795	-0.019585759857716427	0.0459695406698439	0.049768489383030176	0.029775895055708275
-0.021492177591755333	0.08308499489740041	-0.09838035350246739	0.04518108740081081	-0.1259895432046905	0.0973513875168246	0.11321580351859137	0.050063018916200436
-0.035840165975093694	0.12235048703799338	-0.05001279124047246	-0.01979194325871774	-0.12227261788457729	-0.01447008178624053	-0.009035214407673964	-0.05396594519145741
-0.0668289035321133	0.11340336928930789	0.06429768045292729	0.007070461355018743	0.05889961598814483	-0.06561045685182021	-0.019252683225980487	-0.08504575545216427
-0.12720884138769958	-0.05779762070160121	0.09194590724325517	0.004606154996696405	0.09379984828197678	-0.04854412372434735	0.025591426829724397	0.04944619450663462
-0.08146966590778142	-0.12917380142800564	-0.036749573374127195	-0.050187416749730825	0.028863016574180313	-0.0312883758424654	0.06365035704738738	0.10260676569774747
-0.015272131751397893	-0.024354330988794363	-0.019825789436185598	-0.046556627283071146	0.002116242817696787	0.0350849237995599	-0.03075677294724869	0.014139589882353101
0.0	0.0	0.0	0.0	0.0	0.0	0.0	0.0
0.0	0.0	0.0	0.0	0.0	0.0	0.0	0.0
0.0	0.0	0.0	0.0	0.0	0.0	0.0	0.0
0.0	0.0	0.0	0.0	0.0	0.0	0.0	0.0
0.0	0.0	0.0	0.0	0.0	0.0	0.0	0.0
0.0	0.0	0.0	0.0	0.0	0.0	0.0	0.0
0.0	0.0	0.0	0.0	0.0	0.0	0.0	0.0
0.0	0.0	0.0	0.0	0.0	0.0	0.0	0.0
-0.01584246093857642	-0.031134457223999903	-0.05809256588502673	-0.06711635516813798	0.04614126109505206	0.03342202757764767	0.026982721421696138	0.006397097871980012
-0.07152433458922548	-0.09875356247699227	-0.10595825685712337	-0.11679764144974823	-0.036580207194962126	0.06022137673698128	-0.061553025382622056	-0.07626143262253297
-0.11268280623351525	-0.07285438274049658	0.034668134589805354	0.02603887949821878	-0.04199811222653561	-0.09961848543906122	-0.08367631700108373	0.001011736634104094
-0.10261229034556095	0.06564079860176956	0.08484831188290094	0.10714027828316192	-0.05000476024428776	-0.16400505392907977	0.02910435160489443	0.07542378786459239
-0.09157019131654673	0.12574560114483765	0.058190422101604064	0.10701761423235803	-0.07540564423388096	0.08580901373411297	0.10750094268571761	0.15174010472532873
-0.0805183712030326	0.06533080663922361	0.05392045334580135	0.07269866995029434	-0.11185918592545423	0.1930529881897565	0.08731138176789176	0.13852450658817902
-0.09807686508361643	0.034027822030253785	0.12110549133535395	-0.024433445205774933	-0.06785837614804381	0.18594997897111715	0.049114986652800896	0.07731765498916847
-0.11834661244038694	-0.008714215442528882	0.02817933028061951	-0.06253291823276111	-0.019622118767175963	0.16085756096180445	-0.004978343192765323	0.10436608390717071
-0.14340321134586248	0.08015264550699562	-0.12532371465583228	-0.03837649360760248	-0.11467939316244222	0.03764877472508528	-0.05549796476188521	0.1930673209787469
-0.13412743253714907	0.05733051032669547	-0.12319430230974114	0.015226898941450509	-0.05292854392321669	-0.0020747315053006744	-0.05485535153288962	0.08398740985999685
-0.07238893509617289	0.06246282926411232	-0.0967762584758593	0.17841305667221335	0.05894424521540392	-0.050861405118035975	0.0018073324659744353	-0.0693633009279877
-0.045025341755641456	-0.02957398081414334	-0.12754762204378586	0.07374192423538976	0.09359218149392125	-0.0158352406723999	0.046071257517594964	-0.0205335943765549
-0.016893475994513123	-0.005133811696539922	-0.08373807621834353	-0.005824786495619558	0.0354554593129897	0.04511449409900173	0.07596746831874526	0.027905133976341024
-0.011085943950541721	0.03669626258286027	-0.05345373469393812	0.028991162483350492	-0.057095852419928934	0.07008961947342202	0.07383923852716764	0.03279119438005846
-0.014347169073411773	0.054929858266399956	-0.04410651612879483	0.017944640121987897	-0.09978440634999075	0.0480057471286216	0.026933762754381793	0.0032734988667536924
-0.05010813285471132	0.1572003543373531	-0.06969987019701676	-0.030169135008076352	-0.11164447747538073	-0.0913841657613593	-0.039337387150535454	-0.08880842605814464
-0.09287231488327753	0.07842458409835461	0.08085619543787292	-0.05287887194925162	0.10617047289530403	-0.07598117594736083	-0.029716425015977606	-0.05305793121569426
-0.12668078235673097	-0.10704180959667851	0.086414585421936	0.028858358624582383	0.08168696088100677	0.029252053001624742	0.06820142541213453	0.02482635663127745
-0.06465451102298893	-0.12226741003455441	-0.048879003060357265	-0.028088794748726074	0.0015039063901862823	0.037641782206604746	0.06388517663982646	0.011346658266768865
-0.00421137750492673	-0.00624137160095465	-0.010125332578077469	0.005585780618632252	0.002761042702647028	0.00025459789193193853	-0.020250641484213114	0.01475935878321456
0.0	0.0	0.0	0.0	0.0	0.0	0.0	0.0
0.0	0.0	0.0	0.0	0.0	0.0	0.0	0.0
0.0	0.0	0.0	0.0	0.0	0.0	0.0	0.0
0.0	0.0	0.0	0.0	0.0	0.0	0.0	0.0
0.0	0.0	0.0	0.0	0.0	0.0	0.0	0.0
0.0	0.0	0.0	0.0	0.0	0.0	0.0	0.0
0.0	0.0	0.0	0.0	0.0	0.0	0.0	0.0
-0.006063979005556796	-0.006496430162383362	-0.0023766069888332478	-0.045169888964948446	0.004751473623131086	0.024556929953963642	-0.0044142145645544705	-0.005259532758600419
-0.020015586627080077	-0.03452372403954498	-0.0444775842773068	-0.10453724141098997	0.02513939785914906	0.04583797849674809	0.009154943257813372	0.01759654289539235
-0.05555733626643184	-0.08078966038296392	-0.08743870494848645	-0.11189085297327812	-0.04702608422310682	0.007695315984832585	0.03884386228141136	-0.14613594767776658
-0.05711520739643092	-0.05422245162404615	-0.05615553166864222	-0.01080311848839893	-0.07463156018645174	-0.07031851068653347	-0.006595131676606157	-0.14549561284406545
-0.08069947227149848	0.009852923218941066	0.013096868865428386	0.05039470767569701	-0.024579697515328843	-0.1669480978098961	-0.15968174849590747	0.04960583534156176
-0.09868840666811653	0.04577038065813017	-0.02956245286446858	0.060333488316891656	-0.10529821442725426	-0.031277983335911	-0.06714534402536446	0.10870871424407756
-0.11251900128761647	0.015373609172790416	-0.03076602365470775	0.0413635332326326	-0.09812567541288401	0.03324906807652042	-0.035967998143581474	0.12497538187780691
-0.1254571798081635	0.01631622005456278	-0.04502168156326438	-0.02174820500700235	-0.029723705163599592	0.10661391341715615	-0.023146532607103344	0.15759267372219526
-0.12393294093500712	-0.016544933666021434	-0.06224765202587668	-0.04484686412582601	-0.011577776217111865	-0.021809454110264408	0.03222719867223647	0.1543785066590921
-0.13858797687681826	0.04931676017460777	-0.10907882469876753	-0.07807558749375966	-0.08456673086134117	0.0011082263437746306	-0.035384364457339154	0.1375778962199881
-0.12582490310864142	0.06270971458135219	-0.03346354541205111	0.07658220769037727	-0.09556543634082029	-0.07559682552475026	-0.10885023576356889	0.0523587111667195
-0.08183180872446211	0.06339375566096796	-0.1319217418063529	0.2211963401479209	0.04118322897537497	-0.02610885712016362	-0.004010188785090472	-0.02447048233629206
-0.054208317230305655	-0.007880700062573926	-0.13952497339764064	0.07168413902163341	0.10560867033016412	-0.05814134415198282	0.058224176634701585	-0.043567916038065195
-0.0249235188743467	0.00644431655935456	-0.11879542955727931	0.02655228616776025	0.01731279917978181	0.0803737993703813	0.10940326983908022	0.07107741715733881
-0.014544738108914079	0.05541767529190108	-0.04963370101174829	0.02608743674387759	-0.11386781284597713	0.0544018960488741	0.029269317868510253	0.010655766740057127
-0.04254023131656524	0.1370810953299915	-0.07672729456963147	-0.034980003529587016	-0.16190185520523148	-0.03896397106896381	-0.029920298641123097	-0.018750605131260676
-0.048702730337951985	0.11282939092277836	-0.036874543047169764	-0.06956155291181274	-0.001964899319666547	-0.0929908358459493	-0.053803360658340606	-0.06155937157228016
-0.11320252693070339	0.017866324568496694	0.05044423756807358	-0.003920768147015608	0.20157946719591072	-0.057058422890793624	0.05714863560875754	0.04451609262955578
-0.12514991282684948	-0.1318952542208149	0.07310624479595414	0.02525816238857903	0.08220051251035623	0.06855472636279802	0.06705594473077156	0.04965231546624925
-0.027573896870207427	-0.06613938615662074	-0.014686091888193732	0.03602766066218319	-0.0531658230649373	0.017922076337456867	0.034245219833770775	-0.051406852834180256
0.0	0.0	0.0	0.0	0.0	0.0	0.0	0.0
0.0	0.0	0.0	0.0	0.0	0.0	0.0	0.0
0.0	0.0	0.0	0.0	0.0	0.0	0.0	0.0
0.0	0.0	0.0	0.0	0.0	0.0	0.0	0.0
0.0	0.0	0.0	0.0	0.0	0.0	0.0	0.0
0.0	0.0	0.0	0.0	0.0	0.0	0.0	0.0
0.0	0.0	0.0	0.0	0.0	0.0	0.0	0.0
0.0	0.0	0.0	0.0	0.0	0.0	0.0	0.0
-0.006063979005556796	-0.006496430162383362	-0.0023766069888332478	-0.045169888964948446	0.004751473623131086	0.024556929953963642	-0.0044142145645544705	-0.005259532758600419
-0.01754214824092676	-0.02860939862884227	-0.027753166396222755	-0.09554059798676967	0.009135223712005215	0.04113548872383155	0.001981184573334755	0.009056160495450586
-0.043479814824077805	-0.0664160714288387	-0.06014038046092517	-0.12419766397016403	-0.02724982515179142	0.03382984196309265	0.08130925990353889	-0.10089453331258587
-0.051354310287847725	-0.049422830303242654	-0.05831051307624865	-0.06904736264895128	-0.03297245473162034	-0.03253576572175054	0.0014735205277121544	-0.18756562397298102
-0.054604905525383184	-0.0010800706235283828	-0.09728641448152944	-0.07147969324095978	0.01100557165005071	0.014878631804519316	-0.08033501426425524	-0.13214715719357625
-0.08905467110220033	0.000840045497043558	-0.13706779201974414	-0.038395398124369665	0.0703497879328364	-0.08103583282907063	-0.11249228248668248	-0.0835775364164899
-0.08964155017726638	-0.0005746895491154974	-0.14401229951934752	-0.03125219495727029	0.07153203962977271	-0.0858424536184755	-0.12102524353896599	-0.04538786798232974
-0.09570068662668414	0.019893829530841893	-0.07589708338517225	-0.0014861399592528118	0.13450028462703426	-0.10403642784486115	-0.0029807392145904292	-0.00813251423565222
-0.10017942213541363	0.03504494179695763	-0.055054830658845436	-0.015574427507059709	0.13602689773900345	-0.13053801532483922	0.15713326528094787	0.00022896874795210473
-0.10789202935493054	0.0019873578291975834	0.04568918999428996	-0.12042365181107373	-0.09460086542844262	-0.07556162374031314	0.01973566564035025	0.036924852765470424
-0.08924752412412819	0.041081858285188406	-0.04495575740761015	0.08085837400500832	-0.09308368386497362	-0.024243924728991964	-0.06155405777659613	-0.050231713788471306
-0.08153568706922926	0.10084209574289936	-0.05901960466118873	0.22260349050046313	-0.0010877168480588736	0.005335044015985127	-0.014523554326198734	-0.012677067485388549
-0.08073460993719435	0.07112492917211416	-0.21825323075658865	0.14421869345076446	0.05077239598074544	-0.030794489204057973	0.08688526938401682	0.024592063721545182
-0.04959071777871895	0.0487294178517152	-0.115686019366237	0.008345523919129166	0.013468731895038952	-0.04096111522437527	0.07364452495404353	-0.011987466385566435
-0.04551529859094527	0.11446362354610884	-0.0587648147088199	-0.05299216246520939	-0.11302088343379137	-0.06491020266903658	-0.04518009506483613	-0.05947495478595587
-0.0542189706638056	0.1179123813196	-0.06590461009368814	-0.1165744732619586	-0.06837493987153681	-0.06772152491768753	-0.06812766366805396	-0.05005244585631426
-0.09618811007871902	0.07163765655525396	0.04124182602444326	-0.11493212962653922	0.14974316897246356	-0.04758958248297574	-0.012629549990257335	0.04434871629354201
-0.11879811508926397	-0.07968367977683144	0.053144928921026874	0.027825906623491704	0.1422812627247659	0.0477881145208921	0.03782903871787887	0.06668574446733508
-0.09020961407613015	-0.12315218287432958	0.025825385591924783	0.09174523538160981	0.03945591206915569	-0.0012337226278092556	0.0726903405594363	0.032356717754601555
-0.014915591410256689	-0.03399031083200149	0.0077609929949415506	0.02479710755739719	-0.04288897341618972	-0.024818397814604338	0.04599791539557034	-0.005602920129913858
0.0	0.0	0.0	0.0	0.0	0.0	0.0	0.0
0.0	0.0	0.0	0.0	0.0	0.0	0.0	0.0
0.0	0.0	0.0	0.0	0.0	0.0	0.0	0.0
0.0	0.0	0.0	0.0	0.0	0.0	0.0	0.0
0.0	0.0	0.0	0.0	0.0	0.0	0.0	0.0
0.0	0.0	0.0	0.0	0.0	0.0	0.0	0.0
0.0	0.0	0.0	0.0	0.0	0.0	0.0	0.0
0.0	0.0	0.0	0.0	0.0	0.0	0.0	0.0
-0.006052088851352646	-0.0064836920647849865	-0.0023719469754074213	-0.04508132056049238	0.004742157008739078	0.02450877911378667	-0.004405559242394776	-0.005249219949884516
-0.012030912286304008	-0.023338614345314274	-0.0103975788634953	-0.069289352934786	-0.00823588440038422	0.035420513924291366	-0.001654584791535209	0.002783233880173941
-0.033045131423108616	-0.06287784598206739	-0.04624966387060084	-0.1301364322445194	0.018874114056377282	0.0018553442056349692	0.08823300713681402	-0.02298192599143383
-0.038800136981974785	-0.07503270062369273	-0.07527209195119222	-0.13880169337579315	0.03227539133764461	0.015084563100275082	0.08798650878390218	-0.026325087878257297
-0.05815376616192284	-0.03146838322766234	-0.13230565203185962	-0.11052528207123015	0.06683876844202427	0.03683441331396455	-0.009590536088341034	-0.08631509289395475
-0.04261535224922019	-0.028655086262165032	-0.11650603690165902	-0.0567130616540269	0.06012202612715664	0.005726056203053807	0.007396322459471137	-0.03692666275629583
-0.0437417066574045	0.003223423704039755	-0.11159623565579789	-0.02573414302735959	0.07321724964502935	-0.051312407506848665	0.03759954684012565	-0.025278133691576284
-0.04486221126066183	0.03466141236168102	-0.0499250356500681	0.05341587887796005	0.09777338527215187	-0.08664512295547921	0.05238064922095934	-0.09672602766285587
-0.06453107204550076	0.0035149908133479445	0.0559871863405962	-0.04081851241219624	0.05308450297754737	-0.09024149381669463	0.15795253352677094	-0.06593827727501683
-0.08215971291430328	-0.022096609247809342	0.07381193664584698	-0.11994109276393335	-0.0400897759712859	-0.06863238120542486	0.16170245583413478	0.007657757544597812
-0.10168503401104367	-0.0008730806791560036	0.09161244258095011	-0.11613155176680945	-0.08736234975087828	0.016173968588831272	0.07015150888460578	-0.05923189261479497
-0.09727203031781623	0.07942311067617945	0.04959530916253765	0.09260527941862835	0.05246286000843394	0.08014890420539782	-0.05477651186880108	-0.09258611982218445
-0.10337072750903535	0.06322892584244587	-0.006366917906897631	0.10827397407897058	0.14030627949275967	-0.010325713635054164	-0.03511602198834626	-0.008070529707396077
-0.10721439068861878	0.11103935972822436	-0.09665126820324065	-0.04672389955090115	0.05749168236809396	-0.0911465719748616	-0.02780422768918192	0.04184416807342899
-0.10714204456723755	0.12145654302766981	-0.04082705737144004	-0.14403364978585986	0.07149139730823843	-0.026187637714594446	-0.04779927369708447	0.05525616120034142
-0.10409163793448407	0.04693797087621939	0.03341256571932543	-0.11759608042890639	0.15283095484147374	-0.002142380690759866	-0.0338730135699503	0.06864430955319892
-0.10648696086977844	-0.046257381312045084	0.04869488171977958	-0.023477516695766112	0.16966540125576723	0.08121931498560883	0.03397862133804044	0.08312028409199565
-0.10744594137799084	-0.13804597537559007	0.05367068934750558	0.0914907073632966	0.05640537607125511	0.009600299619302184	0.09799001007864175	0.04903234315732087
-0.03971589860520653	-0.07372313651875362	0.025041154575132042	0.11965748330335214	-0.032331053870744954	-0.016746297981121795	0.024038563043279945	-0.12267900308367469
-0.0014035343745396089	-0.0023328685035134554	0.0012472296923601485	0.008383330173301552	-0.004253539099507439	0.0034266631571273137	-0.0003896657792655071	0.0007011074499948869
0.0	0.0	0.0	0.0	0.0	0.0	0.0	0.0
0.0	0.0	0.0	0.0	0.0	0.0	0.0	0.0
0.0	0.0	0.0	0.0	0.0	0.0	0.0	0.0
0.0	0.0	0.0	0.0	0.0	0.0	0.0	0.0
0.0	0.0	0.0	0.0	0.0	0.0	0.0	0.0
0.0	0.0	0.0	0.0	0.0	0.0	0.0	0.0
0.0	0.0	0.0	0.0	0.0	0.0	0.0	0.0
0.0	0.0	0.0	0.0	0.0	0.0	0.0	0.0
0.0	0.0	0.0	0.0	0.0	0.0	0.0	0.0
-0.002971766771893037	-0.008388068202879065	-0.003994758542435792	-0.012012438921130146	-0.006468213605386266	0.005410490841393653	0.0013744038480615294	0.004005613189662893
-0.017762241194039394	-0.05015424062066103	-0.021333796227971408	-0.03902587182531139	-0.008986586252039679	-0.030702956846753962	0.09059620879506906	-0.024049801031350716
-0.02243414433051826	-0.04911724493658885	-0.05019448855732722	-0.06666434029754098	0.02619089534457056	-0.00042531586240353997	0.061968798457871316	-0.005283633163959702
-0.025447560626584605	-0.016450098040056677	-0.10418071353477812	-0.04406144305542177	0.04647048176001376	0.02776963788092949	0.05235504172001883	0.01621925498813635
-0.02999591063192689	-0.035080008944087096	-0.1129494634846123	-0.032213851339068345	0.0505538600787273	0.026380645045096743	0.07822801415975117	-0.009443881457928235
-0.020320756154187658	-0.009369709765115338	-0.0798707413328969	0.0053947141910498	0.03957267899878791	0.008467242580557293	0.06472046509800188	-0.03028440292129086
-0.01765698013900371	-0.023774828806218173	-0.03757482644176166	-0.009675923316614437	0.01986023498003833	-0.03321069231378086	0.0695390353024801	-0.05060558217361237
-0.01382820212739048	-0.028412077493013565	-0.013455866212355116	-0.019910617644272915	-0.027892284222884273	-0.05456750602722622	0.10070231833183182	-0.04199915369128851
-0.05438670843752552	-0.02877429255419563	0.08942154334139214	-0.1103007612945897	-5.345140748198461e-5	-0.003436485542802759	0.15962463328441007	0.03503171236553965
-0.06949903074207962	-0.004935513046519701	0.11366908608833068	-0.16379149223979897	-0.11037968053046288	0.013770442149529431	0.09235931275478718	-0.015475861773082362
-0.09140689695663741	0.024963274639962167	0.11092364712177034	-0.10258473013286315	-0.03386181221053441	0.10426259197664807	-0.044837541710803924	-0.13899773381831365
-0.1252051187764449	-0.0009593590824523817	0.08256289991468721	-0.0030000072684402738	0.014096484478295954	0.0911519355232007	-0.1323912648501104	-0.1486415920728449
-0.1329165150596749	-0.019442444739073795	0.052789048147477854	0.00024620924322739965	0.0796608139533864	0.07330584465780444	-0.12124436319683632	-0.10335883492477489
-0.11109331985952363	-0.007744513965179445	0.08352627923795848	-0.03973463454728559	0.11088358812829502	0.021286864360412053	-0.10510501523507412	0.06578630588470434
-0.0993942745501823	-0.07441939543448314	0.07287623051656214	-0.025751139958578303	0.11805193956687285	0.10978806806826283	0.02169500400271542	0.11314572967313796
-0.0822120377845656	-0.1460101686804889	-0.00343757598457467	0.08663299629775814	-0.0018772589422962488	0.027287891522090164	0.0794654403509564	-0.022952512958985614
-0.0376321191141219	-0.06704268693583117	0.03717564494353352	0.11290576840836163	-0.0293220490232528	-0.019638055949839438	0.04435974522684288	-0.13097321750738328
-0.012255612961154084	-0.018546257134557265	0.014720778392388154	0.06140489154439242	-0.03030391722086496	-0.0031457655291946135	-0.011805031869472817	-0.01033988361247795
0.0	0.0	0.0	0.0	0.0	0.0	0.0	0.0
0.0	0.0	0.0	0.0	0.0	0.0	0.0	0.0
0.0	0.0	0.0	0.0	0.0	0.0	0.0	0.0
0.0	0.0	0.0	0.0	0.0	0.0	0.0	0.0
0.0	0.0	0.0	0.0	0.0	0.0	0.0	0.0
0.0	0.0	0.0	0.0	0.0	0.0	0.0	0.0
0.0	0.0	0.0	0.0	0.0	0.0	0.0	0.0
0.0	0.0	0.0	0.0	0.0	0.0	0.0	0.0
0.0	0.0	0.0	0.0	0.0	0.0	0.0	0.0
0.0	0.0	0.0	0.0	0.0	0.0	0.0	0.0
0.0	0.0	0.0	0.0	0.0	0.0	0.0	0.0
-0.009991747227559085	-0.028997663069697126	-0.001140909941650614	-0.008344589205765996	-0.00763221776801738	-0.04499511931773679	0.0826160531986093	-0.038311013102161055
-0.009991747227559085	-0.028997663069697126	-0.001140909941650614	-0.008344589205765996	-0.00763221776801738	-0.04499511931773679	0.0826160531986093	-0.038311013102161055
-0.010639060720942981	0.0012253624684429375	-0.022954834063453142	0.0009684215042961044	0.03365692813989648	-0.01031803025857884	0.012116486110107816	-0.03360541449237404
-0.010639060720942981	0.0012253624684429375	-0.022954834063453142	0.0009684215042961044	0.03365692813989648	-0.01031803025857884	0.012116486110107816	-0.03360541449237404
-0.013070466950155882	-0.005219681741123069	-0.03417957374785964	-0.0010019068906918262	0.03840225092456195	-0.010601119638862684	0.020714353430185774	-0.036349579864314564
-0.006644887469095339	-0.02187560248846915	0.0022805639417378828	-0.010984404870227308	-0.02133752906459185	-0.04598656230401697	0.07495537677721906	-0.023783792162364557
-0.0054244168915785155	-0.018640443042852003	0.007914943076128111	-0.009995377283953836	-0.023719495010849738	-0.0458444625366919	0.07063958455481224	-0.02240632876029944
-0.008457458347976338	-0.011172845274380295	0.020266099700070657	-0.005859881701957881	-0.024928625679917923	-0.01399917622870639	0.004387329701383656	0.04300780233143369
-0.026725685014824085	-0.052008549891433976	0.03498845100064845	-0.05489290890999436	-0.08961310206226351	-0.051497891347186596	0.07840762885340286	0.05385658544993158
-0.051535164616255	-0.017477821400376674	0.03011547797912903	-0.1287252568275576	-0.14813931712291	-0.07313244181715303	-0.00037707786346839745	-0.015638777017397555
-0.06266709424823633	-0.04126828191825952	0.027541525326925678	-0.06220287049916566	-0.1609878165694246	-0.017576358141678967	-0.008913431262741625	-0.06847490944712742
-0.07875358882460556	-0.11111123597944675	0.036253989709847514	0.05652873737589799	-0.08154101217140902	-0.0002064764205601255	0.03612935937970035	-0.11788601132628396
-0.06434923497022435	-0.12067629962140995	0.04502447242032843	0.10789119228393353	-0.06504152179605964	-0.004398372747703931	0.05658829303353171	-0.07284545540613784
-0.04616858021842784	-0.10022089171342623	0.023617078794000514	0.08913865175003262	-0.0724416722583169	-0.0344703897044088	0.03692671643555955	-0.0380425385847466
-0.030957107254970365	-0.07162297702047302	-0.0015503971119918067	0.11228101096990273	-0.03693998926882515	-0.034644934431985	0.04780698967709021	-0.10180604285259057
-0.020741609016131313	-0.045015873816608126	0.022023304857183974	0.08767643717019315	-0.050310454077327364	-0.06423358997192595	0.03632455326203785	-0.03199108941602649
0.0	0.0	0.0	0.0	0.0	0.0	0.0	0.0
0.0	0.0	0.0	0.0	0.0	0.0	0.0	0.0
0.0	0.0	0.0	0.0	0.0	0.0	0.0	0.0
0.0	0.0	0.0	0.0	0.0	0.0	0.0	0.0
0.0	0.0	0.0	0.0	0.0	0.0	0.0	0.0
0.0	0.0	0.0	0.0	0.0	0.0	0.0	0.0
0.0	0.0	0.0	0.0	0.0	0.0	0.0	0.0
0.0	0.0	0.0	0.0	0.0	0.0	0.0	0.0
0.0	0.0	0.0	0.0	0.0	0.0	0.0	0.0
0.0	0.0	0.0	0.0	0.0	0.0	0.0	0.0
0.0	0.0	0.0	0.0	0.0	0.0	0.0	0.0
0.0	0.0	0.0	0.0	0.0	0.0	0.0	0.0
-0.003151849202482929	-0.011542662714355442	0.010102496733684428	-0.006742882697727646	-0.019510996043228104	-0.03418799004534964	0.04963801933696972	-0.015738465925099664
-0.009991747227559085	-0.028997663069697126	-0.001140909941650614	-0.008344589205765996	-0.00763221776801738	-0.04499511931773679	0.0826160531986093	-0.038311013102161055
-0.009991747227559085	-0.028997663069697126	-0.001140909941650614	-0.008344589205765996	-0.00763221776801738	-0.04499511931773679	0.0826160531986093	-0.038311013102161055
-0.006847690749459063	-0.021615561969206082	0.006828353284665072	-0.008708869041807187	-0.017671533322526904	-0.045380547013254446	0.07376949267615246	-0.028913347066191867
-0.004213481239882435	-0.015430558278903142	0.01350530362614438	-0.009014076475239377	-0.026082851849257332	-0.04570347292373314	0.06635750945714114	-0.02103962679042402
-0.004213481239882435	-0.015430558278903142	0.01350530362614438	-0.009014076475239377	-0.026082851849257332	-0.04570347292373314	0.06635750945714114	-0.02103962679042402
-0.004213481239882435	-0.015430558278903142	0.01350530362614438	-0.009014076475239377	-0.026082851849257332	-0.04570347292373314	0.06635750945714114	-0.02103962679042402
0.0	0.0	0.0	0.0	0.0	0.0	0.0	0.0
-0.0029358202314779687	-0.004236900735791931	0.008598939633806757	-0.0014825025433028223	-0.007877400559340332	-0.004596038534986085	0.0005876224687551811	0.018483262402246663
-0.01621422735869001	-0.04100928318992609	0.04018837780686953	-0.007730737228666094	-0.06920700184336046	-0.0602587375656143	0.07669953768665158	0.05361442261895983
-0.01621422735869001	-0.04100928318992609	0.04018837780686953	-0.007730737228666094	-0.06920700184336046	-0.0602587375656143	0.07669953768665158	0.05361442261895983
-0.02199249334636666	-0.054576387980720086	0.025542164239074502	-0.007061249959192721	-0.050756367762120495	-0.05955038395961797	0.09295808142811972	0.0363430363072228
-0.03026192649916199	-0.08126968539426488	-0.0027290162812492885	0.07473216246646942	-0.04666869810567645	-0.04162038862379848	0.08227236088392213	-0.06251030186338273
-0.024403863090051884	-0.05746049297417565	0.0003317777453642756	0.07207028899671508	-0.021086554946290668	-0.06482001068834341	0.05484274108933805	-0.07083152035039046
-0.011099879145240712	-0.02093460140714397	0.004124904644885732	0.06275951313143406	-0.0083641598136255	-0.03425309924433122	-0.025546756070603412	-0.014684111199245158
0.0	0.0	0.0	0.0	0.0	0.0	0.0	0.0
0.0	0.0	0.0	0.0	0.0	0.0	0.0	0.0
0.0	0.0	0.0	0.0	0.0	0.0	0.0	0.0
0.0	0.0	0.0	0.0	0.0	0.0	0.0	0.0
0.0	0.0	0.0	0.0	0.0	0.0	0.0	0.0
0.0	0.0	0.0	0.0	0.0	0.0	0.0	0.0
0.0	0.0	0.0	0.0	0.0	0.0	0.0	0.0
0.0	0.0	0.0	0.0	0.0	0.0	0.0	0.0
0.0	0.0	0.0	0.0	0.0	0.0	0.0	0.0
0.0	0.0	0.0	0.0	0.0	0.0	0.0	0.0
0.0	0.0	0.0	0.0	0.0	0.0	0.0	0.0
0.0	0.0	0.0	0.0	0.0	0.0	0.0	0.0
0.0	0.0	0.0	0.0	0.0	0.0	0.0	0.0
0.0	0.0	0.0	0.0	0.0	0.0	0.0	0.0
-0.0020902171650834175	-0.007654767149807766	0.006699689841224481	-0.004471688920215925	-0.012939140237198865	-0.022672507166966185	0.03291852921679834	-0.010437305059775298
-0.004213481239882435	-0.015430558278903142	0.01350530362614438	-0.009014076475239377	-0.026082851849257332	-0.04570347292373314	0.06635750945714114	-0.02103962679042402
-0.004213481239882435	-0.015430558278903142	0.01350530362614438	-0.009014076475239377	-0.026082851849257332	-0.04570347292373314	0.06635750945714114	-0.02103962679042402
-0.004213481239882435	-0.015430558278903142	0.01350530362614438	-0.009014076475239377	-0.026082851849257332	-0.04570347292373314	0.06635750945714114	-0.02103962679042402
0.0	0.0	0.0	0.0	0.0	0.0	0.0	0.0
0.0	0.0	0.0	0.0	0.0	0.0	0.0	0.0
0.0	0.0	0.0	0.0	0.0	0.0	0.0	0.0
0.0	0.0	0.0	0.0	0.0	0.0	0.0	0.0
0.0	0.0	0.0	0.0	0.0	0.0	0.0	0.0
0.0	0.0	0.0	0.0	0.0	0.0	0.0	0.0
0.0	0.0	0.0	0.0	0.0	0.0	0.0	0.0
0.0	0.0	0.0	0.0	0.0	0.0	0.0	0.0
0.0	0.0	0.0	0.0	0.0	0.0	0.0	0.0
0.0	0.0	0.0	0.0	0.0	0.0	0.0	0.0
0.0	0.0	0.0	0.0	0.0	0.0	0.0	0.0
0.0	0.0	0.0	0.0	0.0	0.0	0.0	0.0
0.0	0.0	0.0	0.0	0.0	0.0	0.0	0.0
0.0	0.0	0.0	0.0	0.0	0.0	0.0	0.0
0.0	0.0	0.0	0.0	0.0	0.0	0.0	0.0
0.0	0.0	0.0	0.0	0.0	0.0	0.0	0.0
0.0	0.0	0.0	0.0	0.0	0.0	0.0	0.0
0.0	0.0	0.0	0.0	0.0	0.0	0.0	0.0
0.0	0.0	0.0	0.0	0.0	0.0	0.0	0.0
0.0	0.0	0.0	0.0	0.0	0.0	0.0	0.0
0.0	0.0	0.0	0.0	0.0	0.0	0.0	0.0
0.0	0.0	0.0	0.0	0.0	0.0	0.0	0.0
0.0	0.0	0.0	0.0	0.0	0.0	0.0	0.0
0.0	0.0	0.0	0.0	0.0	0.0	0.0	0.0
0.0	0.0	0.0	0.0	0.0	0.0	0.0	0.0
0.0	0.0	0.0	0.0	0.0	0.0	0.0	0.0
0.0	0.0	0.0	0.0	0.0	0.0	0.0	0.0
0.0	0.0	0.0	0.0	0.0	0.0	0.0	0.0
0.0	0.0	0.0	0.0	0.0	0.0	0.0	0.0
0.0	0.0	0.0	0.0	0.0	0.0	0.0	0.0
0.0	0.0	0.0	0.0	0.0	0.0	0.0	0.0
0.0	0.0	0.0	0.0	0.0	0.0	0.0	0.0
0.0	0.0	0.0	0.0	0.0	0.0	0.0	0.0
0.0	0.0	0.0	0.0	0.0	0.0	0.0	0.0
0.0	0.0	0.0	0.0	0.0	0.0	0.0	0.0
0.0	0.0	0.0	0.0	0.0	0.0	0.0	0.0
0.0	0.0	0.0	0.0	0.0	0.0	0.0	0.0
0.0	0.0	0.0	0.0	0.0	0.0	0.0	0.0
0.0	0.0	0.0	0.0	0.0	0.0	0.0	0.0
0.0	0.0	0.0	0.0	0.0	0.0	0.0	0.0
0.0	0.0	0.0	0.0	0.0	0.0	0.0	0.0
0.0	0.0	0.0	0.0	0.0	0.0	0.0	0.0
0.0	0.0	0.0	0.0	0.0	0.0	0.0	0.0
0.0	0.0	0.0	0.0	0.0	0.0	0.0	0.0
0.0	0.0	0.0	0.0	0.0	0.0	0.0	0.0
0.0	0.0	0.0	0.0	0.0	0.0	0.0	0.0
0.0	0.0	0.0	0.0	0.0	0.0	0.0	0.0
0.0	0.0	0.0	0.0	0.0	0.0	0.0	0.0
0.0	0.0	0.0	0.0	0.0	0.0	0.0	0.0
0.0	0.0	0.0	0.0	0.0	0.0	0.0	0.0
0.0	0.0	0.0	0.0	0.0	0.0	0.0	0.0
0.0	0.0	0.0	0.0	0.0	0.0	0.0	0.0
0.0	0.0	0.0	0.0	0.0	0.0	0.0	0.0
0.0	0.0	0.0	0.0	0.0	0.0	0.0	0.0
0.0	0.0	0.0	0.0	0.0	0.0	0.0	0.0
0.0	0.0	0.0	0.0	0.0	0.0	0.0	0.0
0.0	0.0	0.0	0.0	0.0	0.0	0.0	0.0
0.0	0.0	0.0	0.0	0.0	0.0	0.0	0.0
0.0	0.0	0.0	0.0	0.0	0.0	0.0	0.0
0.0	0.0	0.0	0.0	0.0	0.0	0.0	0.0
0.0	0.0	0.0	0.0	0.0	0.0	0.0	0.0
0.0	0.0	0.0	0.0	0.0	0.0	0.0	0.0
0.0	0.0	0.0	0.0	0.0	0.0	0.0	0.0
0.0	0.0	0.0	0.0	0.0	0.0	0.0	0.0
0.0	0.0	0.0	0.0	0.0	0.0	0.0	0.0
0.0	0.0	0.0	0.0	0.0	0.0	0.0	0.0
0.0	0.0	0.0	0.0	0.0	0.0	0.0	0.0
0.0	0.0	0.0	0.0	0.0	0.0	0.0	0.0
0.0	0.0	0.0	0.0	0.0	0.0	0.0	0.0
0.0	0.0	0.0	0.0	0.0	0.0	0.0	0.0
0.0	0.0	0.0	0.0	0.0	0.0	0.0	0.0
0.0	0.0	0.0	0.0	0.0	0.0	0.0	0.0
0.0	0.0	0.0	0.0	0.0	0.0	0.0	0.0
0.0	0.0	0.0	0.0	0.0	0.0	0.0	0.0
0.0	0.0	0.0	0.0	0.0	0.0	0.0	0.0
0.0	0.0	0.0	0.0	0.0	0.0	0.0	0.0
0.0	0.0	0.0	0.0	0.0	0.0	0.0	0.0
0.0	0.0	0.0	0.0	0.0	0.0	0.0	0.0
0.0	0.0	0.0	0.0	0.0	0.0	0.0	0.0
0.0	0.0	0.0	0.0	0.0	0.0	0.0	0.0
0.0	0.0	0.0	0.0	0.0	0.0	0.0	0.0
0.0	0.0	0.0	0.0	0.0	0.0	0.0	0.0
0.0	0.0	0.0	0.0	0.0	0.0	0.0	0.0
0.0	0.0	0.0	0.0	0.0	0.0	0.0	0.0
0.0	0.0	0.0	0.0	0.0	0.0	0.0	0.0
0.0	0.0	0.0	0.0	0.0	0.0	0.0	0.0
0.0	0.0	0.0	0.0	0.0	0.0	0.0	0.0
0.0	0.0	0.0	0.0	0.0	0.0	0.0	0.0
0.0	0.0	0.0	0.0	0.0	0.0	0.0	0.0
0.0	0.0	0.0	0.0	0.0	0.0	0.0	0.0
0.0	0.0	0.0	0.0	0.0	0.0	0.0	0.0
0.0	0.0	0.0	0.0	0.0	0.0	0.0	0.0
0.0	0.0	0.0	0.0	0.0	0.0	0.0	0.0
0.0	0.0	0.0	0.0	0.0	0.0	0.0	0.0
0.0	0.0	0.0	0.0	0.0	0.0	0.0	0.0
0.0	0.0	0.0	0.0	0.0	0.0	0.0	0.0
0.0	0.0	0.0	0.0	0.0	0.0	0.0	0.0
0.0	0.0	0.0	0.0	0.0	0.0	0.0	0.0
0.0	0.0	0.0	0.0	0.0	0.0	0.0	0.0
0.0	0.0	0.0	0.0	0.0	0.0	0.0	0.0
0.0	0.0	0.0	0.0	0.0	0.0	0.0	0.0
0.0	0.0	0.0	0.0	0.0	0.0	0.0	0.0
0.0	0.0	0.0	0.0	0.0	0.0	0.0	0.0
0.0	0.0	0.0	0.0	0.0	0.0	0.0	0.0
0.0	0.0	0.0	0.0	0.0	0.0	0.0	0.0
0.0	0.0	0.0	0.0	0.0	0.0	0.0	0.0
0.0	0.0	0.0	0.0	0.0	0.0	0.0	0.0
0.0	0.0	0.0	0.0	0.0	0.0	0.0	0.0
0.0	0.0	0.0	0.0	0.0	0.0	0.0	0.0
0.0	0.0	0.0	0.0	0.0	0.0	0.0	0.0
0.0	0.0	0.0	0.0	0.0	0.0	0.0	0.0
0.0	0.0	0.0	0.0	0.0	0.0	0.0	0.0
0.0	0.0	0.0	0.0	0.0	0.0	0.0	0.0
0.0	0.0	0.0	0.0	0.0	0.0	0.0	0.0
0.0	0.0	0.0	0.0	0.0	0.0	0.0	0.0
0.0	0.0	0.0	0.0	0.0	0.0	0.0	0.0
0.0	0.0	0.0	0.0	0.0	0.0	0.0	0.0
0.0	0.0	0.0	0.0	0.0	0.0	0.0	0.0
0.0	0.0	0.0	0.0	0.0	0.0	0.0	0.0
0.0	0.0	0.0	0.0	0.0	0.0	0.0	0.0
0.0	0.0	0.0	0.0	0.0	0.0	0.0	0.0
0.0	0.0	0.0	0.0	0.0	0.0	0.0	0.0
0.0	0.0	0.0	0.0	0.0	0.0	0.0	0.0
0.0	0.0	0.0	0.0	0.0	0.0	0.0	0.0
0.0	0.0	0.0	0.0	0.0	0.0	0.0	0.0
0.0	0.0	0.0	0.0	0.0	0.0	0.0	0.0
0.0	0.0	0.0	0.0	0.0	0.0	0.0	0.0
0.0	0.0	0.0	0.0	0.0	0.0	0.0	0.0
0.0	0.0	0.0	0.0	0.0	0.0	0.0	0.0
0.0	0.0	0.0	0.0	0.0	0.0	0.0	0.0
0.0	0.0	0.0	0.0	0.0	0.0	0.0	0.0
0.0	0.0	0.0	0.0	0.0	0.0	0.0	0.0
0.0	0.0	0.0	0.0	0.0	0.0	0.0	0.0
0.0	0.0	0.0	0.0	0.0	0.0	0.0	0.0
0.0	0.0	0.0	0.0	0.0	0.0	0.0	0.0
0.0	0.0	0.0	0.0	0.0	0.0	0.0	0.0
0.0	0.0	0.0	0.0	0.0	0.0	0.0	0.0
0.0	0.0	0.0	0.0	0.0	0.0	0.0	0.0
0.0	0.0	0.0	0.0	0.0	0.0	0.0	0.0
0.0	0.0	0.0	0.0	0.0	0.0	0.0	0.0
0.0	0.0	0.0	0.0	0.0	0.0	0.0	0.0
0.0	0.0	0.0	0.0	0.0	0.0	0.0	0.0
0.0	0.0	0.0	0.0	0.0	0.0	0.0	0.0
0.0	0.0	0.0	0.0	0.0	0.0	0.0	0.0
0.0	0.0	0.0	0.0	0.0	0.0	0.0	0.0
0.0	0.0	0.0	0.0	0.0	0.0	0.0	0.0
0.0	0.0	0.0	0.0	0.0	0.0	0.0	0.0
0.0	0.0	0.0	0.0	0.0	0.0	0.0	0.0
0.0	0.0	0.0	0.0	0.0	0.0	0.0	0.0
0.0	0.0	0.0	0.0	0.0	0.0	0.0	0.0
0.0	0.0	0.0	0.0	0.0	0.0	0.0	0.0
0.0	0.0	0.0	0.0	0.0	0.0	0.0	0.0
0.0	0.0	0.0	0.0	0.0	0.0	0.0	0.0
0.0	0.0	0.0	0.0	0.0	0.0	0.0	0.0
0.0	0.0	0.0	0.0	0.0	0.0	0.0	0.0
0.0	0.0	0.0	0.0	0.0	0.0	0.0	0.0
0.0	0.0	0.0	0.0	0.0	0.0	0.0	0.0
0.0	0.0	0.0	0.0	0.0	0.0	0.0	0.0
0.0	0.0	0.0	0.0	0.0	0.0	0.0	0.0
0.0	0.0	0.0	0.0	0.0	0.0	0.0	0.0
0.0	0.0	0.0	0.0	0.0	0.0	0.0	0.0
0.0	0.0	0.0	0.0	0.0	0.0	0.0	0.0
0.0	0.0	0.0	0.0	0.0	0.0	0.0	0.0
0.0	0.0	0.0	0.0	0.0	0.0	0.0	0.0
0.0	0.0	0.0	0.0	0.0	0.0	0.0	0.0
0.0	0.0	0.0	0.0	0.0	0.0	0.0	0.0
0.0	0.0	0.0	0.0	0.0	0.0	0.0	0.0
0.0	0.0	0.0	0.0	0.0	0.0	0.0	0.0
0.0	0.0	0.0	0.0	0.0	0.0	0.0	0.0
0.0	0.0	0.0	0.0	0.0	0.0	0.0	0.0
0.0	0.0	0.0	0.0	0.0	0.0	0.0	0.0
0.0	0.0	0.0	0.0	0.0	0.0	0.0	0.0
0.0	0.0	0.0	0.0	0.0	0.0	0.0	0.0
0.0	0.0	0.0	0.0	0.0	0.0	0.0	0.0
0.0	0.0	0.0	0.0	0.0	0.0	0.0	0.0
0.0	0.0	0.0	0.0	0.0	0.0	0.0	0.0
0.0	0.0	0.0	0.0	0.0	0.0	0.0	0.0
0.0	0.0	0.0	0.0	0.0	0.0	0.0	0.0
0.0	0.0	0.0	0.0	0.0	0.0	0.0	0.0
0.0	0.0	0.0	0.0	0.0	0.0	0.0	0.0
0.0	0.0	0.0	0.0	0.0	0.0	0.0	0.0
0.0	0.0	0.0	0.0	0.0	0.0	0.0	0.0
0.0	0.0	0.0	0.0	0.0	0.0	0.0	0.0
0.0	0.0	0.0	0.0	0.0	0.0	0.0	0.0
0.0	0.0	0.0	0.0	0.0	0.0	0.0	0.0
0.0	0.0	0.0	0.0	0.0	0.0	0.0	0.0
