-0.17929029960666096	-0.10385186700819136	0.018200602227618726	-0.1365675233763072	0.03849577758374656	-0.32382746303745735	0.05947286042938244	-0.012861313620211843	0.007073304448718055	-0.09822010858421142	0.034794179272924955	-0.14388967065925573	0.10374726573515904	-0.09836819870249694
-0.16877483937864568	-0.0594250670981996	-0.14987305114750551	0.05595351394685154	0.13208520752273295	0.16009026826632722	0.1418583073687849	-0.13079145419631766	0.14736959457328497	-0.03286344008552727	0.0025415909858482206	-0.13854222181653514	0.06629528910414864	-0.18088768139580214
-0.20137238876189537	-0.18613916246210294	-0.07598094396319145	-0.0788811563008715	0.014327777868972491	-0.09667800771405277	0.0017980157552638931	-0.025306754113724732	0.1387722814278893	-0.0706920137042655	-0.08553037207438081	-0.004261484780789117	0.04054662655083652	-0.06993732097205523
-0.15707328836850326	-0.13098008127990302	0.2500210031621414	0.12497194771940365	-0.22251001209839028	0.011313362147217954	0.11965904890433954	-0.29636736623897014	0.010311275182220674	0.1606677574082871	0.0275097205092817	0.12180540334533507	-0.0285606069640173	0.06218471525854344
-0.1852402013401085	0.12152741764103026	-0.14032310034137996	0.10446846537982424	-0.007105055798013807	0.031993561940867554	0.19280936088392941	-0.15894689866545508	0.0703630952019822	-0.0014295383554919772	-0.18179833743254398	-0.20166957730367102	0.1557873641370623	-0.028575369034164133
-0.1814160595383442	0.09112578135822391	-0.012114641918235802	-0.02596071509792819	-0.03706884747750494	-0.3699436106265738	0.18102646740590986	0.08720868020472836	-0.04891178595660168	0.03504022008651249	-0.007898006732043121	0.1806945181220484	0.03342589096696161	0.037620424970950736
-0.20566447232614712	-0.046361767420899286	0.04822188758577639	-0.29174917260657696	-0.08585601015435237	0.06570451314990919	-0.012439305505990483	-0.12036103320888031	0.09095786068713389	0.020709244221648493	0.19399309221297886	0.13412397453713792	-0.09698366321483598	-0.11376298949687078
-0.15679583755926108	0.158600483926158	-0.19798661845598453	0.25256467182659104	0.0897067057917802	0.13070740927767982	0.08498849720625981	0.09267071098359315	-0.1176656089697733	-0.01638616743907584	0.2133491808669748	-0.14681126780487927	-0.004066014401165968	0.09739431561413667
-0.14909469053016502	0.09692306817734872	-0.18455518167963014	0.19786052254578443	0.09311983813360272	0.11812223860263255	0.2368997725343268	0.0623694662119014	-0.0386936720797138	0.0028305006469259153	0.05018784250393404	-0.11131394782415718	-0.003853273886780445	0.029277557745583882
-0.1525784739456712	0.12377297556324837	-0.08884759365659003	0.08298569092664652	-0.009222889149549107	-0.17265818685742287	0.21313203869129882	-0.12482406094435831	0.09627999212886142	0.2373392380848519	-0.17221699133418156	0.17356300874871106	-0.020006307411059868	0.046230143931119294
-0.16843433917265585	-0.08699363326247457	0.14072699318133255	-0.10616191941629538	0.4409855022539946	-0.076262476640684	0.08598968849367511	0.04269118584609115	0.04022333417879583	-0.39102274230537265	-0.11471229235171254	0.13639054625999053	0.1842162554779329	0.0014056528568531512
-0.187734011776469	0.07017419512776728	-0.17573972760648285	0.01670214904954482	-0.06239800359406755	0.21976296393541012	-0.10635681615024595	-0.04172131958942148	-0.048688111125570435	-0.0002998563450985481	-0.24764836188674758	0.008498395420254143	-0.0076577077090142776	0.034693158888568804
-0.16550079118106836	-0.18322145692269093	0.001753611655492589	-0.16949277195994067	0.028906154382963428	-0.14595934730025562	-0.20433786439519092	0.12020891113120091	-0.13704663769561806	-0.005965115780478758	-0.08491237276764202	-0.11173533919099427	-0.02817889487631786	0.02090344352480729
-0.17770676254276624	0.11102124772749417	-0.1563469887786807	0.1365993553370111	-0.018474018068571144	-0.06695798529800605	0.16142099410214883	0.35294236287387415	0.06784751488951825	-0.0678651291322169	0.11324131674619829	0.3137263918278733	0.12038812369412652	0.0007161891027168688
-0.20574755966124234	0.09355586986103491	0.00018142347718685188	-0.13298562364496913	-0.1517542979139807	0.1952940904059832	0.025861006700276246	0.4264157458967939	-0.08038476365450184	0.13868899043341298	-0.23144534074204998	-0.033142611100417746	-0.048546788016677056	0.1524254295828943
-0.11713889007151401	-0.06044186190043004	0.46455150567741027	0.14940753883169308	0.1907256782024526	0.24221723988494628	0.17513708480346835	-0.02653370373595859	-0.0902822601867217	-0.09137958987472063	-0.08621210480636643	0.11800513007797919	0.10175100526148562	0.143236648490191
-0.11760338626933954	0.3739561110997243	0.3271368335130233	0.11668572465407487	0.3835818102836789	-0.08087956889091005	-0.3032450691232664	-0.1150660594033952	0.23505431662367304	0.01716013825112526	-0.13517750822811558	-0.016062985681475933	-0.32370031087202167	-0.07225140929570936
-0.1452866597089604	0.15032826075214373	0.12975660275549436	-0.19610879448206311	0.21716894711430484	0.2517014289214079	-0.16748704251792312	0.15659377385176165	-0.3813412352186043	0.22893794398349904	0.08516548495905163	0.2158159160819153	0.00741030285292478	-0.0454213380836829
-0.15146164428647474	-0.08909950773923632	0.3874565232293617	0.0338459731776778	-0.05328946184281217	0.12960852830780994	0.21850671808846267	0.06931133967092076	0.10539385678873636	0.13366138914140185	-0.030356005266332087	-0.2927063431586018	0.14709098334521464	-0.06570472969349107
-0.18392508636199267	-0.12603060286035908	0.26564134436792886	0.2110475651114705	-0.4058755681033901	0.018454609368117533	-0.09790890653081785	0.2927045534644765	0.07531370083168698	-0.3577283244687146	0.12051291533789033	0.0011498465340857023	-0.07497147735179696	-0.07282410644331067
-0.1595548739462799	0.2331033730576254	-0.027575889389264054	-0.02984193183877485	-0.011134429413487395	-0.052431993311819615	-0.09276292159491374	-0.27491365707996435	-0.19879825857467665	-0.09057812420750042	0.16276587062248615	0.15113726238199576	0.20709005030736477	0.3358074297019044
-0.1510816575644179	-0.19144601593495308	-0.12686803597006596	-0.01742825044855589	0.055915158496861114	-0.042435260173386675	-0.18291172761744526	-0.028227423955689338	-0.09337204944478625	0.08970090013311449	0.019941806864538197	-0.13070769374793895	-0.13408610442619537	0.03603634630385809
-0.19628699320729523	-0.03111178794484505	-0.1481111632900919	-0.06694370472539818	-0.06340041051611059	0.2287267950236586	-0.0346156255772772	-0.03453497569722435	0.09455024810238515	-0.011335468963574798	-0.23816605420736034	0.11708370765089637	0.004375436150980405	-0.07877001007785966
-0.1766012640770127	-0.20041542235410856	-0.15074515895176538	0.022317357790413907	0.11223331624211438	0.07058090120029234	0.012546861947018123	0.0580588249408218	0.047361970100261476	-0.06596880734086467	0.0915229906796134	0.1629322207950492	-0.09633402048989895	0.024509758093842704
-0.19019887351394604	-0.11382159888746753	-0.04062580998022964	-0.16012200010948158	-0.02812870231324159	0.011933941802335929	0.038950200982152856	-0.21541134265174638	0.20501172289427186	-0.03374673419317795	-0.02533834564532686	0.14422767257343688	-0.02354134598282022	0.012786077822418668
-0.1486294536767344	0.0707260934647546	0.07566999953352328	0.004190898920399732	-0.006206316173244255	-0.4385613293628806	0.08179843676652634	0.17408153797964626	0.04264090089923465	0.3348837534765571	-0.16562027474073443	-0.028848278202605986	-0.16835293290018155	-0.042527616615498504
-0.1569850132831968	0.24969386798129536	-0.04249078350663436	0.3352954829875628	-0.08541473038200427	0.00796952554068061	-0.3629846090048766	0.08962729723764623	0.3171794984996487	-0.05275260187752835	0.05238992148452539	-0.006995195191176546	-0.0869023903436806	0.04169037140188113
-0.20905994493063174	-0.08454788148793066	-0.011342097210341876	-0.19277334470315283	-0.1283895147653239	0.14108880587904016	-0.05635261975239427	0.023052951387006197	0.10915307801566977	0.053906913811582656	-0.017044980515540226	-0.04271891808622373	-0.10588808368513765	0.01772323071243167
-0.2001311865296994	0.2351928886874165	0.0074645972956093026	-0.11084967400122704	-0.13873226764632038	-0.09088630524624189	-0.15147813757819703	-0.07935125516152733	-0.12703529883090403	-0.17876653783641946	0.20087768042434004	-0.26988975603801063	0.11317881180147749	-0.22129322809384006
-0.18553577797667306	0.25419375145136675	0.06188332607233311	-0.16277826923993796	-0.06524582237717581	-0.0636014606624331	0.07676748956278145	-0.09694958709852265	-0.1321261009303504	-0.028024567412214478	0.3276960682610459	-0.08742029873972845	0.010013409153115226	-0.22574461539906618
-0.11953871045409672	-0.173187804594529	-0.1058549725396572	0.04628170923313415	0.24339987132633145	0.05670653663044608	0.2089282092680365	0.06356671178295047	0.028942532146308046	0.057979327956001435	0.3875851436410174	-0.014777655322986253	-0.38571406912725203	0.09116906344792318
-0.0627853830453582	0.02306207009199115	-0.01592528890795816	-0.13343684517680834	-0.045140632984935564	0.07880695025961437	-0.007847431278544361	-0.021993383262943113	-0.0987939982693591	0.10204944472000826	-0.033373679113034196	-0.06638689360799406	-0.19784806001832805	0.07977016180172843
-0.08046486749520824	0.07685163206988456	-0.05212109864501937	-0.03624699917871122	-0.10439321589307538	0.1309449458166831	-0.09719458481183643	-0.10428446304016682	-0.03375300691353319	-0.11201431287567847	-0.14754225786962602	-0.07663068531290017	0.08160743470388476	0.14714412905645097
-0.0799613304395236	0.022035956316859583	-0.020695326001456033	-0.1545917523692175	-0.08892804922667666	0.002852278478707215	0.01785434918688054	-0.18780637359084096	-0.0915964390966799	-0.14146147482969723	-0.06294346302805781	-0.08616128244262272	-0.21191008780542755	0.12862381170004886
-0.040353835543478635	-0.09710601449715639	0.026302820825595187	0.18594044884999877	-0.02848210300541697	-0.025815124929915376	-0.03749021172508144	-0.08335278281816884	-0.15258110793453514	0.033718429778236	-0.011584898710880458	-0.052851211356588365	0.05568843585314044	-0.0012748609934911147
-0.07066074599798065	-0.05689332352535683	0.1391878347976707	0.01463080286297088	-0.18976560219948854	0.010871169514544332	0.08499770578614325	-0.18048567509033772	0.06520114147495132	-0.01686625073614934	0.0478402925141582	0.05362914191714339	-0.19486976856479918	0.27562869811111845
-0.06644804129991953	0.03024081075628801	0.08460789690505964	-0.10412481256418091	0.0676530503210065	0.14070596909708416	0.031042351843854964	0.03456729252625271	0.007633700495927075	0.2772235265165052	-0.024968572282450467	-0.12060306568293004	0.15169932183364432	-0.2393630082094955
-0.00965585657239088	-0.03596121635699461	0.018510016361511266	0.057304330944660205	0.006374964824337526	0.005297698058458223	0.006595210116712234	-0.012919538359241088	-0.039382361695978294	0.010971193451499626	0.10883994824993846	-0.02582029447654605	-0.07763649625717861	0.041281624657563104
-0.04220924320035072	-0.0741797540135261	-0.003415979621089859	0.20906450235389434	-0.042431930992662396	-0.02670390118353519	-0.03487648795134655	-0.10388285388106579	-0.1705532224675583	0.04316178148748014	-0.12240697204976696	0.0002586076976912757	0.01861608845852298	-0.18544724802427134
-0.04902231026374471	-0.028935595461426006	-0.09381038482410507	0.04742815107119926	0.05857600145751868	0.014530965548481491	0.015147676185015967	-0.06478962384319353	-0.0803815850432428	-0.0779444089884833	-0.1376771644862195	-0.12475641537507359	-0.13501159534425758	-0.08228431970612446
-0.0849854312472862	-0.17431889821128224	-0.028525656953380458	0.09064225223790741	0.06713461411112079	-0.07146090136693847	-0.22127619260087542	0.004305365650899334	0.023301022861992114	0.05837700443939417	0.08241577925161604	0.05382895784179338	0.20824952841281705	0.0009955777082673433
-0.06261473157062666	-0.09891431958987644	0.11455102235247319	0.013671631990100134	0.028902459002652904	-0.11119685084583077	-0.048245144193634674	0.17118404639100662	-0.09691111175149124	0.08079205036185623	0.029510856400856534	-0.27693771751519997	0.14599136377924493	0.3069174425442681
-0.03760668322961279	-0.055083114322755186	-0.04203077731767341	0.07106143060941522	0.04061125233314406	0.030204001321765626	0.008304938926406017	-0.037192931087247305	0.07224669201876849	-0.03018954522662616	-0.05623408502244978	-0.09822922080151858	-0.05494223424780987	-0.01967703880029946
-0.07106707518038083	0.15101893932196342	-0.01703475356478587	0.08523352604034032	-0.05563884227971634	-0.04858183347689355	0.014604146552033223	-0.12840562882221937	-0.015201199299853281	0.16310970314731016	0.05649304959028617	0.029368721146392468	0.25728684284728637	0.2112314105700682
-0.04452417409873626	-0.07929436179421104	-0.0694754697537861	0.12444435236470269	0.07185907357554648	-0.00812061015267913	-0.07927052250888154	-0.024885320793739757	-0.036121100837003234	0.09709330950055806	-0.009944369709338987	-0.04799958070132355	0.070543527710191	-0.0828118814729689
-0.08982061006340213	-0.04678431688966121	-0.11659171164644841	0.04174122542608698	0.003976506214392809	-0.07607281491725909	-0.018562640420015493	0.011230278548371025	-0.1799952510688448	-0.10492517692459513	-0.17762785246517257	-0.058381363046819686	-0.02767496867003559	0.009878769294814722
-0.08853031676425115	-0.17568547829297124	-0.031674126008655504	0.03650858078863498	0.027115453566790664	-0.0063883676916283915	-0.24540031945400181	-0.018752901827248838	0.05454753461004915	0.057785878209648846	0.027822497232183104	0.10298343878447432	0.1613393551469233	0.1269171568136111
-0.03575587246989884	-0.049890352244686555	0.020324826238319806	-0.09521813606882691	-0.006886674456653409	-0.032578019021672844	-0.08735128497219685	0.03909674997984457	0.05282379241990862	0.07659823725375316	0.04950370217812966	-0.035206023943618506	0.1319315014275337	-0.020954642414164375
-0.05711386587815043	-0.16213018477834523	-0.021064137915219255	0.08784108581000784	0.1194325750938984	-0.0051671557136401015	-0.14189497248994984	-0.06057228269797005	0.051592694381386514	0.1436302478702586	0.10655242992500716	-0.08040840351552725	0.11811265495381676	0.06295527742122546
-0.05486433615137032	-0.11585416330590562	-0.04895478499232213	0.016225501038068114	0.03285886166740268	0.05893632545184011	-0.18934402371204892	-0.0024961344775544817	0.08658213482013168	0.18290813443045437	0.11668234567053237	0.15861967367306432	0.0663078048974306	-0.11878379533284245
-0.030545158196996786	-0.07497332452832188	0.007879268976790536	0.19092905752983408	-0.0014663959540687106	0.011471959344589023	0.012331089972091386	-0.08038575375319898	-0.2105132291724646	0.05721121644915575	0.009359092574197108	0.016965053836303666	-0.18069735204337806	-0.17944633032634136
-0.028398130877469653	-0.08458397374359902	0.021349213027323982	0.17806985028045155	0.01107926175313252	-0.012814070255665097	-0.006847688100307548	-0.05168920259956692	-0.13912326361997476	0.03604712086421023	-0.03500453373473203	-0.12497907647777765	-0.052363080722086536	-0.051419919495309364
-0.04635122301694825	-0.0646810259046655	0.04760241531205456	0.14580244801421044	-0.12318246924822539	-0.020377099355292333	-0.010237746927558383	-0.09710477634426	-0.27141220656440446	0.050300630050848026	-0.02563004342118499	0.24403749339176287	-0.06378824285506668	-0.2190563353879013
-0.016763552234948322	-0.0702192625771337	0.04674829582428395	0.09128191561686082	0.011194530800721974	-0.026516143324628143	0.01694114692506382	-0.026370265386421093	-0.1222007012073568	0.01128823604660847	0.12060326697578294	-0.08474212662066073	-0.11432241130578051	0.08813088290072323
-0.061153492339814985	-0.0390648932464702	-0.016416389635261378	0.0007655263693918894	0.15596822868272117	-0.09741835489570065	-0.004495007487459556	-0.0010087517321194965	-0.24363106265738696	-0.2488178976729539	-0.14785132635386758	-0.03193443362457652	-0.1301356374897889	0.06452819314713293
-0.04902805470348842	-0.07538752845226003	-0.010952717424656247	0.01222728080318287	-0.043755262961097156	-0.1137553460405403	-0.10974289527803623	-0.01738298729386742	-0.09177436462231893	0.05697569444304811	-0.09716336322925839	0.0011838957782138013	-0.09061894517360555	0.24083482385992208
-0.01922262122949653	-0.02356628556142785	0.001283558125314	0.051820749370250496	-0.048046608509779556	0.0012055688267261205	-0.02170286129751898	-0.0004454698930016358	-0.026092707608417497	-0.005586124818725518	0.04356102557642397	0.10974579629147749	-0.013187062621637725	-0.11390932574225607
-0.050434291372263206	-0.14521081835031155	-0.007549695835852171	0.07228590927712573	0.10864474060248695	-0.019940280591686548	-0.09397406942349797	-0.06052372069363272	0.09115403138836925	0.1280562042670353	0.10741212795016959	-0.11313156492714359	0.08942121374686295	0.08483983414415058
-0.04903318275803411	-0.07616932675196417	0.01839409694983242	0.17542569328912683	-0.05505772210427005	-0.055524151383436235	-0.0631974996491357	-0.017666611480479384	-0.1759291783950572	-0.037653037371016176	-0.1180412207996305	0.16252485651410736	0.08300580641161692	-0.22659981650479752
