-0.18671336555154996	0.0640799692500955	-0.3075222298792872	0.037620138036657855	-0.17015129958935898	-0.07950688948683579	0.14095959466624192	-0.07635967414809407	0.009972853508844269	-0.010631841834848567	0.036985173073273495	-0.12598978065203492	0.19019009613421656	-0.07807147919449825	0.12482352012171384	-0.14657825131649643
-0.18070756783703357	0.17928441946490772	0.05891105948921596	0.12363467002037147	-0.037572349414066834	0.0812407020570128	-0.19004593189790145	-0.14413674416953473	0.09409455698879154	-0.06154240121600917	0.22677949399053315	0.0779274449154571	-0.04096293405661739	-0.05622306258894041	-0.0022435681205668634	0.033915867422699864
-0.15109045941880253	0.18430021907901498	-0.002445916154754313	0.06586831220303575	-0.04629320753003435	0.12551798472446607	0.18362967747001419	-0.024828467145130706	0.04629461468188433	-0.025538239396867408	0.008915197308404336	0.0012277780776350708	-0.08547776199629499	0.057004767315411306	-0.1248802866973925	0.13184623791149658
-0.17583191198485604	-0.2527760257202939	0.003334992326266051	-0.40985948981092496	-0.15831504126303975	0.49390335574818756	-0.28519423290387075	0.09945017381988977	0.15301802585144486	-0.2279129614613044	-0.18833386778008643	-0.25735026671662403	0.1031862972312998	-0.096907167646514	0.11846571499976313	-0.08593531852986819
-0.16254660385721867	0.1453956754416315	-0.031231983635973022	0.09058606150955993	-0.08319752717756401	0.11110753593230606	0.06313094777588185	-0.09617228358312324	-0.046570480083781	-0.12872357461886402	0.14492017751921668	0.09725305553974328	-0.04319634449090912	-0.2803757532238101	-0.13339430816010212	0.19983285598039024
-0.172873431043063	0.07567584342171363	-0.15624936659074457	0.09656519180467898	-0.19947128664293493	0.11800795693571804	-0.1436635604644385	-0.25217474856388244	-0.17108987247030846	-0.039159029840218525	0.1487423839423705	0.09873114198967226	0.08266183524317997	-0.021686751289742262	0.1527811935353755	0.16207639701611054
-0.15298374252163813	-0.21529025454532114	-0.09882572587007696	-0.3790452272307722	-0.08771498229101293	-0.0075934770025458675	-0.03866982130129987	-0.29464759569885024	0.2571118692924951	0.5688321033759156	0.08971219004021615	0.1115543449291634	-0.170242190805271	0.11025672932873419	-0.2607108613438134	-0.10429306471374136
-0.164073095439459	0.21889220193623493	0.018123450605169192	-0.08406843559859634	-0.02502150561178773	0.09939150275472546	-0.04557386384161799	0.04823169448684228	-0.006157697475499806	-0.09252295993115563	-0.1255597863263734	0.18984715315749134	-0.2962499291801416	0.12819260422199713	-0.05916232919683245	-0.18632366114723692
-0.16807635125258719	0.22161130881544938	-0.05722570134837531	-0.05083572122328872	-0.07745860263633787	-0.04119461008339981	-0.2468025562934445	0.16389390781478827	0.12035717384452367	0.02452019562738204	0.04148355546364868	0.18560889797479235	-0.20137875844265524	-0.24253985743979073	-0.04302996515969959	-0.06427633181941153
-0.21383257674892522	-0.1069362441554781	-0.00967456833294018	-0.08850512846406089	0.22819247531124237	0.0569189121108693	0.2512450277533754	-0.06906609556252888	-0.05015646840966599	-0.07879311983968029	-0.25347423252693035	0.25108573525454847	-0.03473602678979562	0.061838710547746256	-0.007301946580938929	-0.04230455852234918
-0.14917051835557027	-0.15565947387721288	0.06727792189158147	-0.20327525726400275	0.14053551299513597	0.04634272088482705	0.22811734133179112	0.08083583242428294	-0.35214411184666217	0.110670574299649	-0.04719909491024968	-0.20089824375901802	-0.17132728546079135	-0.2773218422388485	0.0692020135746168	0.17541815440777436
-0.19990262017558405	0.02671332467585864	-0.14347710569900388	0.04509094384941864	0.018999753703364042	-0.18516224652977353	0.17273318581589658	-0.018735531704642705	0.07706967396216953	0.05669736652638156	-0.29733624790728563	-0.17923198747137953	0.08831592069972882	0.0768361186442489	0.09538894316869156	-0.059504583461964966
-0.1812964559029245	0.07395716148650493	-0.2792771566876709	0.03761144835279215	-0.16226017332251202	-0.04608188796589022	0.16817933265936869	-0.0936604580804341	-0.005430611295736382	0.0010139689073987435	0.04113318927726589	-0.13118477062239775	0.13774715046269662	-0.12628163165376316	0.08596894164823843	-0.16420565194693354
-0.16723297731993347	-0.07467623230512378	-0.03159661534905039	-0.13530652939015914	0.0701058241707542	0.20744751085266983	0.2482888661416175	-0.03183792935729113	-0.2525711540990414	-0.05282579124352112	0.3010588087082108	0.11736947086377839	-0.17340814337444344	0.10866689714498248	0.11206620551036767	-0.022235843864658517
-0.17034313872037865	0.05119997010151805	0.10294372258812538	0.18201513555955964	0.019830846698191344	-0.02187458684958727	-0.39573091049299824	-0.2156763154495977	-0.2958024783348941	0.07012581031816784	-0.04659624926476735	-0.09808561811612374	-0.03200344681653404	0.19061809619184716	-0.01756849513348191	-0.003631204190965326
-0.18052106106227017	-0.16928628029781903	0.04207845821219964	0.33677031418765213	-0.050361733297184144	0.08824993549769268	0.07402284940023418	0.19557776489903653	0.1518877005006538	0.11721293329075161	-0.04653489273509612	-0.33919656067933723	-0.2532753752223563	0.001207961759141063	-0.06500981732558996	-0.1150614252854143
-0.15820266728609714	-0.25364542191964096	0.2094872324739042	0.32756224406122525	-0.25039711546222065	0.22008370922251191	-0.035573982936696544	0.18741424976086946	-0.27216727055411416	0.3262976679542403	-0.1751689095956065	0.24050063065547728	0.3755118130048578	-0.07220623947595403	-0.13872169243227275	-0.06921088885754034
-0.1884833382365622	-0.27863400229469587	0.06076015374739938	0.2161680249210197	0.06725813614614687	0.12250735413473986	-0.08961228477762605	0.17537034434300697	0.3776417536532276	-0.23597959500586474	0.13652002351338313	0.12149887076309773	-0.018176464049510038	-0.012853900502581506	-0.04596429448923285	0.0745330276683821
-0.14065713913107225	-0.2686845617912341	-0.11331384289117892	-0.03233413056962579	0.14778528237526536	-0.296510060950327	-0.25634752186476817	0.0761185528517673	-0.06782852827816727	-0.24127466248831003	0.20786729477864752	-0.10790389026160746	-0.09752389714179371	0.19855134242007272	-0.0571207221559101	0.0199838210550468
-0.1643549331171903	0.013757723410295995	0.27664804597636283	-0.11949969920721493	0.05679361430448293	-0.19774450879935349	-0.01916474143303201	-0.19815526936648487	0.20361042637343166	0.10253165642588968	0.05518447952362071	-0.10374931805778903	0.17684679288131916	-0.15171995530422366	0.030483212169260268	0.38380937398699344
-0.11298335986515606	-0.09474478618127585	0.4211636888724078	-0.16056943190104367	-0.6424482826222718	-0.4317794862223116	0.14636344619107022	0.10895200923370679	-0.05188464668928859	-0.20075077451707624	0.03465815400237569	0.06764964205814775	-0.10176821508315903	0.10174040765201181	0.005395038909789596	-0.06295439579202372
-0.1254710856151496	0.1749884308202297	0.02757329857036481	-1.599476763859392e-5	0.07062476592666037	-0.07888333162528638	-0.15511098174213356	0.24031092069597457	0.009212657775969399	0.10233386774479392	0.017014267797947402	-0.032284771002960566	-0.04568322232505373	-0.14991226247922684	0.03935501950332221	-0.03198010673601659
-0.14918445201415528	0.19012646131625405	0.033756191314870725	0.038906477689277796	0.009518066126176259	0.08168755135886124	0.04995745309866336	0.10452622756425892	-0.0009778371671022718	0.012454760646185115	-0.2508609811996332	-0.04790341753341365	-0.11613028099713862	0.20339874794035995	0.007837253660941013	0.07314858297620935
-0.17926381842067848	0.17166914773182615	-0.18357045781434614	-0.02778732581331561	-0.17137108923537034	-0.0016767212991596653	0.12398527703598346	-0.04329511290838551	0.0024968029073444576	-0.02872265817516348	-0.024690749748635776	-0.12153125760921776	0.07125194482487954	0.024077612184841668	-0.08441672726098687	0.09950889987229733
-0.17072231505720362	-0.25880609416479367	-0.08625103333271379	0.23974918127987727	0.015400171019461822	-0.04531333839572692	0.012535750096831114	-0.0011889120950672554	-0.12086637998555434	0.10201355152656791	0.28319903798769297	-0.18929666923432928	-0.20605137249032063	0.11373528413632486	0.07611226257681891	0.07431243743809841
-0.19391755974746455	0.09382637808175409	0.20099468926002273	0.03356939061758048	0.12411141205707259	-0.014504609586612434	-0.060842539602484785	-0.3300804425194666	-0.08878079409181382	-0.22214011060658628	-0.24028178701734826	0.03633071988818426	0.017407193109142904	-0.03651858703597814	-0.22646830275843316	-0.14034726117970314
-0.15916835411228752	0.0600628331912984	-0.2788949898718453	-0.23017684564488053	-0.026077832574092838	0.013772201704298692	-0.0006560660287892486	0.3809109671245775	-0.09260468564333896	-0.1149701762416267	0.12134104100125673	0.12767225554849265	0.28792728407584284	0.23013998894059112	-0.2981319870568543	0.23624047309357116
-0.1504882295505285	0.06640571749250557	-0.06310589268036997	-0.05850361731840596	0.1518407655441495	-0.19628722942070417	-0.13202412130768298	0.2320843008739238	-0.2120816866685719	0.15843741455891178	-0.0056076058935515885	0.04341834583128555	-0.1702356652858507	-0.3248247514372254	-0.1020660983704427	-0.24188052527882428
-0.22475075438520667	-0.26314099529263507	0.014995858213896703	0.13658763800500218	0.198307836851313	-0.1012291600782517	0.21139323650196992	-0.15371782120573257	0.1791268794834817	-0.14157491973634057	-0.07909552074648132	0.21946962699702954	0.02548805517808067	-0.08858638003993607	-0.058968962501184885	0.0326328074221013
-0.17746950925221927	-0.15007909861645918	-0.2049010060662196	-0.09512198692400775	0.12286797420404463	-0.3412316559704041	-0.234611212980716	0.0026235611051237963	-0.0716074866166989	-0.04841224192914448	-0.22950959361129916	0.12737852289696755	0.16777697582736648	-0.04303453473810926	0.18138524066569062	0.007796185401598179
-0.16905180569302178	0.20411710974362232	0.10247435084342194	0.07473154656327304	0.07635939270394038	-0.001949597172481622	-0.03460907663091225	-0.008238300695323933	0.144192507436049	0.005690797101861323	-0.12682635798184563	-0.14869284177945963	-0.008485355240561291	0.11071118371066145	-0.043379917075894725	-0.03856089678188816
-0.046740324064436074	-0.004217121802674958	0.11203575186733565	-0.0758561611928143	0.01361818415313243	-0.0183754210617303	-0.013459287890407954	0.01426378832637773	0.03989571902622819	0.049903178649343606	-0.04632947237968694	0.07015367355675287	-0.016179390361630828	0.06892122971741291	0.30151987162886323	0.01594688342075694
-0.04578838480031711	0.01749299007994637	0.07531393134635302	-0.07506807495417848	0.05945555621777051	0.03871679315012385	0.08773231267853211	0.03379452364532546	-0.11758652178402004	-0.009976574808364534	0.004906926670569665	-0.012902920247852645	0.012939737095309871	-0.07591301249817446	-0.04078027816938316	0.10110334666579328
-0.06589789998850745	0.017321444467959368	0.13554047813170303	-0.0523395533107092	0.07929905732034255	-0.020505523096192392	0.07805733471249343	0.017852847963984078	-0.04541326015617162	-0.04651144397080254	0.07540324089605809	-0.0705916518455238	0.10078183993207666	-0.016966618075112037	0.08440917872956462	-0.15193233193646327
-0.0631418871655082	0.054157493320920645	0.0854148005726782	0.009769591578640532	0.04593156548572201	0.0001353179397045925	0.053133431413846764	0.06045292300168989	0.06087666000486794	-0.011335596308173707	0.15166409889439209	0.08903395174688103	0.08214104501646605	-0.057327888189912676	0.1099670496724096	-0.12659538841817797
-0.05937562018471836	0.06114372714705733	0.11123607284079413	0.002382721740403294	0.13228956526100533	0.0030703624172359655	0.026791324773987435	0.007501729323116772	-0.004557499477476647	-0.014948625484750446	0.1531328942690096	-0.0562365532015329	0.17989204895752897	0.11824599779774954	-0.16641179134711107	-0.11918335189686408
-0.03458783348247547	-0.00690765742413028	0.04719776185977756	-0.0877877734276433	-0.05078193516406701	0.05012747143171049	-0.06479120459934941	-0.12190100182115926	0.0632261378398852	0.16798423065587542	0.07147568697672199	-0.044162705113079403	0.12013197323678723	0.07566612079781293	-0.09290557761857912	-0.0495687694658252
-0.053342610046523575	0.04821365445056576	0.07332326810105184	-0.017089781874613453	0.06544625224597687	0.0020415843928900997	0.007264238534918662	0.0167799529812749	0.08367666836015712	0.06961656708636772	0.1123352407890194	-0.061558335699224476	0.13373406778068467	-0.12011793132332327	0.06898091717113583	-0.04371113119492124
-0.05318148560098722	0.02462663703789576	0.09529768543908174	-0.07828322457323561	0.0848205892141245	0.018159709326911334	0.03233735521613022	-0.022912747936507508	-0.07102152477555077	0.0493205242775499	0.15997359868895347	0.06781779227618573	0.11568184100565516	0.10145724392448793	0.06425112379679646	-0.058507242651915446
-0.08408775730453168	-0.00016174354630351658	-0.02575163333796052	0.058511417788911634	-0.0014615830637331512	0.021299455276456464	-0.14876823088642324	-0.05497693598729871	-0.08230289073646502	0.12219839210186556	-0.08500799515887959	0.1480280328518441	-0.04070706821144462	0.2211617868812567	0.27258351996091457	0.21452725207313603
-0.06419542056314927	0.10982873334571464	-0.03386658083146793	0.0163414753629017	-0.005731778279232766	-0.013558912064668614	0.042091474062963825	0.14150661252549893	0.09596331476276072	0.12308973232639198	-0.08250116204268061	0.034609980866555805	-0.052326790315728636	0.1048818423170733	0.04299398594630453	0.10688867544710863
-0.045353778633212105	0.008907652719834631	0.12310598590180469	-0.06897428151315474	0.0658568033776895	0.017651901842959616	-0.04777935429039083	0.0013249091882529883	0.009981503942219078	0.06012879433486025	-0.013401326052788484	-0.06947090870960855	0.07983176585863944	-0.008515859888157314	0.27941948334342986	0.05927905161145201
-0.04371305055575301	0.051168168037326114	0.04298613543398285	-0.018015466313971603	0.03971917892697366	0.008497584289084027	0.043275494645670105	0.10217798342696068	0.014379118740610982	0.033506027030546184	-0.014217511780458748	0.016314081199435802	-0.056503686468875984	0.1617420403648106	0.08485798178859547	0.038014574895798965
-0.06080604740819734	0.08630691069391898	0.013568760932450586	0.0017083561215874901	0.0015679553772418764	0.0027540029538725224	0.036825151498878564	0.11130432387746123	0.13147160265092908	0.15592548177274426	0.026388107671936292	0.06442739548252488	-0.02478561080591792	0.06007551914247765	0.15035199244025216	0.11005277943575675
-0.07455317907148755	0.11617734930476896	0.06118300874626599	0.0012541277097383931	0.07576570495171374	-0.027468522762132686	0.014436571142382502	0.1469639455370024	0.0670886651808438	0.11287135742846825	0.03565118815768803	-0.07193317213081664	0.08735141282351089	0.21203584671657896	0.026414571428032677	0.05864225161757544
-0.06188976278657189	0.09581535761409561	0.08176353154207562	-0.030997278483620504	0.11011111935197533	-0.06173602185334563	-0.035856473026079666	0.09818387497958257	0.03302130050379805	0.11342639764507603	0.13234351528214672	-0.022854959919396126	0.15714585209493032	0.02793716962160632	-0.03230155597248754	-0.1484759002497904
-0.04232816431486401	0.03146241087297486	-0.06495532839473031	0.06638944050085742	-0.06345420598920418	-0.023197117140430296	-0.02509530455911487	0.030502610911131482	0.037937322650607376	0.0282365166412348	0.009603648028009224	-0.04955281254680224	0.07346525631486711	-0.04681196811067345	0.08641153713720244	-0.022334431785837248
-0.060983724099360405	0.0504450608363134	0.1282118263744599	-0.018147032535533555	0.1430335467488115	-0.005684703558670703	0.03218106233045814	0.018417591177938147	-0.01857817826734598	0.0055920042835741444	0.11486973534088155	-0.12154085277985516	0.20181136457985976	0.12138093479743609	-0.16116980790623095	-0.1176157382625385
-0.05556378231299302	0.057893572084203544	0.0829535056404426	-0.02424848642130481	0.02001915522292145	0.08518638304975763	-0.030576055729358845	-0.08638269134816223	-0.04766636648305737	-0.0620398564946336	0.06835786146190037	-0.12499351793171307	0.03274465828095956	0.10810319775478772	0.18144607233817378	-0.1621874197125741
-0.043909624394740034	0.024992840349119055	0.08472464011722435	-0.10479340366525762	-0.05651670727447957	0.04921654871761665	-0.06683223878893772	-0.015440138989351967	-0.08789125235500352	0.04068384659565778	-0.007887230110826537	-0.08733799620886593	-0.11693339468186896	-0.12625532252277735	-0.021201327059423576	0.23281805989289545
-0.04816118970556044	0.04111457445254499	0.013495401337883819	0.028603854527707032	-0.012408310652304043	0.024245239701546857	0.04086291777950004	0.05017619430075347	0.08093233495205686	0.04013492370856111	0.019065936049944818	0.0815778012648384	-0.03022633667756713	0.009947577958308404	0.08696287128049829	0.010454867056183563
-0.05517655766533325	0.04582025189665038	0.028772213860854746	-0.02203589777111109	0.016992054051362167	0.05033001037333055	0.0418898146051156	0.08106133103290707	-0.05623764395010059	0.039193598268933996	-0.04500144388805164	-0.06465877048013906	-0.03152985024840162	0.17906591506390646	0.04136222768754453	0.11843072843483142
-0.07294035690912187	0.003002113418444995	-0.10809641561678175	0.04236867031272076	-0.05032776684445075	-0.032814817636845496	0.07558765861195789	-0.08959520887191978	0.116466172606123	-0.009180473977740449	0.019174201165898817	-0.07573544543514017	-0.014178939591229714	0.04636994633248731	-8.723570719248773e-5	-0.08215239474017448
-0.05326678822757901	0.0031742547649577396	0.06711706080529858	-0.07566011375995896	0.06547415065966672	0.08208082856183617	0.02039817348980826	-0.05062694664146108	-0.05274129191561936	-0.04930713978877418	0.07742369631259839	0.128451833477066	-0.01057117056922166	0.08541527766227094	-0.005614709834156326	-0.13029153937141866
-0.06009719658217402	0.06338161551877249	0.06980682429806508	-0.06234386518284641	-0.020360780671931995	0.06986044035781536	0.04334114229388949	-0.044685703853452594	-0.06065860330196893	-0.05864137891656103	0.12933172115703082	-0.04771950141785367	-0.023659752018411296	0.05057009720342184	0.15439230278273894	-0.29998462467374376
-0.06234631384893106	0.06224230673319986	0.11798721921216342	-0.039272320949594056	0.012658506251863665	-0.03162374024288658	-0.011695401485270955	-0.036949889026786	0.027437298401907142	-0.051140551203738845	-0.0595935809336781	-0.18072234578359073	-0.05068680738029883	-0.05271706323380635	-0.1118909297362828	0.2043010117513059
-0.07391362193857651	0.04260486561312061	0.13752741300641352	-0.058289517943491104	0.11320972069571864	0.01570869061155848	0.0866845272981279	0.09270757611415643	0.027904064773562453	0.028446296716938903	0.017664253673017605	0.0964911656878052	0.042632703755376526	0.009268348766016605	0.1588182154936884	0.03283315979455883
-0.06776092166512787	0.05193964009273663	0.1412199969843345	-0.05483843819009645	0.13539876683002866	-0.02982624836933829	0.030556471479552455	0.038165937013943343	-0.03766298067735036	-0.0013370565134190279	0.10758033290953345	-0.18071467838582703	0.13090080172255167	-0.11770588315051633	-0.1285481849768696	0.025558861664243208
-0.07112236095674995	0.03544005360073143	0.04931227729903503	0.04343236738873591	0.03715352455557084	-0.0016869703039839186	0.03302143429660068	0.051378251850437685	0.1615562191769214	0.04708514022224193	0.11254588489832464	0.1973629266552986	0.03884602799503417	-0.15534778624415546	0.2755775906162786	-0.040869186339507924
