2.0154638315963045e-16	6.477537831234751e-17	1.0683215190826985e-16	5.336417235190177e-17	-1.1254177404824487e-16	3.882018344183555e-17	-6.853907126142294e-17	5.425257292607957e-17
-1.983583657083912e-17	4.1252059009796194e-17	-1.885175098712565e-16	6.616754711958542e-17	1.9599503512999604e-17	-1.8089274218654037e-16	-1.53282060390587e-16	2.375616529044555e-16
-2.421802274537138e-17	-1.5724756723823716e-17	-1.9373000326935202e-17	-6.5006811509339e-17	7.361993848168654e-17	-3.893289988602953e-17	-3.1475796865466265e-17	-1.1417073504687617e-16
-1.7690571288599096e-17	-3.9133793706380285e-18	-7.195222364490651e-18	2.9480400583886926e-17	1.4976368760649668e-17	-7.695033553593684e-18	-4.44249493563622e-17	5.831520504658534e-19
1.8969052558921384e-17	3.2210184422521156e-18	-4.899580784379788e-17	1.7480570028382252e-17	4.770741042011461e-18	-4.732443044051808e-17	1.1189477962444093e-16	-6.051377818124606e-17
9.131438883841341e-18	2.140882730946625e-17	-4.0665120281707955e-18	2.222828373836204e-17	1.6539490706122196e-17	6.373206804289295e-18	5.607488589659897e-17	-1.4597514835626372e-17
1.996983489726901e-18	-1.088330471375885e-17	3.4830745153189563e-17	-9.973663959494475e-18	1.7677632381298546e-17	-8.317887372973706e-17	7.376453219782078e-17	-3.637010891782158e-17
-5.537526710348128e-17	1.4230289018218132e-16	5.0192511942821576e-17	-2.89052121804931e-18	-5.100599452585308e-18	6.815849956958322e-17	1.992109621730413e-17	1.0200222823575785e-17
6.383473655220165e-18	-9.468120362397877e-18	-4.7071364223530633e-17	4.0832960465510745e-17	-3.927885571152813e-17	7.022912187267909e-19	1.5296060979041052e-17	-4.363442859947163e-17
1.0106936714779374e-17	-2.4934247637809808e-17	-4.4042719350960524e-17	2.1632267119734032e-18	4.028249806003918e-18	1.630438543326031e-17	3.063980074095465e-17	-3.0550105692388706e-17
1.0368022210565152e-17	1.0883684513868713e-17	8.826447808590872e-20	1.2378327805329282e-17	2.88269089682885e-17	4.135886227577776e-17	-2.1017700135701266e-17	3.4729805662798816e-17
-1.068421315453716e-17	3.596963688856539e-17	-9.891401263569108e-18	8.506158257644305e-19	-2.6242163364140926e-17	-4.368052107693064e-17	-9.169726047268502e-18	5.524418989036538e-18
1.250986271199269e-17	1.602711276508706e-17	-5.124501526440774e-18	-1.474370821580732e-17	-2.1195460238401964e-17	-9.475056675673312e-18	2.4351029352161073e-18	5.983084481679273e-18
-1.1926428602059344e-17	4.189560724184865e-17	2.2569156411848697e-17	3.4371837106838634e-17	-9.379630392380673e-17	-6.471649488471383e-17	6.088990209104562e-18	-3.281120094550005e-17
1.0312822885966736e-17	-9.27052438138589e-18	-2.0844154764882338e-17	4.124169937502034e-18	2.383511790248479e-17	2.652492557242056e-17	3.3974340090694015e-17	7.543368833607611e-18
5.78138814451166e-18	3.183561173772558e-18	3.5853302913779685e-17	2.574871293492675e-18	-1.673852619438608e-17	5.940796331205344e-19	-3.0743343319312405e-18	-1.3673392697576449e-17
-2.9707390032915304e-18	-6.642225452938414e-18	-3.741793442229668e-18	2.027842926450828e-17	6.741520064814741e-18	1.647812684914163e-17	1.2286117627435231e-17	3.3380108550079807e-18
2.461821225588628e-18	-6.746744071113972e-18	-5.491026754087472e-18	2.479991914842543e-17	2.039269237974304e-17	-3.580242838038471e-18	8.962148201908703e-18	1.5766711781874605e-17
4.804902010330638e-19	4.56454675748615e-19	1.6885747633919243e-17	5.366409628205473e-17	2.3206317836024408e-17	1.0993347354715904e-17	1.0298641999070549e-17	-2.050738071219159e-17
3.1017504638469217e-18	-2.8468683395669894e-18	7.932096079878285e-18	8.095012670748918e-18	-1.463545206405732e-17	-7.90607164289337e-18	-5.673263255851306e-18	1.0951454635508883e-17
-7.91830495407444e-20	-8.180169173228826e-19	2.734088828102223e-18	-1.1364121270681705e-17	6.97104700218951e-18	-1.01403999478178e-17	-1.8813192550733662e-17	-1.6984008670275779e-18
6.420782761736452e-19	-5.511704783224485e-18	-3.928927005485104e-18	-3.1907911844529377e-18	9.861446225060147e-18	1.146821048508817e-18	-1.4768992350275874e-17	2.990225448055448e-20
4.52680947976961e-19	-1.0861662044250172e-17	-1.0965436411885043e-17	4.2698647375778294e-18	3.61902308082058e-17	6.7159776156394295e-18	9.433011473063205e-18	-4.611830133857827e-18
1.3607759095121833e-18	-7.620007960658752e-18	-2.240357723364303e-17	-1.616210611502821e-17	1.7886141092682937e-17	1.4184508118389717e-17	2.907484608189792e-17	-5.108612927852668e-18
-3.874826188606946e-18	3.84091736084268e-18	9.916068638952178e-18	-2.0171401654977855e-18	-5.67519071814319e-18	1.1758481696671932e-18	-1.3185075164854748e-18	-6.722360252230523e-18
-5.053341964774591e-19	-5.7822862114386176e-18	8.76099170642981e-18	8.920995293583766e-18	1.2230904613751045e-17	-1.6674825122352302e-18	-1.96727643255795e-18	-1.3837672865275343e-17
-4.682075407962378e-19	-3.2738716896527654e-18	7.688426792670234e-18	-3.879506715169028e-18	-1.088873521131185e-17	-1.0042929786860225e-17	-1.0038272388003697e-17	2.350966449999905e-18
-7.602398019207663e-20	7.801337263772324e-19	-3.946904910842387e-18	-2.874749501233607e-18	8.61925235201427e-18	1.3360791502744465e-17	1.7757424578820315e-17	-1.0119826440134359e-17
-3.2428083452178933e-18	-1.1234059483500837e-17	3.9696550867810766e-17	1.3408776355059599e-17	-6.208914075174035e-17	-6.289996437156856e-17	-5.493057168210499e-17	-2.5602471776509084e-17
-1.0012529040106142e-17	1.4353434329657655e-17	2.2781840776135023e-18	5.7381826574354816e-18	6.203062292485141e-18	2.834856720835541e-17	3.821249066549648e-17	-1.6542830917477538e-17
-3.4821387837354934e-18	-4.745653043323981e-18	8.381679706116153e-18	-6.246145213638499e-18	3.20865867108633e-18	-2.5520995911415506e-17	-4.3843243031880846e-17	-4.2475466435264075e-17
1.4982915297655782e-18	-1.8800980865815884e-17	-1.1098979178488228e-17	-2.3788648507292873e-18	-1.4681761551968706e-17	3.2243383117919624e-17	3.664772689868711e-17	-6.231554218625212e-17
4.58376415627156e-19	-2.6788746181992335e-18	2.6623484782489704e-18	-1.2343574358741824e-18	-5.0762680802702994e-18	1.2976554102291914e-17	-5.051223070441045e-18	-9.35464868503358e-18
-3.2693877629644984e-19	-2.559292318804634e-18	-5.746491823041331e-18	7.968833879372865e-18	-3.243639702478736e-17	-4.3851984070463416e-17	-3.1799394080056024e-17	-4.0041426822372693e-17
-3.949259970146033e-18	1.709126647133366e-17	2.178618109993411e-18	6.110149711952927e-18	-3.295299658088998e-17	1.9461429004766356e-17	4.0879768678670004e-17	-2.795622146557298e-17
-3.1475148572596163e-18	4.291930264401701e-18	-9.242438489998236e-18	-5.340874297269547e-18	1.616018904396754e-17	1.1845768855331321e-18	-2.005858616723674e-17	1.4200548687458314e-17
-6.10646598136525e-19	-4.796007025815344e-18	-3.4779122895252605e-19	2.649592756319948e-18	-1.9056300771673428e-17	3.676506678815498e-18	2.4620672892526366e-17	-3.1477262492637964e-17
-8.506033449822549e-20	-6.39269373398067e-18	8.242323869144836e-18	-2.642599742394279e-18	3.523635519743181e-18	4.215494586490479e-18	1.128431953659211e-17	-1.850193724936576e-17
1.6602575782961047e-19	-2.36286046316583e-18	1.1767531843046502e-17	-3.82799510017136e-18	1.6629671624857885e-17	4.609527583392011e-18	7.832242667280647e-18	1.3233608296125903e-17
-1.84494276349351e-18	1.994174067364301e-18	2.8173336826171914e-18	2.203854640315329e-18	-1.4186221688156765e-17	-6.33876669570888e-18	-3.2215860042063483e-17	-3.513749694658397e-18
-6.4429224573429725e-18	5.692954124999144e-18	-1.9126729276896132e-19	-1.1180116324600309e-17	3.67865893857638e-17	3.822824285574716e-17	-3.083688579215142e-17	1.6952400783877565e-17
2.298864035914056e-18	6.900105502305191e-18	-1.4877509422667786e-17	-9.856939356416404e-19	6.7044241718605236e-18	2.2356802770935742e-17	1.3438051701383642e-17	2.5509553769883776e-17
-2.6860388802826143e-18	8.562121230353422e-18	-6.635478628600482e-18	2.5017523912439037e-18	-8.791247647552596e-18	1.4026172501720535e-17	-5.135601607774306e-18	-1.2206610557469554e-17
1.7817396695756236e-18	-3.2122120060587646e-18	-1.5732654894651939e-18	2.4363134123825018e-18	-8.198338423023829e-18	-1.079474646860394e-17	2.15763679091853e-20	3.688477618277274e-18
-2.3406303830670893e-18	5.6916975643453025e-18	-9.531208330308869e-19	1.3502253093515105e-18	-5.521697411460083e-18	3.380132844161276e-18	7.485242611285899e-19	-7.410154306172739e-19
-2.24230274339789e-19	-1.5934949988110718e-18	-9.470351770032474e-19	1.334927553224285e-18	-6.8173761987011165e-18	-9.605912871761226e-19	-1.2173751061789188e-17	9.153661597025737e-19
-3.0142000054967e-19	1.7573015564722765e-18	2.180421245608879e-18	9.797728551223657e-19	-8.831201972966222e-18	4.006120038931105e-18	8.178849387294119e-18	-8.530766252450739e-18
2.439435415103592e-18	-1.6465986510729553e-17	-6.030983131635725e-18	-5.7704649656892726e-18	1.6928631638326603e-17	3.2811403044462192e-18	-9.924951666969606e-18	-1.3842685206382658e-17
9.929139243324759e-19	-6.031252589628345e-18	1.7246164734775508e-18	-2.714778427813692e-18	6.896358097837287e-18	1.976448635855429e-18	-1.0829992425247775e-18	6.457786800409446e-19
-3.1880698675808963e-18	1.584510224351425e-17	-5.018864133591835e-18	1.8516772272888812e-18	-1.0902631899766667e-17	2.2832291239263153e-17	2.361257527016869e-18	7.485357039368629e-18
-1.3555175567477617e-18	4.060641426994854e-19	5.3717431860732165e-18	7.812053939315768e-19	-4.963547394151862e-18	-5.021315826971926e-18	5.987708776576024e-18	-1.791377397874643e-17
-4.68692682049116e-19	-3.751065792510065e-18	1.0335519027082567e-18	-4.611741333139419e-18	1.318937581347955e-17	1.0878188552824382e-17	-7.357755701838907e-18	3.1199161997057655e-18
-9.785178892566092e-20	-1.1294111202433924e-18	1.3537673826015305e-18	-8.773689096051164e-19	5.2076267359453355e-18	-2.5689691134626903e-18	-1.5073124397416872e-18	2.116912590366451e-18
2.1899226274385286e-18	2.9250393518281154e-18	-5.622276115562332e-18	3.554318087025784e-18	-7.385382288061854e-18	-1.0422072217584121e-17	4.012978883753576e-18	1.4101446032345923e-17
4.639682505104541e-19	-5.511772725860639e-19	1.4914029691688164e-19	2.032061518329701e-18	-8.33274913966235e-18	-5.451812166419252e-18	1.0421350042722639e-19	-4.738286288297471e-18
1.5584583061845988e-18	-2.8589313508351907e-18	-1.8369761996131875e-18	2.14069709047573e-18	-9.366353476299206e-18	-5.1027620248310475e-18	7.375733512369459e-19	-4.3834653577454145e-18
9.643770417000192e-19	-5.717080984237339e-18	-1.6814496516438643e-18	-2.4655427964886155e-18	4.848906390689673e-18	6.635885089499604e-18	-7.607173494057148e-18	8.720624075834527e-19
-8.047073883685702e-20	4.488691797425288e-19	2.953382682548681e-19	2.552813002506714e-19	-6.857600960178161e-19	-6.643762618028883e-19	1.3512883619387175e-18	-9.194076774256512e-19
3.093598777127859e-20	-1.3234894598917412e-19	-1.409474143230046e-20	-1.4210563817342636e-20	-5.839453683214039e-20	5.0451860051294413e-20	1.9965839727927472e-20	-2.0018352193948612e-19
0.0	0.0	0.0	0.0	0.0	0.0	0.0	0.0
0.0	0.0	0.0	0.0	0.0	0.0	0.0	0.0
0.0	0.0	0.0	0.0	0.0	0.0	0.0	0.0
0.0	0.0	0.0	0.0	0.0	0.0	0.0	0.0
0.0	0.0	0.0	0.0	0.0	0.0	0.0	0.0
0.0	0.0	0.0	0.0	0.0	0.0	0.0	0.0
0.0	0.0	0.0	0.0	0.0	0.0	0.0	0.0
0.0	0.0	0.0	0.0	0.0	0.0	0.0	0.0
0.0	0.0	0.0	0.0	0.0	0.0	0.0	0.0
0.0	0.0	0.0	0.0	0.0	0.0	0.0	0.0
0.0	0.0	0.0	0.0	0.0	0.0	0.0	0.0
0.0	0.0	0.0	0.0	0.0	0.0	0.0	0.0
0.0	0.0	0.0	0.0	0.0	0.0	0.0	0.0
0.0	0.0	0.0	0.0	0.0	0.0	0.0	0.0
0.0	0.0	0.0	0.0	0.0	0.0	0.0	0.0
0.0	0.0	0.0	0.0	0.0	0.0	0.0	0.0
0.0	0.0	0.0	0.0	0.0	0.0	0.0	0.0
0.0	0.0	0.0	0.0	0.0	0.0	0.0	0.0
0.0	0.0	0.0	0.0	0.0	0.0	0.0	0.0
0.0	0.0	0.0	0.0	0.0	0.0	0.0	0.0
0.0	0.0	0.0	0.0	0.0	0.0	0.0	0.0
0.0	0.0	0.0	0.0	0.0	0.0	0.0	0.0
0.0	0.0	0.0	0.0	0.0	0.0	0.0	0.0
0.0	0.0	0.0	0.0	0.0	0.0	0.0	0.0
0.0	0.0	0.0	0.0	0.0	0.0	0.0	0.0
0.0	0.0	0.0	0.0	0.0	0.0	0.0	0.0
0.0	0.0	0.0	0.0	0.0	0.0	0.0	0.0
0.0	0.0	0.0	0.0	0.0	0.0	0.0	0.0
0.0	0.0	0.0	0.0	0.0	0.0	0.0	0.0
0.0	0.0	0.0	0.0	0.0	0.0	0.0	0.0
0.0	0.0	0.0	0.0	0.0	0.0	0.0	0.0
0.0	0.0	0.0	0.0	0.0	0.0	0.0	0.0
0.0	0.0	0.0	0.0	0.0	0.0	0.0	0.0
0.0	0.0	0.0	0.0	0.0	0.0	0.0	0.0
0.0	0.0	0.0	0.0	0.0	0.0	0.0	0.0
0.0	0.0	0.0	0.0	0.0	0.0	0.0	0.0
0.0	0.0	0.0	0.0	0.0	0.0	0.0	0.0
0.0	0.0	0.0	0.0	0.0	0.0	0.0	0.0
0.0	0.0	0.0	0.0	0.0	0.0	0.0	0.0
0.0	0.0	0.0	0.0	0.0	0.0	0.0	0.0
0.0	0.0	0.0	0.0	0.0	0.0	0.0	0.0
0.0	0.0	0.0	0.0	0.0	0.0	0.0	0.0
0.0	0.0	0.0	0.0	0.0	0.0	0.0	0.0
0.0	0.0	0.0	0.0	0.0	0.0	0.0	0.0
0.0	0.0	0.0	0.0	0.0	0.0	0.0	0.0
0.0	0.0	0.0	0.0	0.0	0.0	0.0	0.0
0.0	0.0	0.0	0.0	0.0	0.0	0.0	0.0
0.0	0.0	0.0	0.0	0.0	0.0	0.0	0.0
0.0	0.0	0.0	0.0	0.0	0.0	0.0	0.0
0.0	0.0	0.0	0.0	0.0	0.0	0.0	0.0
0.0	0.0	0.0	0.0	0.0	0.0	0.0	0.0
0.0	0.0	0.0	0.0	0.0	0.0	0.0	0.0
0.0	0.0	0.0	0.0	0.0	0.0	0.0	0.0
0.0	0.0	0.0	0.0	0.0	0.0	0.0	0.0
0.0	0.0	0.0	0.0	0.0	0.0	0.0	0.0
0.0	0.0	0.0	0.0	0.0	0.0	0.0	0.0
0.0	0.0	0.0	0.0	0.0	0.0	0.0	0.0
0.0	0.0	0.0	0.0	0.0	0.0	0.0	0.0
0.0	0.0	0.0	0.0	0.0	0.0	0.0	0.0
-0.0010127170386518424	-0.0034172566723149273	0.005438793274227846	0.07808803277624848	0.023995030532596932	0.011830527921949368	-0.0050712879096449824	-0.019539432586588006
0.0	0.0	0.0	0.0	0.0	0.0	0.0	0.0
0.0	0.0	0.0	0.0	0.0	0.0	0.0	0.0
0.0	0.0	0.0	0.0	0.0	0.0	0.0	0.0
0.0	0.0	0.0	0.0	0.0	0.0	0.0	0.0
0.0	0.0	0.0	0.0	0.0	0.0	0.0	0.0
0.0	0.0	0.0	0.0	0.0	0.0	0.0	0.0
0.0	0.0	0.0	0.0	0.0	0.0	0.0	0.0
0.0	0.0	0.0	0.0	0.0	0.0	0.0	0.0
0.0	0.0	0.0	0.0	0.0	0.0	0.0	0.0
0.0	0.0	0.0	0.0	0.0	0.0	0.0	0.0
0.0	0.0	0.0	0.0	0.0	0.0	0.0	0.0
0.0	0.0	0.0	0.0	0.0	0.0	0.0	0.0
0.0	0.0	0.0	0.0	0.0	0.0	0.0	0.0
0.0	0.0	0.0	0.0	0.0	0.0	0.0	0.0
0.0	0.0	0.0	0.0	0.0	0.0	0.0	0.0
0.0	0.0	0.0	0.0	0.0	0.0	0.0	0.0
0.0	0.0	0.0	0.0	0.0	0.0	0.0	0.0
0.0	0.0	0.0	0.0	0.0	0.0	0.0	0.0
0.0	0.0	0.0	0.0	0.0	0.0	0.0	0.0
0.0	0.0	0.0	0.0	0.0	0.0	0.0	0.0
0.0	0.0	0.0	0.0	0.0	0.0	0.0	0.0
0.0	0.0	0.0	0.0	0.0	0.0	0.0	0.0
0.0	0.0	0.0	0.0	0.0	0.0	0.0	0.0
0.0	0.0	0.0	0.0	0.0	0.0	0.0	0.0
0.0	0.0	0.0	0.0	0.0	0.0	0.0	0.0
0.0	0.0	0.0	0.0	0.0	0.0	0.0	0.0
-0.0010127170386518424	-0.0034172566723149273	0.005438793274227846	0.07808803277624848	0.023995030532596932	0.011830527921949368	-0.0050712879096449824	-0.019539432586588006
-0.0010127170386518424	-0.0034172566723149273	0.005438793274227846	0.07808803277624848	0.023995030532596932	0.011830527921949368	-0.0050712879096449824	-0.019539432586588006
0.0	0.0	0.0	0.0	0.0	0.0	0.0	0.0
0.0	0.0	0.0	0.0	0.0	0.0	0.0	0.0
0.0	0.0	0.0	0.0	0.0	0.0	0.0	0.0
0.0	0.0	0.0	0.0	0.0	0.0	0.0	0.0
0.0	0.0	0.0	0.0	0.0	0.0	0.0	0.0
-0.0010127170386518424	-0.0034172566723149273	0.005438793274227846	0.07808803277624848	0.023995030532596932	0.011830527921949368	-0.0050712879096449824	-0.019539432586588006
-0.0010127170386518424	-0.0034172566723149273	0.005438793274227846	0.07808803277624848	0.023995030532596932	0.011830527921949368	-0.0050712879096449824	-0.019539432586588006
-0.0010127170386518424	-0.0034172566723149273	0.005438793274227846	0.07808803277624848	0.023995030532596932	0.011830527921949368	-0.0050712879096449824	-0.019539432586588006
-0.0010127170386518417	-0.0034172566723149273	0.005438793274227845	0.0780880327762485	0.023995030532596932	0.011830527921949368	-0.005071287909644981	-0.01953943258658801
-0.0010127170386518417	-0.0034172566723149273	0.005438793274227845	0.0780880327762485	0.023995030532596932	0.011830527921949368	-0.005071287909644981	-0.01953943258658801
-0.0009948455625643851	-0.0033569521463979158	0.005342814575109308	0.07671000875056898	0.023571588842554895	0.011621753912241224	-0.004981794598926639	-0.019194619090906584
0.0	0.0	0.0	0.0	0.0	0.0	0.0	0.0
0.0	0.0	0.0	0.0	0.0	0.0	0.0	0.0
0.0	0.0	0.0	0.0	0.0	0.0	0.0	0.0
0.0	0.0	0.0	0.0	0.0	0.0	0.0	0.0
0.0	0.0	0.0	0.0	0.0	0.0	0.0	0.0
0.0	0.0	0.0	0.0	0.0	0.0	0.0	0.0
0.0	0.0	0.0	0.0	0.0	0.0	0.0	0.0
0.0	0.0	0.0	0.0	0.0	0.0	0.0	0.0
0.0	0.0	0.0	0.0	0.0	0.0	0.0	0.0
0.0	0.0	0.0	0.0	0.0	0.0	0.0	0.0
0.0	0.0	0.0	0.0	0.0	0.0	0.0	0.0
0.0	0.0	0.0	0.0	0.0	0.0	0.0	0.0
0.0	0.0	0.0	0.0	0.0	0.0	0.0	0.0
0.0	0.0	0.0	0.0	0.0	0.0	0.0	0.0
-0.0010127170386518424	-0.0034172566723149273	0.005438793274227846	0.07808803277624848	0.023995030532596932	0.011830527921949368	-0.0050712879096449824	-0.019539432586588006
-0.0010127170386518424	-0.0034172566723149273	0.005438793274227846	0.07808803277624848	0.023995030532596932	0.011830527921949368	-0.0050712879096449824	-0.019539432586588006
-9.53145391331014e-5	-0.0003216241382240525	0.0005118863952988708	0.0073494614702907315	0.002258355680224156	0.0011134613851101131	-0.00047729765716448625	-0.0018390053103008999
0.0	0.0	0.0	0.0	0.0	0.0	0.0	0.0
0.0	0.0	0.0	0.0	0.0	0.0	0.0	0.0
0.0	0.0	0.0	0.0	0.0	0.0	0.0	0.0
-0.000756559199640972	-0.0025528917499166933	0.004063098505817794	0.058336353911239786	0.017925699284440686	0.008838100273177333	-0.0037885503804473454	-0.014597105523994102
-0.0010127170386518424	-0.0034172566723149273	0.005438793274227846	0.07808803277624848	0.023995030532596932	0.011830527921949368	-0.0050712879096449824	-0.019539432586588006
-0.0010127170386518424	-0.0034172566723149273	0.005438793274227846	0.07808803277624848	0.023995030532596932	0.011830527921949368	-0.0050712879096449824	-0.019539432586588006
-0.0010127170386518424	-0.0034172566723149273	0.005438793274227846	0.07808803277624848	0.023995030532596932	0.011830527921949368	-0.0050712879096449824	-0.019539432586588006
-0.0010127170386518424	-0.0034172566723149273	0.005438793274227846	0.07808803277624848	0.023995030532596932	0.011830527921949368	-0.0050712879096449824	-0.019539432586588006
-0.0010127170386518424	-0.0034172566723149273	0.005438793274227846	0.07808803277624848	0.023995030532596932	0.011830527921949368	-0.0050712879096449824	-0.019539432586588006
-0.0010127170386518424	-0.0034172566723149273	0.005438793274227846	0.07808803277624848	0.023995030532596932	0.011830527921949368	-0.0050712879096449824	-0.019539432586588006
-0.0010127170386518424	-0.0034172566723149273	0.005438793274227846	0.07808803277624848	0.023995030532596932	0.011830527921949368	-0.0050712879096449824	-0.019539432586588006
-0.0010127170386518424	-0.0034172566723149273	0.005438793274227846	0.07808803277624848	0.023995030532596932	0.011830527921949368	-0.0050712879096449824	-0.019539432586588006
-0.0010127170386518424	-0.0034172566723149273	0.005438793274227846	0.07808803277624848	0.023995030532596932	0.011830527921949368	-0.0050712879096449824	-0.019539432586588006
0.0	0.0	0.0	0.0	0.0	0.0	0.0	0.0
0.0	0.0	0.0	0.0	0.0	0.0	0.0	0.0
0.0	0.0	0.0	0.0	0.0	0.0	0.0	0.0
0.0	0.0	0.0	0.0	0.0	0.0	0.0	0.0
0.0	0.0	0.0	0.0	0.0	0.0	0.0	0.0
0.0	0.0	0.0	0.0	0.0	0.0	0.0	0.0
0.0	0.0	0.0	0.0	0.0	0.0	0.0	0.0
0.0	0.0	0.0	0.0	0.0	0.0	0.0	0.0
0.0	0.0	0.0	0.0	0.0	0.0	0.0	0.0
0.0	0.0	0.0	0.0	0.0	0.0	0.0	0.0
0.0	0.0	0.0	0.0	0.0	0.0	0.0	0.0
-0.0004964299214995562	-0.0016751258217591251	0.002666075137603623	0.03827844748496896	0.011762269882941784	0.005799278400025715	-0.002485925448867856	-0.00957815324013766
-0.0010127170386518424	-0.0034172566723149273	0.005438793274227846	0.07808803277624848	0.023995030532596932	0.011830527921949368	-0.0050712879096449824	-0.019539432586588006
-0.0010127170386518424	-0.0034172566723149273	0.005438793274227846	0.07808803277624848	0.023995030532596932	0.011830527921949368	-0.0050712879096449824	-0.019539432586588006
0.0	0.0	0.0	0.0	0.0	0.0	0.0	0.0
0.0	0.0	0.0	0.0	0.0	0.0	0.0	0.0
-0.0031929565870479773	-0.006545084499930898	0.011926038137926585	0.003011365955725408	-0.007103750403220553	-0.03085446836734379	0.012073891961806159	0.005336076652822632
-0.0052699924880491465	-0.012144036005556125	0.021340177458129966	0.08210318738388236	0.014523363328302856	-0.02930876323450904	0.011027234706096564	-0.012424663716157833
-0.009464435524767384	-0.01353761951318336	0.059586927399637134	0.09003402512124929	0.01596360838098238	-0.047782400745859356	0.028126846931846188	0.05550138333870559
-0.009763872197338059	-0.014741909151667846	0.06332557389343713	0.09543694962850183	0.009419417437766513	-0.05091614119436937	0.026990299266110487	0.07493493358188728
-0.013060862555586344	-0.018250820407896367	0.08407310167921059	0.020060668282494892	-0.03248662932471715	-0.08675377773434752	-0.0016193753132862118	0.09485458159115723
-0.01384500204309676	-0.020128641268124914	0.08718412357434781	0.02092921799609599	-0.035825537294981884	-0.09595213380464873	-0.004815997351223264	0.08490218861353933
-0.01643117725788745	-0.024867363245542617	0.0912282627276042	0.01801700527512535	-0.038237905133162324	-0.10155123598744302	-0.003586728245777035	0.06834795848660657
-0.011800394319291474	-0.015237508565255561	0.07381859133836755	0.01356401425414359	-0.027124926467407485	-0.055915793355657224	-0.018050410197439453	0.0661582174242216
-0.0101260335124515	-0.01828431149229275	0.04019950287203605	0.010342666039080729	-0.04325956477660254	-0.028662813325369824	-0.050437128048230216	0.019415283411315216
-0.007237181354734144	-0.012333550421415686	0.032393560321872794	0.00783836419697131	-0.034289219413983996	-0.01986048606602313	-0.05055893325849187	0.016489453165136305
-0.007950461720815307	-0.01454651745524613	0.03409370710230059	0.08052347246596725	-0.003749997938171237	-0.004896217695563743	-0.05449367350240117	-0.022483529664633368
-0.005322424435551963	-0.010343424600858395	0.03162511433422914	0.08079978420649007	0.006084014302710167	-0.012176580696079402	-0.03875225039868667	-0.019159217163906107
-0.0010127170386518424	-0.0034172566723149273	0.005438793274227846	0.07808803277624848	0.023995030532596932	0.011830527921949368	-0.0050712879096449824	-0.019539432586588006
-0.0010127170386518424	-0.0034172566723149273	0.005438793274227846	0.07808803277624848	0.023995030532596932	0.011830527921949368	-0.0050712879096449824	-0.019539432586588006
0.0	0.0	0.0	0.0	0.0	0.0	0.0	0.0
0.0	0.0	0.0	0.0	0.0	0.0	0.0	0.0
0.0	0.0	0.0	0.0	0.0	0.0	0.0	0.0
0.0	0.0	0.0	0.0	0.0	0.0	0.0	0.0
0.0	0.0	0.0	0.0	0.0	0.0	0.0	0.0
0.0	0.0	0.0	0.0	0.0	0.0	0.0	0.0
0.0	0.0	0.0	0.0	0.0	0.0	0.0	0.0
0.0	0.0	0.0	0.0	0.0	0.0	0.0	0.0
0.0	0.0	0.0	0.0	0.0	0.0	0.0	0.0
-0.0010127170386518424	-0.0034172566723149273	0.005438793274227846	0.07808803277624848	0.023995030532596932	0.011830527921949368	-0.0050712879096449824	-0.019539432586588006
-0.0010127170386518424	-0.0034172566723149273	0.005438793274227846	0.07808803277624848	0.023995030532596932	0.011830527921949368	-0.0050712879096449824	-0.019539432586588006
0.0	0.0	0.0	0.0	0.0	0.0	0.0	0.0
0.0	0.0	0.0	0.0	0.0	0.0	0.0	0.0
-0.004856148794538665	-0.011135358610210167	0.023378677171502164	0.014821003622138965	-0.022560049090725783	-0.04740677205347844	0.013825427284270145	0.045981869356793534
-0.01490442540840394	-0.026563357807431052	0.06574576373042652	0.10141019418571955	-0.009895186112382942	-0.03035783019954032	0.052406048078398756	0.10660634582600992
-0.014423026486556155	-0.019162115067494743	0.06276788897441651	0.08723228234982401	0.027012053634092335	-0.04290804964302126	0.055330443351534676	0.0454833918368143
-0.028849129417536354	-0.039218549482735246	0.11789592612759864	0.09230266930267278	0.005429178471322869	-0.08549221271330561	0.03669544753528392	0.020386385822619035
-0.042585497415578	-0.055024425590570344	0.13347030889453138	-0.002270848858213704	-0.025098009707204667	-0.08276078506841707	0.050395671486103744	-0.01147923701753615
-0.05775485668901667	-0.0724847735649814	0.1081737416150472	-0.010338106395441606	-0.0331375632223342	-0.043308305018671896	0.059284867749219004	0.014151274084125906
-0.0702007395023152	-0.08544201617087725	0.11111411464974055	-0.015003315054352435	-0.04825209970092454	-0.009643574017836259	0.04391678347143357	0.030161229497865222
-0.07426254504429686	-0.08361002312600138	0.1265864305160554	-0.023526510440960234	-0.03504892388046948	0.007760386198960957	0.04439834306879732	0.035789588274208896
-0.0759105948314053	-0.08531470417965287	0.11803281163237098	-0.03249824553688971	-0.05542423088707946	0.027303849441039793	0.004924287851053828	0.025810488582431346
-0.07013593619395005	-0.08718350186983456	0.10145214444844422	-0.01984547112503557	-0.08836234826208592	0.01104090088262068	-0.04062826028495855	0.007062866772711911
-0.0611183904536228	-0.09191420533096364	0.04694896544363225	-0.008538622234156102	-0.12191141727884254	-0.006907257759295276	-0.07075214677854384	-0.0763591623139054
-0.04897285830080937	-0.07231779530106289	0.026670507580127657	-0.002169352785112167	-0.11297663469831458	0.03802132223952603	-0.08828818785773065	-0.03869585378216912
-0.02408595556744472	-0.037063150978191836	0.033558211437237466	0.0250625336799235	-0.09643434340685757	0.03991809228713522	-0.09214971520282815	0.07149781958116166
-0.02238875717977761	-0.03399071781309104	0.03592233201605637	0.09747419416746857	-0.05954778739698764	0.04307664534723772	-0.10931076888712708	0.026468006555541813
-0.00587301482154061	-0.010178342874830269	0.012779051253212395	0.07997300303564098	0.004494975568150796	0.018175639070890485	-0.03294277565899256	-0.023224189591583764
-0.0010127170386518424	-0.0034172566723149273	0.005438793274227846	0.07808803277624848	0.023995030532596932	0.011830527921949368	-0.0050712879096449824	-0.019539432586588006
0.0	0.0	0.0	0.0	0.0	0.0	0.0	0.0
0.0	0.0	0.0	0.0	0.0	0.0	0.0	0.0
0.0	0.0	0.0	0.0	0.0	0.0	0.0	0.0
0.0	0.0	0.0	0.0	0.0	0.0	0.0	0.0
0.0	0.0	0.0	0.0	0.0	0.0	0.0	0.0
0.0	0.0	0.0	0.0	0.0	0.0	0.0	0.0
0.0	0.0	0.0	0.0	0.0	0.0	0.0	0.0
-0.0009342811158235602	-0.0031525868085680512	0.005017553428096483	0.07204003844132174	0.022136592004079133	0.010914241990452506	-0.00467851171260337	-0.018026084466652884
-0.0010127170386518424	-0.0034172566723149273	0.005438793274227846	0.07808803277624848	0.023995030532596932	0.011830527921949368	-0.0050712879096449824	-0.019539432586588006
-0.00035147237814397113	-0.001185989060622286	0.0018875811637089222	0.02710114033529944	0.008327686928380389	0.004105889033882148	-0.0017600351863621218	-0.0067813323728948055
-0.005589708219921896	-0.01362788311348993	0.008028159577689407	0.014077631318096492	-0.029130889964973247	0.015857700322064024	0.023710927313684724	0.06082173760889511
-0.009697265333033857	-0.02175251762748889	0.022060220514691507	0.015391323672104126	-0.03533046169765934	-0.02371472061013933	0.040377723762294135	0.05821973135773446
-0.030774540466642426	-0.0363170552685848	0.04684921956813178	0.09547902648241341	0.012864744334400624	-0.018424947982076036	0.09170842545966171	0.0610071167104437
-0.04020912768219003	-0.05321454089693008	0.06962845040244453	0.0964454266743508	-0.00615526987462419	-0.032541560477695755	0.057829169339896166	-0.0022368152161109504
-0.06096442446259115	-0.06640938059574125	0.0804062991230673	0.05684876874669919	0.0049029241087377735	0.027000983370840503	0.0631337306959587	-0.046417670674871625
-0.08435301444681956	-0.07041700707902343	0.03204525426218752	-0.015408620247045668	-0.027921252977210972	0.07975740195308814	0.05114859660076015	-0.10418889098710911
-0.10026774460746998	-0.059720197075650454	0.04225992808306698	-0.03350534798321382	0.007305081929100267	0.12100993222049344	0.022612572489759872	-0.08939546158913361
-0.11910193713144361	-0.03511313631871357	-0.02718447257194687	-0.046991613631030674	0.06608919565102518	0.15905261418300662	0.011908807289281953	-0.0756086867967042
-0.12291252935034845	-0.018498709089449564	-0.04979756350665765	-0.040896163092091375	0.07523343019475841	0.1468787683868676	0.017751436642759327	-0.0021423464213564383
-0.12059232272955303	-0.014832552777242311	-0.0527069896824756	-0.03965644019649652	0.08918841518209088	0.1490351831223758	0.021564888961022266	0.015635523447082657
-0.12403407947271343	-0.015566080276863993	-0.026130310751730522	-0.03525583348659191	0.09484484571758539	0.09363071106183962	0.05271812296548922	0.0394227908225353
-0.12601143448064406	-0.031134697255130215	0.014940226909200292	-0.041534989589216455	0.11033867685150238	0.0695214399557611	0.10133359724323444	0.029866503303621717
-0.11602160918747183	-0.057712301984156056	-0.005250866703164679	-0.032068349214306936	0.07523200226522671	0.028075791737797763	0.11231683405208388	-0.0035984233297486315
-0.10541897051296575	-0.0626667958368696	-0.054401146326629235	-0.028759587864208663	0.0581802104216503	0.006305355970602368	0.05465487935902346	-0.06984839407047899
-0.08329050724481836	-0.0859759674174905	-0.027218242854649303	-0.016528762181771	-0.04920843472864974	0.029385821736721128	-0.00999200277866139	-0.11706140098680459
-0.05610691669560556	-0.06924433804818365	-0.005905197874635335	-0.008323253722565257	-0.10338654570645296	0.0685876972233216	-0.08867647446220536	-0.01575533914358556
-0.033822743000118415	-0.04451725894928582	0.01830004381947927	0.09954177576146911	-0.07744390857605625	0.0741478574548957	-0.10161721093641611	0.04952876894911863
-0.017709200776364193	-0.026496156176451704	0.009706785614225819	0.09459131096237634	-0.04086507377997933	0.06568833595829082	-0.07444929645146936	0.024538692165540634
-0.0010127170386518424	-0.0034172566723149273	0.005438793274227846	0.07808803277624848	0.023995030532596932	0.011830527921949368	-0.0050712879096449824	-0.019539432586588006
0.0	0.0	0.0	0.0	0.0	0.0	0.0	0.0
0.0	0.0	0.0	0.0	0.0	0.0	0.0	0.0
0.0	0.0	0.0	0.0	0.0	0.0	0.0	0.0
0.0	0.0	0.0	0.0	0.0	0.0	0.0	0.0
0.0	0.0	0.0	0.0	0.0	0.0	0.0	0.0
0.0	0.0	0.0	0.0	0.0	0.0	0.0	0.0
-0.0010127170386518424	-0.0034172566723149273	0.005438793274227846	0.07808803277624848	0.023995030532596932	0.011830527921949368	-0.0050712879096449824	-0.019539432586588006
-0.0010127170386518424	-0.0034172566723149273	0.005438793274227846	0.07808803277624848	0.023995030532596932	0.011830527921949368	-0.0050712879096449824	-0.019539432586588006
-0.005739426556207236	-0.014230027932732175	0.009897482824589424	0.01677909357172277	-0.03240298543658115	0.014290830097809033	0.023142653480816875	0.07053851273048596
-0.02728765878758625	-0.03337766357687043	-0.01713466025794678	0.018387947824506607	-0.017495198857276958	0.01709267765891176	0.08366328991600334	0.013228076712540733
-0.035153317201083036	-0.04021345181799925	-0.004352988865776825	0.09555058303299424	0.03598762401600005	0.011967349375204564	0.11240267856166006	-0.017020624849478538
-0.05186507522293173	-0.04120153460318098	-0.014367571666380283	0.09373251196658178	0.029268975692935375	-0.02664466105179148	0.09532715732124042	0.027873947657702174
-0.09414861632962782	-0.059498432046654046	-0.008014337387312494	0.07168244977381401	-0.009411345165499808	-0.034761498471782136	0.0022503918536245253	0.049234714636266906
-0.10990428900670582	-0.01098373569970416	-0.07010262585384024	-0.013582458347869608	-0.01724500540049569	0.0228433244896044	-0.09596672041055122	-0.006549996427459133
-0.12576358440717592	0.01439876505918744	-0.07595970512796373	-0.04642253855139067	0.05879757243049913	0.10698489050167008	-0.10811866588163978	-0.008371649665532215
-0.11031221255550609	0.08298730056863149	-0.09177897430068953	-0.005578636900572989	-0.01069139036374081	0.030263170905265858	-0.11311766862326882	0.020115784557032515
-0.09235106473360646	0.1184420155965732	-0.07244944925872138	0.0033565619030363958	0.014126982665725124	-0.002698981069450603	-0.11385583549165135	0.02608151740143384
-0.0858758191575862	0.16292759223003783	-0.05137504682951556	0.020348872378896325	-0.04983457884503525	-0.02620915632309869	-0.02443878573917512	-0.02967553136578424
-0.08009181328793723	0.16349859698427185	-0.06124951538645432	0.03424103727134053	-0.07964098710268089	-0.053445028735322225	-0.019851905359306282	-0.03298671999468969
-0.07440377996702145	0.16830182364841292	-0.045817812097145014	0.04672241871948697	-0.08100691336168005	-0.06812646119648016	0.016519347223398602	-0.00715755583835226
-0.08575956251148042	0.167678614432305	-0.029281665911480775	0.03994657252728836	-0.05348275448258208	-0.04920086077177541	0.04702478658614619	0.026179474027424158
-0.09363190386964856	0.11408801310042468	0.0066162315703123115	0.006696803320550764	0.10682162161930817	-0.07863300377574786	0.04716408640332166	0.14948654804830844
-0.1041877610619858	0.06785424935768605	0.020105034200216337	-0.018776236132060836	0.15225713739820332	-0.10936312358741605	0.08911761029318035	0.06359657775106903
-0.09858520762401565	-0.012002764861393943	-0.07672988463349346	-0.02623651435882369	0.07068138455951324	-0.12932632766065616	0.05848868388733931	-0.07753057886948982
-0.0950926862154271	-0.047335955551965014	-0.03646144122949034	-0.013093911167368034	-0.0012628275456625202	-0.1511029463243282	0.01874104513701557	-0.11132072868788438
-0.08051269959016875	-0.06556890812252711	-0.07541495273552498	0.005496087180369841	-0.08956403139129457	0.04502986496686146	-0.05109389459242732	0.02228240676800391
-0.03134168140079817	-0.03932663748297111	-0.01557192805644326	0.07478870738954825	-0.04982609444295377	0.12349252284666079	-0.04570565291885498	0.028291033929835098
-0.012930936402739483	-0.019196335511842223	0.006664849031444332	0.09799720714248027	-0.025153715032593563	0.05079861054564422	-0.04458195064245469	0.042278292985401485
-0.0010127170386518424	-0.0034172566723149273	0.005438793274227846	0.07808803277624848	0.023995030532596932	0.011830527921949368	-0.0050712879096449824	-0.019539432586588006
0.0	0.0	0.0	0.0	0.0	0.0	0.0	0.0
0.0	0.0	0.0	0.0	0.0	0.0	0.0	0.0
0.0	0.0	0.0	0.0	0.0	0.0	0.0	0.0
0.0	0.0	0.0	0.0	0.0	0.0	0.0	0.0
0.0	0.0	0.0	0.0	0.0	0.0	0.0	0.0
-0.0010127170386518424	-0.0034172566723149273	0.005438793274227846	0.07808803277624848	0.023995030532596932	0.011830527921949368	-0.0050712879096449824	-0.019539432586588006
-0.007942195126425772	-0.018094368783991628	0.005934500058397121	0.08645365982413933	0.011622024042316315	0.05129472081434834	0.035199214764886286	0.007342890116537474
-0.010688781301874846	-0.01839942352978593	-0.010925189294199172	0.007072710107527051	-0.011092565811705682	0.03339155048637339	0.05647961884648131	0.03481916410967395
-0.03241619970388045	-0.025514626827694568	-0.05146215920920555	0.017860809139043372	-0.021021923897212122	-0.03167084432700895	0.07697623056681137	0.04071728243890935
-0.06617375270527234	-0.049864535968791576	-0.08940704525146717	0.09904280081262032	0.00887225209016383	-0.06612676611235632	0.09934316837813918	0.033728533617327756
-0.09129164896458848	-0.04656548931603253	-0.02917273064294208	0.08002092534574774	0.020679137609362283	-0.11828720955448226	-0.04982215384186388	-0.033588795326573884
-0.11170717548807492	0.017278940253726886	0.0028339790434426856	-0.02921563290730617	0.031490292028537946	-0.02132080456646373	-0.154608936307156	0.022323630776487517
-0.10419082673070951	0.07001507892429906	-0.02574029478489437	-0.034778562214593495	0.0477946459326798	0.0664719263958134	-0.13394046550925615	0.06389006079843991
-0.07816365336278877	0.12237349155643304	-0.04049081559858511	0.00137519557328899	-0.023834367157688493	-0.008961365983469614	-0.02874185896204649	0.004831223969977126
-0.049896509222335114	0.10719711529974964	-0.004709532111327137	0.01833476632513854	-0.07633155626906439	-0.03828902353918556	0.05142830420703537	-0.04196425654538562
-0.022077069531280535	0.07849135455797558	0.036115005297607965	0.02078673107445131	-0.07852205837252042	-0.02212757653368877	0.055252279426970266	-0.04158404629079179
-0.01617002693259048	0.062279397288837475	0.025126357940679574	0.021089368754805434	-0.09233584215661741	-0.02409343778777645	0.05261370841730146	-0.06827616224087925
-0.014092962198031928	0.0530936227697666	0.019535694752356336	0.01830990268190545	-0.09651259638298872	-0.0056389122782503215	0.04795827121156118	-0.07938697226268004
-0.014109975110704293	0.053331428653942206	0.019549756500007977	0.018677579501259978	-0.09916720019054516	-0.005426492517926533	0.05003480185801857	-0.08198897554233933
-0.017536828273805517	0.062461443777387694	0.009041469240483515	0.023952462550169633	-0.11061081795550477	-0.003471396109815516	0.04848339879049031	-0.06151878739780018
-0.03657062495740648	0.10549697227114788	0.04937875038882655	0.032203726655300996	-0.09875518939674613	0.004551178578126283	0.048920681882903085	0.041203563920024194
-0.051891757023696895	0.1315340843694581	0.08877989449094309	0.018923288609273014	-0.06636500581028872	0.05546233502074769	0.062325882466634557	0.07236749310434278
-0.0868574410510043	0.0947033433397995	0.07882292955193965	-0.01424760805965153	0.13246436316201599	-0.06547474485687772	0.07429279081442061	0.0735621291099318
-0.09341007082664513	-0.0072552742551579025	-0.05368486926770678	-0.030675749134800756	0.09130548989640536	-0.14770472485355077	0.048444808426991816	-0.0864964425954398
-0.08301808910976148	-0.04088429019170658	-0.05895520962920548	-0.006334524705181789	0.001146824223564727	-0.19189662856489986	0.0034916045203117075	-0.0922878690148474
-0.0744719562943942	-0.05680490885622112	-0.08382971258585073	0.0023339926549811782	-0.09101317893262778	0.03306036287112546	-0.05759515303632969	0.03204763117873125
-0.03244431887289359	-0.031151250020117455	-0.03802292995478399	0.040623382901907555	-0.050252653448412996	0.10208325092861831	-0.03079212544910878	0.06670358294017441
-0.0016115903837932008	-0.005825835949283902	0.012916086261827896	0.08889388179075358	0.010906648646165217	0.005563047024929341	-0.007344383241116376	0.01932766789977536
-0.0010107313190865685	-0.0034105561694352604	0.005428128974325787	0.07793491899561744	0.02394798145592559	0.011807330809759575	-0.0050613442084540515	-0.019501119975956733
0.0	0.0	0.0	0.0	0.0	0.0	0.0	0.0
0.0	0.0	0.0	0.0	0.0	0.0	0.0	0.0
0.0	0.0	0.0	0.0	0.0	0.0	0.0	0.0
0.0	0.0	0.0	0.0	0.0	0.0	0.0	0.0
-0.0010127170386518424	-0.0034172566723149273	0.005438793274227846	0.07808803277624848	0.023995030532596932	0.011830527921949368	-0.0050712879096449824	-0.019539432586588006
-0.00675214359485908	-0.017647284605047095	0.015336276098817266	0.09486712634797126	-0.008407954903984247	0.026121358019758397	0.01807136557117189	0.05099908014389796
-0.027309050502795806	-0.015903382194871273	-0.06915919853281129	0.022152474653020376	-0.0436441639367012	0.008730090396975452	0.04679235616396081	0.08748366310634656
-0.06731880552865765	-0.04585958254615034	-0.11163929844138401	0.05570689261220309	-0.02993637368398662	-0.03687975396421354	0.010160719659714922	0.040368450203931504
-0.08229817881507048	-0.05440105678517314	-0.04796427850480077	0.08256596919687408	-0.00933350934383697	-0.11022766544579951	-0.04650236598355266	-0.06208679346509867
-0.09552671647108693	0.011563367245349558	0.0319101301791942	-0.019265779295249013	0.045070743431369804	-0.08048462938378692	-0.1578082241524653	0.024002053404873453
-0.08788626886423229	0.09337548393162702	0.07241188826937475	-0.031512864524684436	0.07672544059282421	0.0578074174055659	-0.0869041279257805	0.08560894794751771
-0.05153172024195856	0.1004497775201334	0.06995423114915741	-0.018660897788442488	-0.0358009226403097	0.06517258057942452	0.033140322397733596	-0.08797199755227632
-0.025907514710157033	0.08103276156847673	0.04335571702710452	0.012749089758356752	-0.0949999976545911	0.02939365777958404	0.07663159785063897	-0.08094286365996647
-0.005733082096223452	0.03102506984148224	0.015428296770407536	0.014825176096030117	-0.07168894676091307	0.0018730182904679177	0.06659311643294845	-0.043452416646373344
-0.0027164241256610534	0.017494729631869224	0.008457788652862407	0.011015618390873264	-0.06084790829455683	0.004887354939606522	0.04901046495682006	-0.03997775421781365
-5.121320899323839e-5	0.0005116106930717583	2.513752974049382e-5	0.0007459561201333383	-0.005325343405723599	0.00032769570653477353	0.004079753845527081	-0.005273125492113288
0.0	0.0	0.0	0.0	0.0	0.0	0.0	0.0
0.0	0.0	0.0	0.0	0.0	0.0	0.0	0.0
-0.0008246643411418962	0.0025594973093080804	0.0006923195794056843	0.00012422185595691308	-0.004214026030189565	0.00535538716101187	0.0015107467006479475	-0.004901560936743889
-0.007985995911507046	0.03771753874913665	0.007792687011263594	0.016462922720065647	-0.10194707862243597	0.028255840375357742	0.05629828511807872	-0.07510638644604684
-0.025175704487194965	0.06480021443821778	0.07628882446533242	0.011932624688244513	-0.08740322946365829	0.06067279806966133	0.10043704409639531	-0.016245033014057823
-0.04333751202614172	0.11099549130200667	0.11891391154802301	0.0024793911656264267	-0.050173657707001884	0.07668589155497105	0.05660210057749642	0.05918782229730218
-0.05891112614554589	0.0580616356417391	0.05427324237734051	-0.01433712022235114	0.11479967409222125	-0.09302470473865836	0.011819484024633892	-0.018638897483810184
-0.08344329716388163	-0.04250137847453776	-0.017496854349992395	-0.01913120818629809	0.0391972879621101	-0.196202541641544	0.014510904345387553	-0.15739730164115096
-0.08589544237016099	-0.04851748320885304	-0.11266829639842503	-0.0021732629668242145	-0.05501370266255519	-0.09408266969252291	-0.03674484720874097	-0.048566194478023315
-0.043229501825605	-0.030462118828294818	-0.08578805543874471	0.021624440264888366	-0.05844003848022311	0.05815644720707091	-0.009484602775315891	0.11466508471599131
-0.015221989814273815	-0.03080582969918369	0.013251102734454836	0.10087236355196405	-0.011848159605567453	0.07428607880714294	0.01845641022642896	0.07009880550072721
-0.0010127170386518424	-0.0034172566723149273	0.005438793274227846	0.07808803277624848	0.023995030532596932	0.011830527921949368	-0.0050712879096449824	-0.019539432586588006
0.0	0.0	0.0	0.0	0.0	0.0	0.0	0.0
0.0	0.0	0.0	0.0	0.0	0.0	0.0	0.0
0.0	0.0	0.0	0.0	0.0	0.0	0.0	0.0
0.0	0.0	0.0	0.0	0.0	0.0	0.0	0.0
-0.0033979502075959086	-0.007224807946866267	0.002872815870467723	0.08127787609714596	0.033250493279088744	0.03703837045204262	0.014735050573345678	-0.0259248853079175
-0.006452706922288401	-0.01644299496656262	0.01159762960501724	0.08946420184071872	-0.0018637639607683913	0.02925509846826841	0.019207913236907584	0.031565529900716274
-0.04828647454555402	-0.03466577698918572	-0.08898019734093508	0.02071681580865445	-0.05813971155170214	0.014646646384443358	0.031053903203196388	0.10565975599819077
-0.07608389208956888	-0.06914782598850583	-0.09178191231804535	0.07878025945568744	-0.03636944659544911	-0.02844559759250686	0.0023173859841913416	-0.038004378766988256
-0.09062691497879609	-0.03379641645366486	0.009604225437749468	0.05446052920433744	0.058206222968611915	-0.07102658861352651	-0.12662977783755192	-0.16958648402128798
-0.07248862102745551	0.05901258467351125	0.0846549408441063	-0.013443877181371923	0.09164512428088141	-0.04896292270656367	-0.13588357321467442	0.07059608888346089
-0.056260785850604594	0.10704258888915145	0.08578879911350976	-0.009774119015074538	-0.010378550192246141	0.059157268611712555	0.0320352720025958	0.005023346731043973
-0.027512422213454738	0.08240762421402797	0.0634098619155954	0.008658029050236398	-0.11027624708912762	0.07066494046092542	0.11315180083748472	-0.06852209756965601
-0.0025304087052897373	0.013212422424611653	0.004256740566943359	0.007458294521013104	-0.039437166472859074	0.0037836512960208696	0.03444276676807576	-0.025908819208307655
-0.00042437866324905506	0.002850667777246841	0.0005838792455130715	0.0023055001203862915	-0.013072257531234453	0.0004192213183755051	0.01066966836546173	-0.010099996013822627
0.0	0.0	0.0	0.0	0.0	0.0	0.0	0.0
0.0	0.0	0.0	0.0	0.0	0.0	0.0	0.0
0.0	0.0	0.0	0.0	0.0	0.0	0.0	0.0
0.0	0.0	0.0	0.0	0.0	0.0	0.0	0.0
0.0	0.0	0.0	0.0	0.0	0.0	0.0	0.0
0.0	0.0	0.0	0.0	0.0	0.0	0.0	0.0
-0.013898321893710893	0.045597684604638235	0.028465257820438364	0.011352325261892766	-0.10624761686095315	0.0537123062026177	0.0736223909191985	-0.07557033651635518
-0.03473674681561013	0.08264654042277345	0.11487801407810261	-0.0003045144880709155	-0.055504390901954664	0.07656659022945676	0.10007466756155044	0.023699342093906936
-0.059462196783686555	0.09895307872945423	0.12470454624194571	-0.012616814799408772	0.107962945167344	-0.05675776012110048	-0.06324462045315943	0.046096916260834085
-0.07056003382413878	-0.03212466372490491	0.04552184767297355	-0.006246719341751359	0.0027611914637266717	-0.1402487935404431	-0.09479341792344358	-0.1818468685569388
-0.07682924543262294	-0.06292952345532891	-0.08456114828096367	-0.01021037571640249	-0.05562557150302802	-0.06850481363160198	-0.009422082612776817	-0.06342339850004965
-0.05684555482835306	-0.03593529204611967	-0.12340945006779148	0.020792166791784916	-0.060025962677519966	0.030172278783888833	0.02054265144955654	0.13310414651340322
-0.018584489353620313	-0.023947659362353036	-0.007553300669369038	0.10401978870822579	-0.01874504346167019	0.037987231502281664	-0.0059546620005342735	0.11074548337492761
-0.0033979502075959086	-0.007224807946866267	0.002872815870467723	0.08127787609714596	0.033250493279088744	0.03703837045204262	0.014735050573345678	-0.0259248853079175
0.0	0.0	0.0	0.0	0.0	0.0	0.0	0.0
0.0	0.0	0.0	0.0	0.0	0.0	0.0	0.0
0.0	0.0	0.0	0.0	0.0	0.0	0.0	0.0
0.0	0.0	0.0	0.0	0.0	0.0	0.0	0.0
-0.0033979502075959086	-0.007224807946866267	0.002872815870467723	0.08127787609714596	0.033250493279088744	0.03703837045204262	0.014735050573345678	-0.0259248853079175
-0.01314449946998376	-0.010921921068105358	-0.013712137000158435	0.09264361964375555	0.007113751031695113	0.020562660955962632	-0.03023386314708684	0.059640520887623304
-0.056794557737393114	-0.03956603583353311	-0.1122253887914037	0.024513712645985397	-0.08333387137365035	0.04872922140288114	-0.018352802250429158	0.14114134166260672
-0.07120229500068263	-0.07348412883982948	-0.06947988258040351	-0.006144717873504552	-0.06204702545325668	-0.016583231665779123	0.047621301756481306	-0.047397851462850735
-0.07420429933218828	-0.027035054649327716	0.057173876329195655	0.010728845149004969	0.07097615591897162	-0.11460810480572847	-0.07468820223374312	-0.18708800055988176
-0.06978713142396756	0.06652116702529422	0.14967699837837284	-0.02556819849956681	0.08865384768363233	-0.02184434127213803	-0.08220239996692447	0.0514061823218031
-0.03791550273709051	0.08459815644621663	0.11408148960794652	-0.002757296340747119	-0.04417234178020655	0.0689354517325037	0.11813354043158071	-0.009851835868983597
-0.020405096719676094	0.06676841892584089	0.03593841889777766	0.013521760176709651	-0.12003619663445768	0.07680315160816654	0.09906558489979089	-0.08600364684468524
-0.0015300681189692944	0.009685995958134368	0.0022652033491370235	0.0066604677023927	-0.03389528990166752	0.0005328443909494386	0.028607911733697103	-0.022096673140616724
0.0	0.0	0.0	0.0	0.0	0.0	0.0	0.0
0.0	0.0	0.0	0.0	0.0	0.0	0.0	0.0
0.0	0.0	0.0	0.0	0.0	0.0	0.0	0.0
0.0	0.0	0.0	0.0	0.0	0.0	0.0	0.0
0.0	0.0	0.0	0.0	0.0	0.0	0.0	0.0
-1.4604240644664654e-5	0.0001637018796479269	0.00014772795687073112	0.0001805468844262796	-0.0011729424541630713	-5.244523625900966e-5	0.0008074357312573428	-0.0011374377225504178
-0.0015428714212176045	0.009813898631402312	0.002271487731572147	0.006846956732426036	-0.035226625753098435	0.0006147683175831331	0.02962785019507888	-0.023414954513645052
-0.01679806747806631	0.06595255036736578	0.02954597143612049	0.020113767587225388	-0.12828248133848408	0.04337142467428827	0.10676187510021955	-0.08794808795348025
-0.03911614792906103	0.08421405498578462	0.1181688252272019	-0.006437921213671733	-0.017725740776038376	0.04693950608457195	0.05369648961923462	0.026630624482132405
-0.06129239172107999	0.0635226160410835	0.14056797555219314	-0.004007921665944054	0.03881084651240988	-0.030990426778901115	-0.05858135410315321	0.03205996775847873
-0.065229419012846	-0.029787314567454384	0.051053260357559235	-0.010711604302785612	-0.002548739408572203	-0.10517568482619961	-0.1065139229593622	-0.17481840000506277
-0.07475311673940323	-0.06679040179002806	-0.08592584041881735	-0.01363167446775612	-0.050576380691027586	-0.03577231242663605	0.010493058810481902	-0.06550315631676008
-0.052431376903997094	-0.03361412540420522	-0.11730097817825763	0.016001179516777802	-0.03890546413146166	0.005164612176272091	0.04476181060599121	0.14605213773014716
-0.020028109731451665	-0.019594690986623656	-0.02402986729219955	0.09660578073510943	-0.008609427882215245	0.03551667190345594	-0.004413447091933971	0.08430676807132424
-0.0033979502075959086	-0.007224807946866267	0.002872815870467723	0.08127787609714596	0.033250493279088744	0.03703837045204262	0.014735050573345678	-0.0259248853079175
0.0	0.0	0.0	0.0	0.0	0.0	0.0	0.0
0.0	0.0	0.0	0.0	0.0	0.0	0.0	0.0
0.0	0.0	0.0	0.0	0.0	0.0	0.0	0.0
0.0	0.0	0.0	0.0	0.0	0.0	0.0	0.0
-0.0010127170386518424	-0.0034172566723149273	0.005438793274227846	0.07808803277624848	0.023995030532596932	0.011830527921949368	-0.0050712879096449824	-0.019539432586588006
-0.02081324483805678	-0.01118908051052499	-0.034499417641015336	0.10951312866049392	0.002619708017734147	0.021314272155158142	-0.013350000611016474	0.10301625649586245
-0.057688219141645784	-0.04175312470699348	-0.11067661538065196	0.027890564629984134	-0.07533146536062152	0.07381621097064019	-0.005843889961595753	0.13262984274507827
-0.08251570277013304	-0.06133327538517356	-0.10242047988214954	0.002450940687035391	-0.08782848218963392	-0.053739114088589085	-0.005329631570772152	0.007949276495926926
-0.08253376729063162	-0.03307872863717787	-0.04274838098178431	-0.00789950418632042	0.053363803598541364	-0.1318952094774696	-0.015806794124954726	-0.08011029309323783
-0.08825409951381646	0.07109767246773821	0.08771133145665283	-0.022571330778138225	0.10146612218850704	-0.029299958169110858	-0.056114328905757134	0.030277921752941275
-0.05994326422493821	0.11274471960968561	0.13310299439402234	-0.014908776749412362	0.04958834155475798	0.04961086146203415	0.05338916973630085	0.005687433139915411
-0.02121391919699985	0.05547297072638644	0.03168783820126839	0.005089176376657061	-0.08162626946740566	0.07141678373365547	0.07885729847532721	-0.10266860041106436
-0.004006984753109397	0.019863607416661076	0.006912422870107352	0.00919280486290909	-0.05834913906964888	0.014822161565060991	0.03293010575441575	-0.04354882274457768
0.0	0.0	0.0	0.0	0.0	0.0	0.0	0.0
0.0	0.0	0.0	0.0	0.0	0.0	0.0	0.0
0.0	0.0	0.0	0.0	0.0	0.0	0.0	0.0
-0.0007994395392933786	0.005291090898001862	0.0041325797907736704	0.0030277598123425948	-0.018855969496213477	0.002957622983527185	0.01428166112300315	-0.012799574966816829
-0.00197351949502375	0.012930484164541078	0.008826109762466977	0.007621227830102421	-0.04548947333003308	0.006007133340184993	0.03517928385734032	-0.030445098993808352
-0.0034867691391553346	0.021753243934679305	0.011882890790254933	0.01272075208379822	-0.06963199157697837	0.004741768545886694	0.055360896728926835	-0.04455346272004208
-0.008659862151078303	0.04624956091507475	0.016872610778286244	0.021309513898221454	-0.10045213288662035	-0.003561808255274211	0.07650054609603872	-0.05303829400759752
-0.028365713890870583	0.08449542919137659	0.03119466245357521	0.01901883625378884	-0.08234109601677572	0.027756793174433924	0.038320553126918636	-0.06354723457030405
-0.062489569377234246	0.10880262267116611	0.1473726029689981	0.0015037601334292317	-0.031630356326139364	0.04787019149956338	-0.062231221428699676	0.05176827585335217
-0.08183481273677023	0.03454144764068433	0.1373346345096647	-0.023536746816210853	0.05928774139435397	-0.016137446970949605	-0.14958196305984345	0.008496408423474667
-0.07337889202266562	-0.053107553799265184	-0.01374631159760405	-0.021911029246685816	0.012521896691859347	-0.031895372623901595	-0.04877171949914902	-0.13059211683233743
-0.07001262530749179	-0.06134174909110563	-0.10249063327907734	-0.015278402626064792	-0.016703403511469702	0.010004880165561794	0.052572188492954246	-0.001390681765999345
-0.04162363976949082	-0.030441019393443316	-0.09073525183693908	0.023942350046586448	-0.043798062938089265	-0.0016357969506384934	0.05178450981320698	0.16510083912437679
-0.011744525273500672	0.004378043860580589	-0.039891537264252964	0.09270204244199609	0.019148294605749072	-0.02058296773520639	-0.011461949934802125	0.04504943065266981
-0.0033979502075959086	-0.007224807946866267	0.002872815870467723	0.08127787609714596	0.033250493279088744	0.03703837045204262	0.014735050573345678	-0.0259248853079175
0.0	0.0	0.0	0.0	0.0	0.0	0.0	0.0
0.0	0.0	0.0	0.0	0.0	0.0	0.0	0.0
0.0	0.0	0.0	0.0	0.0	0.0	0.0	0.0
0.0	0.0	0.0	0.0	0.0	0.0	0.0	0.0
-0.0010127170386518424	-0.0034172566723149273	0.005438793274227846	0.07808803277624848	0.023995030532596932	0.011830527921949368	-0.0050712879096449824	-0.019539432586588006
-0.013442678084012793	-0.007418389302781906	-0.021480610951395373	0.09052562950834929	0.005169586867427096	0.011492267789200886	-0.02749241159077435	0.04435312983097912
-0.03589719711044421	-0.025984838460987012	-0.06749149591665606	0.031235156100550034	-0.06113129204634722	-0.00025813468034945747	0.011062967028067285	0.17787700486149965
-0.08085931058653367	-0.07489893521573514	-0.07939403869808806	0.014238158663725626	-0.09843838402793606	0.013347858771587432	-0.01114504972566965	0.07034419786152162
-0.09303079075469249	-0.0720545301341238	-0.07182316674717205	0.015560632149088741	-0.11647884560853125	-0.0850666102142508	-0.07828028094130852	0.0050683511326792535
-0.11243383560136719	0.03178064469251651	0.011873134551516798	-0.015591649789909384	0.09350876808480733	-0.056917879418817825	-0.029889292543250675	0.06402495161831183
-0.09798080875329386	0.10401780910754642	0.00704995740279489	-0.006788607398458025	0.1109921583136467	-0.05294624938876612	0.06875359366639514	0.09037423015103918
-0.09272278548592237	0.1423250278115501	0.009815115163132609	0.014723101431829798	0.03918049193470461	-0.020507437771707538	0.051048177882539784	0.036625676917620045
-0.05152222121145044	0.1096601196800676	-0.06430351926039789	0.042214166512981564	-0.12893998928535885	-0.02667182273273077	0.026094519105613175	-0.01912767617692076
-0.04033942579556186	0.06795008730062964	-0.06631713833745526	0.03030131726575998	-0.08729083929110676	-0.03167349989685813	0.0331055687224452	-0.007507677293517251
-0.022255635487362382	0.041213194332328035	-0.036829671312959764	0.02338974678168521	-0.08222818970972656	-0.02260323594045894	0.042628191788908795	-0.005906303797913059
-0.011714039523194058	0.0402979426259488	0.002195042786058539	0.02146092455855431	-0.08003592619754715	-0.02611393526828656	0.050516822190456695	-0.02849366140865369
-0.016070809618537796	0.05424207353773978	0.01513297335686297	0.019512908606103035	-0.0717130396674879	-0.018765015483671963	0.03989840875151432	-0.02653484275067519
-0.028180467654573122	0.08626016276017458	0.030764340016504847	0.024422114702622805	-0.08242284364044532	-0.013569380594405198	0.03156977007782604	-0.02666706839325531
-0.03935321828843485	0.10782333804913719	0.024918720465456384	0.03686702514150081	-0.11791795759989937	-0.011228798929274229	0.021845132021896405	-0.05363765180872581
-0.04829509176049005	0.12740588468715855	0.0273040335850797	0.029582717386651622	-0.08554415641369632	0.01628293697508532	-0.011124174860203881	-0.042738958146040194
-0.0710652677758841	0.10142521556007875	0.05532457591840835	0.005656082996348055	-0.08044906955352334	0.06243294419388683	-0.16359148606438484	-0.014586772451063086
-0.09275988819535347	0.05107510926817628	0.07749252459777388	-0.024332754743762144	0.04695208738249735	0.05284956516621206	-0.21535395916376143	0.05554537168445136
-0.10507283918663098	-0.04521578808103981	0.017081214813491206	-0.0013813145245765565	-0.010153408446604083	-0.06566696300384676	-0.050237231071359446	0.055988042562124404
-0.08994478347217551	-0.06316240828666153	-0.09753467376693303	-0.011362824716296141	0.023518294834534614	-0.07178177289471861	0.08614475078171252	0.005509267965602712
-0.058256111420992844	-0.047065781733800716	-0.10702472969744406	0.020359577959837984	-0.031237688144457924	-0.021847010910249827	0.08365862931286014	0.11955295479861497
-0.016694524031343746	-0.001840901792124594	-0.05231936565071048	0.009519081502103073	-0.01271536982958378	-0.027840402382633203	0.002264988064678194	0.06412126055370125
-0.0054062394184507066	-0.00531298045637051	-0.0059757519091478166	0.0846129158535675	0.030347175315473998	0.02844666108498583	0.014015426546913592	-0.013704631414281413
-0.0010127170386518424	-0.0034172566723149273	0.005438793274227846	0.07808803277624848	0.023995030532596932	0.011830527921949368	-0.0050712879096449824	-0.019539432586588006
0.0	0.0	0.0	0.0	0.0	0.0	0.0	0.0
0.0	0.0	0.0	0.0	0.0	0.0	0.0	0.0
0.0	0.0	0.0	0.0	0.0	0.0	0.0	0.0
0.0	0.0	0.0	0.0	0.0	0.0	0.0	0.0
-0.0010127170386518424	-0.0034172566723149273	0.005438793274227846	0.07808803277624848	0.023995030532596932	0.011830527921949368	-0.0050712879096449824	-0.019539432586588006
-0.0010127170386518424	-0.0034172566723149273	0.005438793274227846	0.07808803277624848	0.023995030532596932	0.011830527921949368	-0.0050712879096449824	-0.019539432586588006
-0.00608461305047067	-0.009350993819585263	0.00048080403939769565	0.0028153938830953107	-0.012695667448075015	0.0229568782572913	-0.019421293827733586	0.025485178078158734
-0.038539586047660564	-0.060428192649045025	0.02221718615616196	0.0059978972533384	-0.09710519983825577	0.0496032718328188	-0.049648899327624785	0.0430324373605752
-0.0682196313687071	-0.08790919859528917	0.0042595501863608234	0.001709290482631366	-0.12252571557450492	0.003066816194021691	-0.05078111472110963	-0.012679433448670908
-0.09373914104873442	-0.05724903854587904	-0.037422824662480515	0.0060288211739299175	-0.09358798781387687	0.023367495594413163	-0.04550741352317111	0.051741151952610344
-0.11601848204120191	-0.00891221596198875	-0.01877509494082563	-0.02626215967841352	0.09053022644968821	-0.0017069884908411243	0.04655819783891768	0.06707776404811257
-0.11009380663976849	0.07346626329330942	-0.008961763805234495	-0.023832182088372865	0.12906327866018447	-0.003564233903619915	0.09910368631304414	0.08736762322545448
-0.10628818681105634	0.11867076993890233	-0.051898578943164984	0.016104892470734763	0.04087807283993574	-0.04375846334339893	0.07150314304675272	0.05959878454279944
-0.10232820210150685	0.1451305601529794	-0.09191196492254011	0.03603399748325689	-0.0326948119924593	-0.05212897310716309	0.04451108873872098	-0.03523880501978294
-0.09706004080224351	0.13954565414567627	-0.08952575063339442	0.04190619877745211	-0.05311744837506589	-0.0640971318219784	0.04820276040558735	-0.0329270531477249
-0.08767653012241153	0.14825734391637785	-0.08054784907321476	0.044834227805491476	-0.07841225550325191	-0.054053252762230136	0.0034990978157954772	-0.0377626609670106
-0.08253516084080696	0.15376495044902547	-0.08879573042458527	0.04574701838030494	-0.06906236684458865	-0.047021491109275476	-0.057934274885496836	0.01047677352996341
-0.0933286158624663	0.1513448633911949	-0.08446032793979999	0.02627237319419805	-0.0391283732930483	-0.021856883727735137	-0.09332790764483473	-0.0004626404608973245
-0.10217372199983922	0.11410672325423062	-0.05959620057619001	-0.0054136834237753844	0.021938128262434138	0.03383243643971477	-0.13358706848425803	0.0015208691596412744
-0.11930010890585803	0.055221118913889554	-0.02752068023330364	-0.021162918046825487	0.03206446672436231	0.06664896456609092	-0.1781722018623793	0.026523333543853153
-0.11873475577245728	-0.027332444773195255	-0.029025151255573776	-0.02843139004334764	0.004199592162233944	0.05996186240543346	-0.10623764447453876	0.0006128971004854327
-0.11933194703558561	-0.0704970181864529	0.021660182063900482	-0.027787662397231253	0.03010313798962643	-0.06204118620511711	0.04480427392983497	0.044966911779773626
-0.0910757440176038	-0.06269720964037617	-0.02822216485175988	-0.014021146637702667	0.04028021724235759	-0.07669728504115772	0.13116893647418038	0.05861596919077829
-0.06255635300236652	-0.04865467116032153	-0.09826150482371887	0.010548850393533619	-0.0003913234819099397	-0.048976418048240156	0.11511625007539168	0.06793543668953811
-0.024824868530155437	-0.008699348987419416	-0.0650230317909765	0.007840779453380986	0.01861717191072514	-0.011246135092625474	0.05045124563195624	0.01715482626157186
-0.0073693086955023265	0.000937130196064859	-0.024525927134656927	0.011466584509485898	0.0020501479292548822	0.0038853516477055207	0.018020410201806093	0.023942185365057437
-0.0010127170386518424	-0.0034172566723149273	0.005438793274227846	0.07808803277624848	0.023995030532596932	0.011830527921949368	-0.0050712879096449824	-0.019539432586588006
-0.0010127170386518424	-0.0034172566723149273	0.005438793274227846	0.07808803277624848	0.023995030532596932	0.011830527921949368	-0.0050712879096449824	-0.019539432586588006
0.0	0.0	0.0	0.0	0.0	0.0	0.0	0.0
0.0	0.0	0.0	0.0	0.0	0.0	0.0	0.0
0.0	0.0	0.0	0.0	0.0	0.0	0.0	0.0
0.0	0.0	0.0	0.0	0.0	0.0	0.0	0.0
-0.000502387080195375	-0.001695227330398128	0.0026980680373098025	0.03873778882686212	0.011903417112955788	0.005868869736595097	-0.0025157565524406384	-0.009693091072031468
-0.0010127170386518424	-0.0034172566723149273	0.005438793274227846	0.07808803277624848	0.023995030532596932	0.011830527921949368	-0.0050712879096449824	-0.019539432586588006
-0.00010623599674210266	-0.00035847690406222486	0.0005705400447602001	0.008191587263761544	0.0025171256019165065	0.0012410455021539804	-0.0005319880137145836	-0.0020497246687728784
-0.01269127784079252	-0.01661503310301484	-0.0004211833041053636	0.0036697462735951147	-0.03451363410828611	0.027543614271775735	-0.027509896628210843	-0.011820637395255592
-0.0297166228736376	-0.04942824927533945	0.00497744765963584	0.013857437572672413	-0.0826969358725576	0.051892124910567036	-0.0024378232298588407	0.051886123224180895
-0.05079369407924617	-0.08069580052918134	0.05577795519326653	0.005476474466946887	-0.12146968256047788	-0.021996301867791886	-0.059465339475136804	-0.02997035713549447
-0.07378572062454483	-0.08359540231563563	0.07017567878369105	-0.02498151204528312	-0.09965773336281106	0.05478559191555386	-0.07180063710092957	-0.038946532535827215
-0.08213889023808683	-0.08575970533786598	0.08420819209220316	-0.029777440337013374	-0.0720078169705751	0.04955469743845189	-0.03240156333219524	0.012590334845496393
-0.10331003720255935	-0.04940800069225967	0.04843735174802097	-0.04760793901149468	0.07806475093222519	0.11616716027380969	0.05317151628674199	-0.022791571319095892
-0.10623057674314434	-0.028912865825462517	0.047133202879961464	-0.04644233094064591	0.0940002381697376	0.15531262244625177	0.07351616158910128	0.006093490023907884
-0.11447473489288902	-0.021404818367288324	0.03633066293412984	-0.05437230774325869	0.0873949025480502	0.17808796359636914	0.06363438276826797	-0.08020456830949926
-0.12276425665240936	-0.021076198083422117	-0.006731381848405986	-0.0554071472692992	0.07753340356155022	0.1970372405777966	0.049848803429772964	-0.08957183768533425
-0.11844018872383799	-0.03598096914567485	-0.029947548297285645	-0.048854366645133686	0.056906018275285235	0.18194615953247772	0.06429399509031208	-0.08562372767106946
-0.11160932845991045	-0.049163306661713875	-0.03198553861222042	-0.05007691028215904	0.06454672123368961	0.13432197988891237	0.05109155915287846	-0.07681535891256908
-0.10732142710451056	-0.06339055190274867	-0.011268759791087525	-0.04495969843617326	0.03400552390552537	0.09516440452386937	0.03945126642388968	-0.06973260305473925
-0.10800921527699868	-0.08963493869327067	0.0262317428775658	-0.03586333332891542	0.02670715760371935	-0.002701992783684183	0.05299216944624501	-0.05757095883103881
-0.09970842729353876	-0.08798926038810947	0.06829911660984916	-0.032689570459579195	0.03918134472987067	-0.024133393519695092	0.106662323654601	-0.021031088057215788
-0.06629494529629451	-0.07089349462724995	-0.0019885172056931504	-0.005225886532234613	0.03132340111837457	-0.05493604106330876	0.18356266522188253	0.0020696966106614626
-0.03266333691546156	-0.03672616351981002	-0.009844289414381164	0.0012057025098490882	0.03123271285961453	-0.008736121668510646	0.10513836108763044	-0.025693722241885267
-0.012146059728808521	-0.011279248094128393	-0.02049500458574329	-0.0011615264044166525	0.02299499631685073	0.019507450681371094	0.0434660608412551	-0.027555742270975576
0.0	0.0	0.0	0.0	0.0	0.0	0.0	0.0
-0.0010127170386518424	-0.0034172566723149273	0.005438793274227846	0.07808803277624848	0.023995030532596932	0.011830527921949368	-0.0050712879096449824	-0.019539432586588006
-0.0010127170386518424	-0.0034172566723149273	0.005438793274227846	0.07808803277624848	0.023995030532596932	0.011830527921949368	-0.0050712879096449824	-0.019539432586588006
0.0	0.0	0.0	0.0	0.0	0.0	0.0	0.0
0.0	0.0	0.0	0.0	0.0	0.0	0.0	0.0
0.0	0.0	0.0	0.0	0.0	0.0	0.0	0.0
0.0	0.0	0.0	0.0	0.0	0.0	0.0	0.0
0.0	0.0	0.0	0.0	0.0	0.0	0.0	0.0
0.0	0.0	0.0	0.0	0.0	0.0	0.0	0.0
-0.0010127170386518424	-0.0034172566723149273	0.005438793274227846	0.07808803277624848	0.023995030532596932	0.011830527921949368	-0.0050712879096449824	-0.019539432586588006
-0.0010127170386518424	-0.0034172566723149273	0.005438793274227846	0.07808803277624848	0.023995030532596932	0.011830527921949368	-0.0050712879096449824	-0.019539432586588006
0.0	0.0	0.0	0.0	0.0	0.0	0.0	0.0
-0.0050902610626122	-0.003939549379695569	-0.006491256649706999	0.006084643889034407	-0.022624111991840955	0.021644365477037564	-0.017316043217563762	-0.0022763727956270556
-0.010485965053066724	-0.013632793347117391	0.001453984156567472	0.00047570424301406235	-0.02833284407874023	0.011031974972524476	-0.015417959453560578	-0.03557045233742188
-0.03679518994807028	-0.06097761872002734	0.06168278693796023	0.016645910395804955	-0.10951295114592947	-0.044828361695842374	-0.08356918680672809	-0.021953641413327903
-0.04580762627950064	-0.07183169679858567	0.09102179382961342	0.012162336876830401	-0.11227366740939004	-0.009746168375085823	-0.043781314441091776	0.018576831229067975
-0.06070752709183121	-0.07777103089478989	0.13595222822492872	-0.014735242580872904	-0.07947478885014192	-0.004598599125746932	-0.029828464748277682	0.030907088893598948
-0.06286595695492263	-0.07736955662893702	0.13392647838548039	-0.024744881722127174	-0.06870370550477853	0.010426086711669579	-0.02414245090512611	0.01806335660429141
-0.0625033125579287	-0.07379763064683104	0.13303978891914253	-0.028533843430462415	-0.05929260550862129	0.02422043225140929	-0.01934543125301475	0.03920347562495457
-0.06694629966895402	-0.07652009810746156	0.13629382575921523	-0.025770590576112164	-0.034742444692767396	0.00918115917584911	0.021808469882523503	0.043967821412265566
-0.0729709931190078	-0.08526780737573153	0.1267285756619604	-0.025534430230848486	-0.03295821039303662	-0.013115128119224786	0.04375770781643027	0.01203603111694006
-0.06811687692548307	-0.09069979741495002	0.11275900756065002	-0.011677720148734546	-0.05037294820564252	-0.06240595997124711	0.03184658122418526	-0.01276460914444522
-0.05380263423189795	-0.07631986576349423	0.08913659702634531	0.0017397916460472583	-0.04945678359936634	-0.0846175536999019	0.04330737545916978	0.01696344019467463
-0.03758562622443107	-0.048712726257117554	0.08169953771714347	-0.004934169806473501	-0.008869748906651306	-0.0990508305976066	0.06555419660752268	0.011430394673146122
-0.02117807397529613	-0.01970850331550698	0.053257168390992926	0.0017243219957468357	0.02619140995867166	-0.07893884655149944	0.07690265523957052	0.03849312063975034
-0.001761170581996967	-0.002642416081617511	0.015831584434108457	0.011266043960691481	-0.010948122842891463	-0.010258030737469734	0.0027331284687734784	0.05055497060601847
0.0	0.0	0.0	0.0	0.0	0.0	0.0	0.0
0.0	0.0	0.0	0.0	0.0	0.0	0.0	0.0
-0.0007327305648576965	-0.002472485715360681	0.003935126906993076	0.0564989885436671	0.01736111036438465	0.008559734926899808	-0.0036692259661562253	-0.014137354196418874
-0.0010127170386518424	-0.0034172566723149273	0.005438793274227846	0.07808803277624848	0.023995030532596932	0.011830527921949368	-0.0050712879096449824	-0.019539432586588006
-0.0010127170386518424	-0.0034172566723149273	0.005438793274227846	0.07808803277624848	0.023995030532596932	0.011830527921949368	-0.0050712879096449824	-0.019539432586588006
0.0	0.0	0.0	0.0	0.0	0.0	0.0	0.0
0.0	0.0	0.0	0.0	0.0	0.0	0.0	0.0
0.0	0.0	0.0	0.0	0.0	0.0	0.0	0.0
0.0	0.0	0.0	0.0	0.0	0.0	0.0	0.0
0.0	0.0	0.0	0.0	0.0	0.0	0.0	0.0
0.0	0.0	0.0	0.0	0.0	0.0	0.0	0.0
-0.0010127170386518424	-0.0034172566723149273	0.005438793274227846	0.07808803277624848	0.023995030532596932	0.011830527921949368	-0.0050712879096449824	-0.019539432586588006
-0.0010127170386518424	-0.0034172566723149273	0.005438793274227846	0.07808803277624848	0.023995030532596932	0.011830527921949368	-0.0050712879096449824	-0.019539432586588006
-0.0007357091442056057	-0.0024825364696801824	0.003951123356846165	0.05672865921461369	0.017431683979391654	0.008594530595184495	-0.0036841415179426143	-0.014194823112365773
0.0	0.0	0.0	0.0	0.0	0.0	0.0	0.0
0.0	0.0	0.0	0.0	0.0	0.0	0.0	0.0
0.0	0.0	0.0	0.0	0.0	0.0	0.0	0.0
-0.0021379528861362527	-0.003435922523033645	0.012990469080984283	0.0013452413964203515	-0.008885268839797079	-0.011909408790633628	-0.016708399046554183	0.00018861667055655837
-0.008566982846297429	-0.01565294726178466	0.042087705243903435	0.006726906037875433	-0.027382683434180856	-0.06514639977448716	-0.017582439873300153	0.007494984293112068
-0.00871670118258277	-0.0162550920810269	0.043957028490803435	0.009428368291501704	-0.030654778905788774	-0.06671326999874216	-0.01815071370616799	0.017211759414702908
-0.01384500204309676	-0.020128641268124914	0.08718412357434781	0.02092921799609599	-0.035825537294981884	-0.09595213380464873	-0.004815997351223264	0.08490218861353933
-0.013060862555586344	-0.018250820407896367	0.08407310167921059	0.020060668282494892	-0.03248662932471715	-0.08675377773434752	-0.0016193753132862118	0.09485458159115723
-0.013060862555586344	-0.018250820407896367	0.08407310167921059	0.020060668282494892	-0.03248662932471715	-0.08675377773434752	-0.0016193753132862118	0.09485458159115723
-0.013060862555586344	-0.018250820407896367	0.08407310167921059	0.020060668282494892	-0.03248662932471715	-0.08675377773434752	-0.0016193753132862118	0.09485458159115723
-0.008751155158686219	-0.01132465247935291	0.0578867806192093	0.01734891685225333	-0.014575613094830409	-0.06274666911631875	0.032061587175755475	0.09447436616847528
-0.004194443036718239	-0.001393583507627237	0.03824674994150715	0.007930837737366915	0.0014402450526795135	-0.01847363751135033	0.017099612225749638	0.06792604705486344
0.0	0.0	0.0	0.0	0.0	0.0	0.0	0.0
0.0	0.0	0.0	0.0	0.0	0.0	0.0	0.0
0.0	0.0	0.0	0.0	0.0	0.0	0.0	0.0
-0.0010127170386518424	-0.0034172566723149273	0.005438793274227846	0.07808803277624848	0.023995030532596932	0.011830527921949368	-0.0050712879096449824	-0.019539432586588006
-0.0010127170386518424	-0.0034172566723149273	0.005438793274227846	0.07808803277624848	0.023995030532596932	0.011830527921949368	-0.0050712879096449824	-0.019539432586588006
-0.0010127170386518424	-0.0034172566723149273	0.005438793274227846	0.07808803277624848	0.023995030532596932	0.011830527921949368	-0.0050712879096449824	-0.019539432586588006
0.0	0.0	0.0	0.0	0.0	0.0	0.0	0.0
0.0	0.0	0.0	0.0	0.0	0.0	0.0	0.0
0.0	0.0	0.0	0.0	0.0	0.0	0.0	0.0
0.0	0.0	0.0	0.0	0.0	0.0	0.0	0.0
0.0	0.0	0.0	0.0	0.0	0.0	0.0	0.0
0.0	0.0	0.0	0.0	0.0	0.0	0.0	0.0
0.0	0.0	0.0	0.0	0.0	0.0	0.0	0.0
0.0	0.0	0.0	0.0	0.0	0.0	0.0	0.0
-0.0010127170386518424	-0.0034172566723149273	0.005438793274227846	0.07808803277624848	0.023995030532596932	0.011830527921949368	-0.0050712879096449824	-0.019539432586588006
-0.0010127170386518424	-0.0034172566723149273	0.005438793274227846	0.07808803277624848	0.023995030532596932	0.011830527921949368	-0.0050712879096449824	-0.019539432586588006
-0.0010127170386518424	-0.0034172566723149273	0.005438793274227846	0.07808803277624848	0.023995030532596932	0.011830527921949368	-0.0050712879096449824	-0.019539432586588006
0.0	0.0	0.0	0.0	0.0	0.0	0.0	0.0
0.0	0.0	0.0	0.0	0.0	0.0	0.0	0.0
0.0	0.0	0.0	0.0	0.0	0.0	0.0	0.0
0.0	0.0	0.0	0.0	0.0	0.0	0.0	0.0
0.0	0.0	0.0	0.0	0.0	0.0	0.0	0.0
0.0	0.0	0.0	0.0	0.0	0.0	0.0	0.0
0.0	0.0	0.0	0.0	0.0	0.0	0.0	0.0
0.0	0.0	0.0	0.0	0.0	0.0	0.0	0.0
0.0	0.0	0.0	0.0	0.0	0.0	0.0	0.0
0.0	0.0	0.0	0.0	0.0	0.0	0.0	0.0
0.0	0.0	0.0	0.0	0.0	0.0	0.0	0.0
0.0	0.0	0.0	0.0	0.0	0.0	0.0	0.0
-0.0007585449192062449	-0.0025595922527963605	0.004073762805719855	0.058489467691870835	0.017972748361112033	0.008861297385367128	-0.0037984940816382724	-0.014635418134625367
-0.0010127170386518424	-0.0034172566723149273	0.005438793274227846	0.07808803277624848	0.023995030532596932	0.011830527921949368	-0.0050712879096449824	-0.019539432586588006
-0.0010127170386518424	-0.0034172566723149273	0.005438793274227846	0.07808803277624848	0.023995030532596932	0.011830527921949368	-0.0050712879096449824	-0.019539432586588006
-0.0010127170386518424	-0.0034172566723149273	0.005438793274227846	0.07808803277624848	0.023995030532596932	0.011830527921949368	-0.0050712879096449824	-0.019539432586588006
0.0	0.0	0.0	0.0	0.0	0.0	0.0	0.0
0.0	0.0	0.0	0.0	0.0	0.0	0.0	0.0
0.0	0.0	0.0	0.0	0.0	0.0	0.0	0.0
0.0	0.0	0.0	0.0	0.0	0.0	0.0	0.0
0.0	0.0	0.0	0.0	0.0	0.0	0.0	0.0
0.0	0.0	0.0	0.0	0.0	0.0	0.0	0.0
0.0	0.0	0.0	0.0	0.0	0.0	0.0	0.0
0.0	0.0	0.0	0.0	0.0	0.0	0.0	0.0
0.0	0.0	0.0	0.0	0.0	0.0	0.0	0.0
0.0	0.0	0.0	0.0	0.0	0.0	0.0	0.0
-0.0009829312451727478	-0.003316749129119911	0.005278828775696948	0.07579132606678265	0.023289294382526884	0.01148257123910246	-0.00492213239178108	-0.018964743427118978
-0.0010127170386518424	-0.0034172566723149273	0.005438793274227846	0.07808803277624848	0.023995030532596932	0.011830527921949368	-0.0050712879096449824	-0.019539432586588006
-0.0010127170386518424	-0.0034172566723149273	0.005438793274227846	0.07808803277624848	0.023995030532596932	0.011830527921949368	-0.0050712879096449824	-0.019539432586588006
-0.0010127170386518424	-0.0034172566723149273	0.005438793274227846	0.07808803277624848	0.023995030532596932	0.011830527921949368	-0.0050712879096449824	-0.019539432586588006
-0.0010127170386518424	-0.0034172566723149273	0.005438793274227846	0.07808803277624848	0.023995030532596932	0.011830527921949368	-0.0050712879096449824	-0.019539432586588006
-0.0010127170386518417	-0.0034172566723149273	0.005438793274227845	0.0780880327762485	0.023995030532596932	0.011830527921949368	-0.005071287909644981	-0.01953943258658801
-0.0010127170386518417	-0.0034172566723149273	0.005438793274227845	0.0780880327762485	0.023995030532596932	0.011830527921949368	-0.005071287909644981	-0.01953943258658801
-0.0010127170386518424	-0.0034172566723149273	0.005438793274227846	0.07808803277624848	0.023995030532596932	0.011830527921949368	-0.0050712879096449824	-0.019539432586588006
-0.0010127170386518424	-0.0034172566723149273	0.005438793274227846	0.07808803277624848	0.023995030532596932	0.011830527921949368	-0.0050712879096449824	-0.019539432586588006
-0.0010127170386518424	-0.0034172566723149273	0.005438793274227846	0.07808803277624848	0.023995030532596932	0.011830527921949368	-0.0050712879096449824	-0.019539432586588006
-0.0010127170386518424	-0.0034172566723149273	0.005438793274227846	0.07808803277624848	0.023995030532596932	0.011830527921949368	-0.0050712879096449824	-0.019539432586588006
-0.0010127170386518424	-0.0034172566723149273	0.005438793274227846	0.07808803277624848	0.023995030532596932	0.011830527921949368	-0.0050712879096449824	-0.019539432586588006
-0.0010127170386518424	-0.0034172566723149273	0.005438793274227846	0.07808803277624848	0.023995030532596932	0.011830527921949368	-0.0050712879096449824	-0.019539432586588006
-0.0010127170386518424	-0.0034172566723149273	0.005438793274227846	0.07808803277624848	0.023995030532596932	0.011830527921949368	-0.0050712879096449824	-0.019539432586588006
-0.0010127170386518424	-0.0034172566723149273	0.005438793274227846	0.07808803277624848	0.023995030532596932	0.011830527921949368	-0.0050712879096449824	-0.019539432586588006
-0.0010127170386518424	-0.0034172566723149273	0.005438793274227846	0.07808803277624848	0.023995030532596932	0.011830527921949368	-0.0050712879096449824	-0.019539432586588006
-0.0007575520594236086	-0.0025562420013565275	0.004068430655768823	0.05841291080155529	0.017949223822776365	0.00884969882927223	-0.0037935222310428083	-0.014616261829309734
0.0	0.0	0.0	0.0	0.0	0.0	0.0	0.0
0.0	0.0	0.0	0.0	0.0	0.0	0.0	0.0
0.0	0.0	0.0	0.0	0.0	0.0	0.0	0.0
0.0	0.0	0.0	0.0	0.0	0.0	0.0	0.0
0.0	0.0	0.0	0.0	0.0	0.0	0.0	0.0
0.0	0.0	0.0	0.0	0.0	0.0	0.0	0.0
0.0	0.0	0.0	0.0	0.0	0.0	0.0	0.0
0.0	0.0	0.0	0.0	0.0	0.0	0.0	0.0
0.0	0.0	0.0	0.0	0.0	0.0	0.0	0.0
0.0	0.0	0.0	0.0	0.0	0.0	0.0	0.0
0.0	0.0	0.0	0.0	0.0	0.0	0.0	0.0
0.0	0.0	0.0	0.0	0.0	0.0	0.0	0.0
0.0	0.0	0.0	0.0	0.0	0.0	0.0	0.0
-0.0010127170386518424	-0.0034172566723149273	0.005438793274227846	0.07808803277624848	0.023995030532596932	0.011830527921949368	-0.0050712879096449824	-0.019539432586588006
-0.0010127170386518424	-0.0034172566723149273	0.005438793274227846	0.07808803277624848	0.023995030532596932	0.011830527921949368	-0.0050712879096449824	-0.019539432586588006
-0.0010127170386518424	-0.0034172566723149273	0.005438793274227846	0.07808803277624848	0.023995030532596932	0.011830527921949368	-0.0050712879096449824	-0.019539432586588006
-0.0010127170386518424	-0.0034172566723149273	0.005438793274227846	0.07808803277624848	0.023995030532596932	0.011830527921949368	-0.0050712879096449824	-0.019539432586588006
-0.0010127170386518424	-0.0034172566723149273	0.005438793274227846	0.07808803277624848	0.023995030532596932	0.011830527921949368	-0.0050712879096449824	-0.019539432586588006
-0.0010127170386518424	-0.0034172566723149273	0.005438793274227846	0.07808803277624848	0.023995030532596932	0.011830527921949368	-0.0050712879096449824	-0.019539432586588006
-0.0010127170386518424	-0.0034172566723149273	0.005438793274227846	0.07808803277624848	0.023995030532596932	0.011830527921949368	-0.0050712879096449824	-0.019539432586588006
-0.0010127170386518424	-0.0034172566723149273	0.005438793274227846	0.07808803277624848	0.023995030532596932	0.011830527921949368	-0.0050712879096449824	-0.019539432586588006
-0.0010127170386518424	-0.0034172566723149273	0.005438793274227846	0.07808803277624848	0.023995030532596932	0.011830527921949368	-0.0050712879096449824	-0.019539432586588006
-0.0010127170386518424	-0.0034172566723149273	0.005438793274227846	0.07808803277624848	0.023995030532596932	0.011830527921949368	-0.0050712879096449824	-0.019539432586588006
-0.0010127170386518424	-0.0034172566723149273	0.005438793274227846	0.07808803277624848	0.023995030532596932	0.011830527921949368	-0.0050712879096449824	-0.019539432586588006
-0.0010127170386518424	-0.0034172566723149273	0.005438793274227846	0.07808803277624848	0.023995030532596932	0.011830527921949368	-0.0050712879096449824	-0.019539432586588006
0.0	0.0	0.0	0.0	0.0	0.0	0.0	0.0
0.0	0.0	0.0	0.0	0.0	0.0	0.0	0.0
0.0	0.0	0.0	0.0	0.0	0.0	0.0	0.0
0.0	0.0	0.0	0.0	0.0	0.0	0.0	0.0
0.0	0.0	0.0	0.0	0.0	0.0	0.0	0.0
0.0	0.0	0.0	0.0	0.0	0.0	0.0	0.0
0.0	0.0	0.0	0.0	0.0	0.0	0.0	0.0
0.0	0.0	0.0	0.0	0.0	0.0	0.0	0.0
0.0	0.0	0.0	0.0	0.0	0.0	0.0	0.0
0.0	0.0	0.0	0.0	0.0	0.0	0.0	0.0
0.0	0.0	0.0	0.0	0.0	0.0	0.0	0.0
0.0	0.0	0.0	0.0	0.0	0.0	0.0	0.0
0.0	0.0	0.0	0.0	0.0	0.0	0.0	0.0
0.0	0.0	0.0	0.0	0.0	0.0	0.0	0.0
0.0	0.0	0.0	0.0	0.0	0.0	0.0	0.0
0.0	0.0	0.0	0.0	0.0	0.0	0.0	0.0
0.0	0.0	0.0	0.0	0.0	0.0	0.0	0.0
0.0	0.0	0.0	0.0	0.0	0.0	0.0	0.0
0.0	0.0	0.0	0.0	0.0	0.0	0.0	0.0
0.0	0.0	0.0	0.0	0.0	0.0	0.0	0.0
0.0	0.0	0.0	0.0	0.0	0.0	0.0	0.0
0.0	0.0	0.0	0.0	0.0	0.0	0.0	0.0
0.0	0.0	0.0	0.0	0.0	0.0	0.0	0.0
0.0	0.0	0.0	0.0	0.0	0.0	0.0	0.0
0.0	0.0	0.0	0.0	0.0	0.0	0.0	0.0
0.0	0.0	0.0	0.0	0.0	0.0	0.0	0.0
0.0	0.0	0.0	0.0	0.0	0.0	0.0	0.0
0.0	0.0	0.0	0.0	0.0	0.0	0.0	0.0
0.0	0.0	0.0	0.0	0.0	0.0	0.0	0.0
0.0	0.0	0.0	0.0	0.0	0.0	0.0	0.0
0.0	0.0	0.0	0.0	0.0	0.0	0.0	0.0
0.0	0.0	0.0	0.0	0.0	0.0	0.0	0.0
0.0	0.0	0.0	0.0	0.0	0.0	0.0	0.0
0.0	0.0	0.0	0.0	0.0	0.0	0.0	0.0
0.0	0.0	0.0	0.0	0.0	0.0	0.0	0.0
0.0	0.0	0.0	0.0	0.0	0.0	0.0	0.0
0.0	0.0	0.0	0.0	0.0	0.0	0.0	0.0
0.0	0.0	0.0	0.0	0.0	0.0	0.0	0.0
0.0	0.0	0.0	0.0	0.0	0.0	0.0	0.0
0.0	0.0	0.0	0.0	0.0	0.0	0.0	0.0
0.0	0.0	0.0	0.0	0.0	0.0	0.0	0.0
0.0	0.0	0.0	0.0	0.0	0.0	0.0	0.0
0.0	0.0	0.0	0.0	0.0	0.0	0.0	0.0
0.0	0.0	0.0	0.0	0.0	0.0	0.0	0.0
0.0	0.0	0.0	0.0	0.0	0.0	0.0	0.0
0.0	0.0	0.0	0.0	0.0	0.0	0.0	0.0
0.0	0.0	0.0	0.0	0.0	0.0	0.0	0.0
0.0	0.0	0.0	0.0	0.0	0.0	0.0	0.0
0.0	0.0	0.0	0.0	0.0	0.0	0.0	0.0
0.0	0.0	0.0	0.0	0.0	0.0	0.0	0.0
0.0	0.0	0.0	0.0	0.0	0.0	0.0	0.0
0.0	0.0	0.0	0.0	0.0	0.0	0.0	0.0
0.0	0.0	0.0	0.0	0.0	0.0	0.0	0.0
0.0	0.0	0.0	0.0	0.0	0.0	0.0	0.0
0.0	0.0	0.0	0.0	0.0	0.0	0.0	0.0
0.0	0.0	0.0	0.0	0.0	0.0	0.0	0.0
0.0	0.0	0.0	0.0	0.0	0.0	0.0	0.0
0.0	0.0	0.0	0.0	0.0	0.0	0.0	0.0
0.0	0.0	0.0	0.0	0.0	0.0	0.0	0.0
0.0	0.0	0.0	0.0	0.0	0.0	0.0	0.0
0.0	0.0	0.0	0.0	0.0	0.0	0.0	0.0
0.0	0.0	0.0	0.0	0.0	0.0	0.0	0.0
0.0	0.0	0.0	0.0	0.0	0.0	0.0	0.0
0.0	0.0	0.0	0.0	0.0	0.0	0.0	0.0
0.0	0.0	0.0	0.0	0.0	0.0	0.0	0.0
0.0	0.0	0.0	0.0	0.0	0.0	0.0	0.0
0.0	0.0	0.0	0.0	0.0	0.0	0.0	0.0
0.0	0.0	0.0	0.0	0.0	0.0	0.0	0.0
0.0	0.0	0.0	0.0	0.0	0.0	0.0	0.0
0.0	0.0	0.0	0.0	0.0	0.0	0.0	0.0
0.0	0.0	0.0	0.0	0.0	0.0	0.0	0.0
0.0	0.0	0.0	0.0	0.0	0.0	0.0	0.0
0.0	0.0	0.0	0.0	0.0	0.0	0.0	0.0
0.0	0.0	0.0	0.0	0.0	0.0	0.0	0.0
0.0	0.0	0.0	0.0	0.0	0.0	0.0	0.0
0.0	0.0	0.0	0.0	0.0	0.0	0.0	0.0
0.0	0.0	0.0	0.0	0.0	0.0	0.0	0.0
0.0	0.0	0.0	0.0	0.0	0.0	0.0	0.0
0.0	0.0	0.0	0.0	0.0	0.0	0.0	0.0
0.0	0.0	0.0	0.0	0.0	0.0	0.0	0.0
0.0	0.0	0.0	0.0	0.0	0.0	0.0	0.0
0.0	0.0	0.0	0.0	0.0	0.0	0.0	0.0
0.0	0.0	0.0	0.0	0.0	0.0	0.0	0.0
0.0	0.0	0.0	0.0	0.0	0.0	0.0	0.0
0.0	0.0	0.0	0.0	0.0	0.0	0.0	0.0
0.0	0.0	0.0	0.0	0.0	0.0	0.0	0.0
0.0	0.0	0.0	0.0	0.0	0.0	0.0	0.0
0.0	0.0	0.0	0.0	0.0	0.0	0.0	0.0
0.0	0.0	0.0	0.0	0.0	0.0	0.0	0.0
0.0	0.0	0.0	0.0	0.0	0.0	0.0	0.0
0.0	0.0	0.0	0.0	0.0	0.0	0.0	0.0
0.0	0.0	0.0	0.0	0.0	0.0	0.0	0.0
0.0	0.0	0.0	0.0	0.0	0.0	0.0	0.0
0.0	0.0	0.0	0.0	0.0	0.0	0.0	0.0
0.0	0.0	0.0	0.0	0.0	0.0	0.0	0.0
0.0	0.0	0.0	0.0	0.0	0.0	0.0	0.0
0.0	0.0	0.0	0.0	0.0	0.0	0.0	0.0
0.0	0.0	0.0	0.0	0.0	0.0	0.0	0.0
0.0	0.0	0.0	0.0	0.0	0.0	0.0	0.0
0.0	0.0	0.0	0.0	0.0	0.0	0.0	0.0
0.0	0.0	0.0	0.0	0.0	0.0	0.0	0.0
0.0	0.0	0.0	0.0	0.0	0.0	0.0	0.0
0.0	0.0	0.0	0.0	0.0	0.0	0.0	0.0
0.0	0.0	0.0	0.0	0.0	0.0	0.0	0.0
0.0	0.0	0.0	0.0	0.0	0.0	0.0	0.0
0.0	0.0	0.0	0.0	0.0	0.0	0.0	0.0
0.0	0.0	0.0	0.0	0.0	0.0	0.0	0.0
0.0	0.0	0.0	0.0	0.0	0.0	0.0	0.0
0.0	0.0	0.0	0.0	0.0	0.0	0.0	0.0
0.0	0.0	0.0	0.0	0.0	0.0	0.0	0.0
0.0	0.0	0.0	0.0	0.0	0.0	0.0	0.0
0.0	0.0	0.0	0.0	0.0	0.0	0.0	0.0
0.0	0.0	0.0	0.0	0.0	0.0	0.0	0.0
0.0	0.0	0.0	0.0	0.0	0.0	0.0	0.0
0.0	0.0	0.0	0.0	0.0	0.0	0.0	0.0
0.0	0.0	0.0	0.0	0.0	0.0	0.0	0.0
0.0	0.0	0.0	0.0	0.0	0.0	0.0	0.0
0.0	0.0	0.0	0.0	0.0	0.0	0.0	0.0
0.0	0.0	0.0	0.0	0.0	0.0	0.0	0.0
0.0	0.0	0.0	0.0	0.0	0.0	0.0	0.0
0.0	0.0	0.0	0.0	0.0	0.0	0.0	0.0
