1.710529786141905e-16	-2.2256573894105466e-17	5.826128917074664e-17
2.4172708107189887e-17	7.160959792293179e-17	2.7825892575174365e-17
-3.306445588835591e-17	4.116955222404405e-17	-4.5673250897994516e-18
3.6234173598079804e-17	-3.700394901325611e-17	-2.2681809143451643e-17
1.8559931289110276e-18	2.58995433995841e-17	-8.551946828162545e-18
2.309692013765693e-17	-9.23246655777654e-17	3.1229903504577474e-17
-1.557541704892275e-17	2.4542913967048905e-17	2.1567274533720758e-18
-3.725906764394856e-18	5.688496814029784e-18	-1.0698368164849014e-17
3.640178545867973e-18	9.338855479249553e-18	6.553628830616602e-18
-1.3663374288107983e-17	1.3762528853646348e-17	-1.6004633438971175e-17
2.6756702589728064e-17	-5.711977931019939e-17	3.205041451929492e-17
1.0479624227469424e-17	-3.824535722625688e-17	9.122933817746182e-18
-5.126537735064883e-18	6.359387899616947e-18	2.9989912141840237e-17
-5.328611088772932e-18	-1.2335131847524638e-17	-1.4980513641489978e-17
-3.085327488060703e-17	-1.8196929804625343e-17	-8.683467903108784e-18
-3.741685653143403e-18	4.2885877457387264e-17	-1.4574519955557865e-17
1.3576391090279887e-17	-7.622042221127858e-17	2.3769355783680555e-17
-7.314607105772546e-18	1.7430101693597094e-17	-2.736793205886135e-17
5.71512303228915e-18	2.924071818190835e-18	1.242566819564465e-17
3.4240997884126353e-18	-5.490237403372048e-18	-1.7864240480254402e-17
3.191801537263835e-19	-6.149974315270012e-18	-9.171763888019214e-18
-1.3512779256491403e-17	-3.406185695287273e-18	-1.1149596570054175e-17
-3.746677396542803e-18	7.397167162288532e-18	4.9586976385885515e-18
-3.3499450084664186e-18	3.6555002210598394e-18	-1.2873308731362738e-17
5.164441903988737e-18	-6.694636044217598e-18	-3.2437030732763905e-18
-4.03061328045074e-18	3.528863870483006e-18	2.6160979749099674e-18
2.306991036556338e-18	-6.544225568879788e-18	-3.612447962983671e-18
1.729911402313246e-18	4.28379246148024e-18	2.0753895185777735e-17
-2.0120645945384894e-18	5.768669049892653e-18	-1.1488778473168669e-17
-1.1202467113254856e-18	-1.4996075220431132e-18	-7.590091632989313e-18
-3.0585287741209554e-18	-7.093532422808049e-18	-1.1312762359564473e-17
-6.165381638407095e-19	1.6129254409018039e-18	4.302333920864267e-19
-1.3562724689055282e-18	-4.953961785293752e-18	-1.2502510158821293e-17
1.640215606758198e-18	4.254704303298858e-18	9.387505868932186e-18
7.469447392290886e-19	-1.160035262973283e-18	1.144245878130359e-18
-1.7148901977184711e-18	-4.552044351169138e-18	-9.469087471415724e-18
-7.700433687416172e-19	-6.151988289532351e-18	-1.1500745611100172e-17
2.3941089881508214e-19	1.599086145809008e-18	-3.6717386656994974e-19
-6.695062861520847e-19	1.2339344518385801e-18	-2.7353359838768654e-18
1.7322704402641562e-18	3.9118502259213605e-18	6.856730422157125e-18
-1.1846937451095424e-18	-5.860227918353838e-20	-2.8829906222114654e-18
-2.3816835199752e-18	-6.0388974691368486e-18	-1.5876967653339956e-17
9.926956033102717e-20	-8.471957393863936e-19	-3.673630487988032e-18
1.5564006252599593e-18	5.248221021257108e-18	1.2433446512013213e-17
9.544492701863354e-19	4.00426118962392e-18	1.094860231049451e-17
3.194393686392224e-18	7.879894281057612e-18	2.0337891790762763e-17
-9.573022653462662e-19	-2.631806062583628e-18	-8.371626563138566e-19
-3.1854468649282215e-19	3.495654486360683e-19	-1.591199226185897e-18
2.776531370465679e-19	-1.242752638551265e-19	1.074184865687215e-18
-3.883137006942811e-19	-1.3920234858592703e-18	-9.906531046232234e-19
1.0034367424846165e-18	1.765467341634599e-18	6.432061760764367e-18
-1.593488125469397e-19	-9.201291661279105e-19	-4.054674766416809e-18
-6.909752391985262e-19	-1.386927074329411e-20	-9.328459775919588e-19
3.16282310711956e-19	-5.84037284537669e-20	5.867667986140578e-20
-1.039336155068009e-18	-7.031471463972665e-19	-2.5039547911614748e-18
2.1939775147195122e-21	4.97136607289235e-19	7.400937390161871e-19
-1.6508985322141865e-19	-5.570229495004899e-20	-6.727241876797094e-19
2.3362877654000962e-20	7.773833351524784e-20	2.0671853996974843e-19
0.0	0.0	0.0
0.0	0.0	0.0
0.0	0.0	0.0
0.0	0.0	0.0
0.0	0.0	0.0
0.0	0.0	0.0
0.0	0.0	0.0
0.0	0.0	0.0
0.0	0.0	0.0
0.0	0.0	0.0
0.0	0.0	0.0
0.0	0.0	0.0
0.0	0.0	0.0
0.0	0.0	0.0
0.0	0.0	0.0
0.0	0.0	0.0
0.0	0.0	0.0
0.0	0.0	0.0
0.0	0.0	0.0
0.0	0.0	0.0
0.0	0.0	0.0
0.0	0.0	0.0
0.0	0.0	0.0
0.0	0.0	0.0
0.0	0.0	0.0
0.0	0.0	0.0
0.0	0.0	0.0
0.0	0.0	0.0
0.0	0.0	0.0
0.0	0.0	0.0
0.0	0.0	0.0
0.0	0.0	0.0
0.0	0.0	0.0
0.0	0.0	0.0
0.0	0.0	0.0
0.0	0.0	0.0
0.0	0.0	0.0
0.0	0.0	0.0
0.0	0.0	0.0
0.0	0.0	0.0
0.0	0.0	0.0
0.0	0.0	0.0
0.0	0.0	0.0
0.0	0.0	0.0
0.0	0.0	0.0
0.0	0.0	0.0
-0.005328201899980792	-0.0024913382352367746	0.014134710686455615
-0.005333430753348875	-0.002493783120503306	0.014148581844299716
0.0	0.0	0.0
0.0	0.0	0.0
0.0	0.0	0.0
0.0	0.0	0.0
0.0	0.0	0.0
0.0	0.0	0.0
0.0	0.0	0.0
0.0	0.0	0.0
0.0	0.0	0.0
0.0	0.0	0.0
0.0	0.0	0.0
0.0	0.0	0.0
0.0	0.0	0.0
0.0	0.0	0.0
0.0	0.0	0.0
0.0	0.0	0.0
0.0	0.0	0.0
0.0	0.0	0.0
0.0	0.0	0.0
0.0	0.0	0.0
0.0	0.0	0.0
0.0	0.0	0.0
0.0	0.0	0.0
0.0	0.0	0.0
0.0	0.0	0.0
-0.005328201899980792	-0.0024913382352367746	0.014134710686455615
-0.005333430753348875	-0.002493783120503306	0.014148581844299716
-0.005333430753348875	-0.002493783120503306	0.014148581844299716
0.0	0.0	0.0
0.0	0.0	0.0
0.0	0.0	0.0
0.0	0.0	0.0
0.0	0.0	0.0
0.0	0.0	0.0
0.0	0.0	0.0
0.0	0.0	0.0
0.0	0.0	0.0
0.0	0.0	0.0
0.0	0.0	0.0
0.0	0.0	0.0
0.0	0.0	0.0
0.0	0.0	0.0
0.0	0.0	0.0
0.0	0.0	0.0
-0.0002288467514210066	-2.4913388635216243e-6	-0.0007061684856220399
-0.0009153870056840264	-9.965355454086497e-6	-0.0028246739424881598
-0.0009153870056840264	-9.965355454086497e-6	-0.0028246739424881598
0.0	0.0	0.0
0.0	0.0	0.0
0.0	0.0	0.0
0.0	0.0	0.0
0.0	0.0	0.0
-0.0055549222460219245	-0.0029392252933452268	0.013033532932232948
-0.006240312137513413	-0.004285331352937116	0.009743870827409025
-0.01051124943901118	-0.007818590332942249	0.030169662166763186
-0.012246225333144048	-0.009602818927131563	0.03553798227314506
-0.006553600373038992	-0.006739644752418923	0.020277990472807417
0.0	0.0	0.0
0.0	0.0	0.0
0.0	0.0	0.0
0.0	0.0	0.0
0.0	0.0	0.0
0.0	0.0	0.0
0.0	0.0	0.0
0.0	0.0	0.0
0.0	0.0	0.0
0.0	0.0	0.0
0.0	0.0	0.0
0.0	0.0	0.0
0.0	0.0	0.0
-0.005333430753348875	-0.002493783120503306	0.014148581844299716
-0.006248817759032901	-0.002503748475957392	0.011323907901811557
0.0	0.0	0.0
-0.0034898688461018784	0.02342082783123237	-0.007983601452283946
0.0	0.0	0.0
0.0	0.0	0.0
0.0	0.0	0.0
0.0	0.0	0.0
0.0	0.0	0.0
-0.005328201899980792	-0.0024913382352367746	0.014134710686455615
-0.006240312137513413	-0.004285331352937116	0.009743870827409025
-0.005333430753348875	-0.002493783120503306	0.014148581844299716
-0.012246225333144048	-0.009602818927131563	0.03553798227314506
-0.012246225333144048	-0.009602818927131563	0.03553798227314506
0.0	0.0	0.0
0.0	0.0	0.0
0.0	0.0	0.0
0.0	0.0	0.0
0.0	0.0	0.0
0.0	0.0	0.0
0.0	0.0	0.0
0.0	0.0	0.0
0.0	0.0	0.0
0.0	0.0	0.0
0.0	0.0	0.0
0.0	0.0	0.0
0.0	0.0	0.0
-0.006877382797818784	-0.0020236999944314347	0.014268105619095105
-0.016962755803056798	0.007092001031193714	0.01455076152553313
-0.023651683255394414	0.03452706042538615	0.004374520610667048
-0.03049038693971233	0.08415002009898878	-0.016638741813227942
-0.011273819147738133	0.02305678816769141	-0.009555964709645365
-0.005049190354784475	0.02116159137572546	-0.010037839216498572
0.0	0.0	0.0
0.0	0.0	0.0
0.0	0.0	0.0
-0.005328201899980792	-0.0024913382352367746	0.014134710686455615
-0.007791714934826651	-0.0030646223610362794	0.012447242975858485
-0.012494979538754086	0.0006361041061623741	0.020642841539342593
-0.017191271839602947	-0.0058099373455579965	0.035347368559177944
-0.03386628436070452	-0.022311958811960794	0.044421909054993484
-0.018427629632176815	-0.0012551530383901645	0.03540679178479557
-0.005827108904259433	0.01212670268198589	-0.006374359529817944
-0.005276922472128065	0.008382901265257856	-0.005020963094676504
0.0	0.0	0.0
0.0	0.0	0.0
0.0	0.0	0.0
0.0	0.0	0.0
0.0	0.0	0.0
0.0	0.0	0.0
0.0	0.0	0.0
0.0	0.0	0.0
0.0	0.0	0.0
0.0	0.0	0.0
-0.008283487812184886	0.021962546189348762	-0.013468612331547381
-0.04241465263393203	0.07200720010406454	-0.015108601035302335
-0.07071485004880312	0.08676885730625868	-0.0068994116242761215
-0.06076610231429069	0.06714392337687206	0.002110242764837768
-0.04709218656861433	0.07021874333627744	-0.020996942173777754
-0.028965553040131528	0.045200296397259386	-0.018252566692669763
-0.003449620040713507	-0.0035475482607818755	0.010673730215252152
0.0	0.0	0.0
0.0	0.0	0.0
-0.005328201899980792	-0.0024913382352367746	0.014134710686455615
-0.006240312137513413	-0.004285331352937116	0.009743870827409025
-0.012503485160273574	0.0024176869831420956	0.02222287861374512
-0.02382985419606642	-0.016226940690819956	0.02525086336445173
-0.05071191941824484	-0.021185498747422996	0.06804884306080809
-0.07013716107580702	-0.0364735353244582	0.07972137313135583
-0.06112799461822806	0.005713074466027423	0.0667472474884509
-0.028481122584130134	0.056826109191990756	0.012773174672489949
-0.011700999441727625	0.0520709794192999	-0.020128386222057867
0.0	0.0	0.0
0.0	0.0	0.0
0.0	0.0	0.0
0.0	0.0	0.0
0.0	0.0	0.0
0.0	0.0	0.0
0.0	0.0	0.0
0.0	0.0	0.0
0.0	0.0	0.0
-0.00665766977040144	0.03299074015434658	-0.022335939473044398
-0.04250692245639535	0.07502699598293276	-0.015582551969062892
-0.071492883364202	0.10222922511803113	0.00121160542631054
-0.08419477268158793	0.11554716800462425	-0.003629749053468495
-0.07498657831422303	0.01818404709458499	0.006230576424353075
-0.05842121801229441	-0.05455252849567571	-0.016957461645771395
-0.032383861295574703	-0.03845985931891693	0.014344144981338798
-0.02432076610981161	-0.0311727477087895	0.013372604782765363
-0.01703860255853933	-0.02311141740696423	-0.0019196094191383309
-0.006009513300875716	-0.0024963673665608084	0.012002334071745394
-0.0071556991431974346	-0.004295296708391201	0.006919196884920861
-0.013188891879282134	0.0007229053011881805	0.028762122816679035
-0.029035747776396458	-0.02114067716334996	0.053720345487025575
-0.038862447536893545	-0.03738243867680931	0.017440294622199495
-0.09975824948467456	-0.0729690176858767	0.023819822923956357
-0.13104953828512006	-0.027793136612985873	0.05950040235818853
-0.08431267414159949	0.018313159334081435	0.09893117481314535
-0.03349751882174188	0.08725581538587246	-0.010521341355641735
-0.012448085655868194	0.057231275716434465	-0.02194220062835054
0.0	0.0	0.0
0.0	0.0	0.0
0.0	0.0	0.0
0.0	0.0	0.0
0.0	0.0	0.0
0.0	0.0	0.0
0.0	0.0	0.0
0.0	0.0	0.0
-0.0027568859003579407	0.026793968037189066	-0.018624364790026667
-0.016066726171873824	0.06151411631539506	-0.029528326374130453
-0.0711753591265973	0.1293037791871739	-0.0005031307623351525
-0.10346009222018065	0.07460402049350177	0.0657098516819463
-0.09590157962525439	0.013128292894140322	0.05082765451650865
-0.08981360849831083	-0.020542337580670637	-0.0042394324577799715
-0.07428999805060492	-0.069480785164059	-0.004648930819825869
-0.030307564962131325	-0.04064025898256665	-0.03768111249153483
-0.02175742763135353	-0.021921907249027213	-0.0101658345687075
-0.013205351272963768	-0.016187897425670655	-0.015648876437335993
-0.006240312137513413	-0.004285331352937116	0.009743870827409025
-0.013438392957615751	-0.010678924096593915	0.03374851269247106
-0.02814271319585726	-0.022602169976020225	0.041169129822623184
-0.06904437202684141	-0.05643087206114212	0.051273844111089574
-0.10104772294316902	-0.1094644885501537	-0.043257799892354
-0.13499784190482425	-0.11168274140638021	-0.14143635048303482
-0.14976583987688566	0.006225430293984403	0.05620310827955297
-0.11060906749063026	0.09955588246418359	0.06855726453167563
-0.03841324164460995	0.12661297056013135	-0.034057541512707866
-0.013864368214188821	0.0709960200587173	-0.031510011544460925
0.0	0.0	0.0
0.0	0.0	0.0
0.0	0.0	0.0
0.0	0.0	0.0
0.0	0.0	0.0
0.0	0.0	0.0
0.0	0.0	0.0
0.0	0.0	0.0
-0.01015271206959901	0.056419786515741324	-0.03032446343787281
-0.03528559003061177	0.09500230926100109	-0.019453720580918987
-0.11414164181537306	0.03705115850854296	0.09170226015092106
-0.11257970893741603	0.006313606069240675	0.06441629540248851
-0.09512050625208818	-0.05803946032023333	-0.02339166014102831
-0.07222712792988065	-0.08117766931752929	-0.0812511463714741
-0.04163781605858799	-0.03248071981309956	-0.047246431924712236
-0.01670980695446136	-0.01539868143418948	-0.04623701199775394
-0.008108839161140576	-0.0025063392144363066	-0.006872583310322877
-0.013260590362865504	-0.003914315255817789	0.007900086150292952
-0.013777082103143773	-0.010634661705524585	0.046603648496543276
-0.030420251624617	-0.04201740390794918	0.03639353022385863
-0.076825335488843	-0.07445089688615973	0.03810859396014911
-0.10667222030815324	-0.11765931611898166	-0.0888075887608481
-0.12052310915295657	-0.10656649532693853	-0.17162434466710982
-0.13133786856941718	-0.018447032025506183	-0.1587934222339726
-0.14881293653702188	0.06399250471359114	0.07479491991221172
-0.10424999168793865	0.11192553472060775	0.06410600241783353
-0.02848779995113192	0.12619672451426964	-0.049517945572636
-0.01375063809084617	0.10277199239567908	-0.049333616595690924
0.0	0.0	0.0
0.0	0.0	0.0
0.0	0.0	0.0
0.0	0.0	0.0
0.0	0.0	0.0
0.0	0.0	0.0
0.0	0.0	0.0
0.0	0.0	0.0
-0.011523677218587876	0.0585976971336793	-0.031628929336987126
-0.042145328801691945	0.1250869673628301	-0.026854946403126377
-0.1259547572905562	0.04645514312032035	0.0979416579573465
-0.11737116787280641	-0.047324233181487894	0.06199722390869262
-0.055553420735409725	-0.09789207657882296	-0.1328755969449436
-0.03307430643170442	-0.06673821109257025	-0.11906076254790168
-0.008007908949285523	-0.018942729253335674	-0.05211160733075153
-0.007156321765845404	-0.010860589115237313	-0.033631306336735334
-0.02173209747621431	-0.01687753622225577	0.007642508800172934
-0.029353029473975504	-0.024559768714819533	0.06582017053878633
-0.04560069798785861	-0.05868376250779254	0.0520086574379543
-0.08808609513751113	-0.08604100802101193	0.006102975084330963
-0.11295468955486854	-0.11373186972467123	-0.09385556518153303
-0.10652544276146725	-0.07891153426957763	-0.16060698331303092
-0.09870672653417266	0.003627403727339923	-0.20565413619232753
-0.10561433331952723	0.058261146987916415	-0.11976405259279524
-0.13203039696466332	-0.0035445558028663485	0.11840559171505194
-0.09672834421666321	0.06871776005391879	0.08961022891674923
-0.02541727196394937	0.12217982241494689	-0.052832545969181174
-0.01375063809084617	0.10277199239567908	-0.049333616595690924
0.0	0.0	0.0
0.0	0.0	0.0
0.0	0.0	0.0
0.0	0.0	0.0
0.0	0.0	0.0
0.0	0.0	0.0
0.0	0.0	0.0
-0.0013784429501789703	0.013396984018594533	-0.009312182395013333
-0.011523677218587876	0.0585976971336793	-0.031628929336987126
-0.05553865687185915	0.07094287356121226	0.029897919753221265
-0.1229677145694119	0.052434147149658716	0.08289466236004174
-0.10784223231498477	-0.03705386687686893	0.035845466953596014
-0.05895521896529496	-0.0971268701953563	-0.11954973326820491
-0.02627034480901491	-0.05441977369335309	-0.09523279326557563
-0.024278205466637906	-0.03405800516717386	-0.029688411927102407
-0.02593092114485684	-0.03143754414761545	0.025053937553116024
-0.04805747856855745	-0.0611389594900541	0.06624672919676146
-0.06067729860379748	-0.09153090778985905	0.015070608427273084
-0.0893395841484938	-0.11451424001524578	-0.06520421622360976
-0.11157398973943544	-0.08448452611470257	-0.0931613952277088
-0.097492396293427	-0.01603351737938055	-0.09848185120712796
-0.07225723755492726	0.023986764434325295	-0.1324270704646313
-0.07942006614931826	0.04332947644642699	-0.2036688015566543
-0.07852549126742987	-0.013751787887297365	-0.08461002204870409
-0.13909873567730127	0.010790792428871038	0.12444213638017103
-0.08756306038974636	0.046550492030532256	0.09991699760403783
-0.023672337540898425	0.11046940849933068	-0.04884074524303919
-0.013735647546615179	0.10266560161807023	-0.049279545954709916
0.0	0.0	0.0
0.0	0.0	0.0
0.0	0.0	0.0
0.0	0.0	0.0
0.0	0.0	0.0
0.0	0.0	0.0
0.0	0.0	0.0
-0.0014811504579920272	0.014395190611462643	-0.010006031237991046
-0.012246971034694461	0.06373105255757021	-0.03423783796977882
-0.04937761278094822	0.09243931864980333	0.0017792921178208833
-0.1078284993134349	0.045030349797880134	0.11328633772916429
-0.11569827759978518	-0.04216465713639776	0.07178224193097679
-0.08070442866136017	-0.08711861044174748	-0.09670774577140535
-0.08282224551942988	-0.07927180486262637	-0.0394206173814048
-0.07301570008558936	-0.09747773596910485	-0.00826596263353211
-0.0791947663213328	-0.1235514812520608	-0.025981544866809113
-0.09506578266183792	-0.12181573123951958	-0.06476908077426936
-0.1086266506364665	-0.1125658203485659	-0.10152205075539307
-0.1107129903415081	-0.062344320298220825	-0.09547451328649412
-0.07867150686108565	0.016852358171561284	-0.08130346430494335
-0.0629459024555592	0.08110614082173269	-0.055843267700631145
-0.05604623554351087	0.08760498144501436	-0.10211756485067536
-0.0461240750475332	0.005415318763232924	-0.13310903305350635
-0.06693101037307747	-0.03371302271031599	-0.1037453016885527
-0.13216856543046487	-0.006729897307014687	0.12505317323267706
-0.09342354533525847	0.0271067692402151	0.10338051307879262
-0.01665048064571942	0.09037609331845672	-0.03982798142222073
-0.013645704281229198	0.10202725695241703	-0.04895512210882377
0.0	0.0	0.0
0.0	0.0	0.0
0.0	0.0	0.0
0.0	0.0	0.0
0.0	0.0	0.0
0.0	0.0	0.0
0.0	0.0	0.0
-0.0020379333045857243	0.01980652148785102	-0.013767422611658016
-0.015346266225335985	0.0857273470409927	-0.04541694360897733
-0.03082379429155275	0.09800376215421229	-0.027714153364378345
-0.08279121762434691	0.04965214681245816	0.07621206843405824
-0.10530444409220056	0.0037732034013929568	0.059886630065509955
-0.0888813649859902	-0.028740111344193686	0.006171631540898566
-0.10172733608861732	-0.06962356397710942	0.003490058602468732
-0.10572764780151249	-0.06532701335287013	0.040055978093197546
-0.11417909162334963	-0.052749327990691944	0.00394070137292262
-0.09631141527577194	-0.02609307517651831	-0.03909368751549966
-0.09425616766196686	-0.018981477304990276	-0.08998834976648452
-0.06542416847021905	0.049443828976554624	-0.03991991027379531
-0.06573655985859764	0.13295451431297212	-0.03763466872780752
-0.037837095231061185	0.1401652156671162	-0.028568159818752437
-0.03497030766911032	0.05710831565915692	-0.04576147255280298
-0.03256072128392747	-0.02719877224872793	-0.1354604992157588
-0.055696268956640115	-0.054134524195346034	-0.12046049050800849
-0.13925865096310608	-0.030494897775989134	0.09606136505072702
-0.09981001093624116	0.016509861700819427	0.11625615743472559
-0.021578442524562945	0.08990699839702378	-0.042592096622285094
-0.013143520935568793	0.09846316509399353	-0.0471437552250447
0.0	0.0	0.0
0.0	0.0	0.0
0.0	0.0	0.0
0.0	0.0	0.0
0.0	0.0	0.0
0.0	0.0	0.0
0.0	0.0	0.0
0.0	0.0	0.0
-0.015537691716872349	0.08773406582970457	-0.04637097823808348
-0.019302653779039915	0.11302679436930095	-0.05503127790793813
-0.04930389454022685	0.019123548627065536	0.03410174105663952
-0.07296412690084113	0.03053341473418824	0.06358335049028888
-0.06921221503746416	0.012548321354610658	0.021709396851321026
-0.0750443437347205	0.013388999332783999	-0.02749910304631619
-0.08446517286328077	0.012923868743145536	-0.0485692830138305
-0.08758588592948958	0.01969305448631774	-0.047449622404163644
-0.06837281211544347	0.035647841233013594	-0.04699684822070585
-0.054973636810571574	0.12363433825530544	-0.03664639797633182
-0.05314317944016802	0.14760727952172908	-0.0328043242094095
-0.03363149620874914	0.12699441103484763	-0.027152057232194642
-0.026509176311907284	0.07205806638882915	-0.013293229576990495
-0.011183424809707698	0.002449876659306395	-0.05558531303678122
-0.01991443056247591	-0.020542419011843775	-0.1133167576623329
-0.05159909549017282	-0.08637612389185248	-0.12397104222577027
-0.13677530733916168	-0.035650293805515584	0.11867752636582127
-0.10994108724368681	0.018365174342173825	0.12115476560065065
-0.015574368472037402	0.07732213182702084	-0.04207526239549376
-0.013154763900703057	0.09854295858146342	-0.0471843084112379
0.0	0.0	0.0
0.0	0.0	0.0
0.0	0.0	0.0
0.0	0.0	0.0
0.0	0.0	0.0
0.0	0.0	0.0
0.0	0.0	0.0
0.0	0.0	0.0
-0.015537691716872349	0.08773406582970457	-0.04637097823808348
-0.015537691716872349	0.08773406582970457	-0.04637097823808348
-0.02765712071060796	0.021265687066463375	-0.02618340688354966
-0.03576770348585704	0.010009228513810458	0.012738471459603296
-0.051928420546292056	0.03842466137714175	0.023095512059812664
-0.048645141813434274	0.04778142695319636	-0.0032346553674630803
-0.04921058617495717	0.03975160507711221	-0.029432702466518343
-0.045180930734943496	0.06948059772317466	-0.05501759173980036
-0.04036710115737489	0.12536824087920606	-0.06082441709572136
-0.03353406062250581	0.12208837560492881	-0.03567141375224382
-0.02564347376057615	0.12080640162387891	-0.02865025274748629
-0.004505905176279631	0.03078107388057439	-0.010695027787184548
-0.0008704900773793013	-0.0014477203708233328	-0.00541713099581006
-0.0031299606464261294	-0.007607653904742811	-0.01842278042028781
-0.015523591420965108	-0.03886464099608759	-0.09647808764546467
-0.04872830148778776	-0.06689077545649849	-0.1069358394928862
-0.13960635714712918	-0.03640167513534824	0.1143895002494044
-0.10934118346936786	0.010986547704704093	0.11647361825266327
-0.003996095766489175	0.027661752949730393	-0.010073119541991556
-0.009928049084098065	0.07564234248836571	-0.035545602323700715
-0.0006162450468783524	0.005989239557208687	-0.004163093057866262
0.0	0.0	0.0
0.0	0.0	0.0
0.0	0.0	0.0
0.0	0.0	0.0
0.0	0.0	0.0
0.0	0.0	0.0
0.0	0.0	0.0
-0.00408999713219739	0.026076810502769984	-0.009326514572406661
-0.015537691716872349	0.08773406582970457	-0.04637097823808348
-0.01829913506560798	0.055501234643637105	-0.03420631709219781
-0.02671237868436763	0.027524507729543797	-0.037222372748233964
-0.03379501949761301	0.038250356066974134	-0.031388796222218164
-0.0272017062765521	0.046841593885650755	-0.034878516545659224
-0.023876064400332925	0.09891525588746486	-0.036747524430956566
-0.02201747353158583	0.09678951633221208	-0.026220783653150045
-0.017032781404774752	0.09330475556821534	-0.03060254733683614
-0.006708010034154123	0.05413654865409288	-0.028535272409075142
0.0	0.0	0.0
0.0	0.0	0.0
0.0	0.0	0.0
-0.002584329044238123	-0.005334530897141638	-0.01551640483703981
-0.017094966825350586	-0.036673201135644096	-0.07432733207265008
-0.027139177321007943	-0.020318520002767664	0.002257394259858655
-0.10954815533606278	-0.022574141905262468	0.1205760988261854
-0.09376312994604881	0.009705096538030644	0.10453008139538972
-0.013338709054007726	0.022783106260392524	-0.004577204491328219
-0.0034898688461018784	0.02342082783123237	-0.007983601452283946
0.0	0.0	0.0
0.0	0.0	0.0
0.0	0.0	0.0
0.0	0.0	0.0
0.0	0.0	0.0
0.0	0.0	0.0
0.0	0.0	0.0
0.0	0.0	0.0
-0.003681294337638253	0.025427546619944248	-0.0089376360813901
-0.0075038833443863565	0.05255719652725768	-0.022725650353380325
-0.008868812148800451	0.06582283757310638	-0.03194653684800185
-0.010260769244744289	0.07935116456444674	-0.04135001514340698
-0.010260769244744289	0.07935116456444674	-0.04135001514340698
-0.010260769244744289	0.07935116456444674	-0.04135001514340698
-0.010260769244744289	0.07935116456444674	-0.04135001514340698
-0.009293156325817562	0.06994700691732471	-0.03481322812030449
0.0	0.0	0.0
0.0	0.0	0.0
0.0	0.0	0.0
-0.0002288467514210066	-2.4913388635216243e-6	-0.0007061684856220399
0.0	0.0	0.0
-0.0009068813841645356	-0.0017915482324338077	-0.004404711016890689
-0.011105842301034775	-0.02036187756876108	-0.036619132393207736
-0.02274201804296252	-0.013995804548390823	0.006300748735854528
-0.07538747576298345	0.005942154596104909	0.09950078745159062
-0.07493705955549752	0.03395921402098569	0.09759829970565152
-0.021605995824097488	0.031995991431577754	0.0018631240145974212
-0.0034898688461018784	0.02342082783123237	-0.007983601452283946
0.0	0.0	0.0
0.0	0.0	0.0
0.0	0.0	0.0
0.0	0.0	0.0
0.0	0.0	0.0
0.0	0.0	0.0
0.0	0.0	0.0
0.0	0.0	0.0
0.0	0.0	0.0
-0.003677685225757649	0.025402617654155676	-0.008928873693597288
-0.003681294337638253	0.025427546619944248	-0.0089376360813901
-0.006417068830678112	0.044843864746351776	-0.018805528676798838
-0.007488892800155359	0.052450805749648804	-0.022671579712399293
-0.003681294337638253	0.025427546619944248	-0.0089376360813901
0.0	0.0	0.0
0.0	0.0	0.0
0.0	0.0	0.0
0.0	0.0	0.0
0.0	0.0	0.0
0.0	0.0	0.0
0.0	0.0	0.0
-0.0009068813841645357	-0.0017915482324338092	-0.004404711016890689
-0.005703178283164493	-0.00968531999236773	-0.015572984114461
-0.019031492180218497	-0.014358751717527289	0.025953311112959728
-0.04062333818919031	0.0015539418525779307	0.06980890539060053
-0.01431993118497509	0.011366577103211872	0.010167486514302968
-0.00876679131822994	0.03180372909649022	-0.013004564546960442
-0.0034898688461018784	0.02342082783123237	-0.007983601452283946
0.0	0.0	0.0
0.0	0.0	0.0
0.0	0.0	0.0
0.0	0.0	0.0
0.0	0.0	0.0
0.0	0.0	0.0
0.0	0.0	0.0
0.0	0.0	0.0
0.0	0.0	0.0
0.0	0.0	0.0
0.0	0.0	0.0
0.0	0.0	0.0
0.0	0.0	0.0
0.0	0.0	0.0
0.0	0.0	0.0
0.0	0.0	0.0
0.0	0.0	0.0
0.0	0.0	0.0
-0.0002288467514210066	-2.4913388635216243e-6	-0.0007061684856220399
0.0	0.0	0.0
0.0	0.0	0.0
-0.00045344069208226785	-0.0008957741162169046	-0.0022023555084453444
0.0	0.0	0.0
-0.012246225333144048	-0.009602818927131563	0.03553798227314506
-0.012246225333144048	-0.009602818927131563	0.03553798227314506
0.0	0.0	0.0
-0.0008314099334302996	0.005579667823275831	-0.0019019756457012912
-0.0008314099334302996	0.005579667823275831	-0.0019019756457012912
0.0	0.0	0.0
0.0	0.0	0.0
0.0	0.0	0.0
0.0	0.0	0.0
0.0	0.0	0.0
0.0	0.0	0.0
0.0	0.0	0.0
0.0	0.0	0.0
0.0	0.0	0.0
0.0	0.0	0.0
0.0	0.0	0.0
0.0	0.0	0.0
0.0	0.0	0.0
0.0	0.0	0.0
0.0	0.0	0.0
0.0	0.0	0.0
0.0	0.0	0.0
-0.0002288467514210066	-2.4913388635216243e-6	-0.0007061684856220399
0.0	0.0	0.0
0.0	0.0	0.0
0.0	0.0	0.0
0.0	0.0	0.0
-0.0017281986449487934	-0.0017772589516570634	0.0053473501072113395
-0.011331175914254019	-0.009174963968328264	0.033110529439597865
-0.005333430753348875	-0.002493783120503306	0.014148581844299716
0.0	0.0	0.0
0.0	0.0	0.0
0.0	0.0	0.0
0.0	0.0	0.0
0.0	0.0	0.0
0.0	0.0	0.0
0.0	0.0	0.0
0.0	0.0	0.0
0.0	0.0	0.0
0.0	0.0	0.0
0.0	0.0	0.0
0.0	0.0	0.0
0.0	0.0	0.0
0.0	0.0	0.0
0.0	0.0	0.0
0.0	0.0	0.0
0.0	0.0	0.0
0.0	0.0	0.0
0.0	0.0	0.0
0.0	0.0	0.0
0.0	0.0	0.0
0.0	0.0	0.0
0.0	0.0	0.0
0.0	0.0	0.0
0.0	0.0	0.0
0.0	0.0	0.0
0.0	0.0	0.0
-0.005333430753348875	-0.002493783120503306	0.014148581844299716
-0.00033464661555774943	-0.0001564726570580233	0.0008877541020221818
0.0	0.0	0.0
0.0	0.0	0.0
0.0	0.0	0.0
0.0	0.0	0.0
0.0	0.0	0.0
0.0	0.0	0.0
0.0	0.0	0.0
0.0	0.0	0.0
0.0	0.0	0.0
0.0	0.0	0.0
0.0	0.0	0.0
0.0	0.0	0.0
0.0	0.0	0.0
0.0	0.0	0.0
0.0	0.0	0.0
0.0	0.0	0.0
0.0	0.0	0.0
0.0	0.0	0.0
0.0	0.0	0.0
0.0	0.0	0.0
0.0	0.0	0.0
0.0	0.0	0.0
0.0	0.0	0.0
0.0	0.0	0.0
0.0	0.0	0.0
0.0	0.0	0.0
-0.005333430753348875	-0.002493783120503306	0.014148581844299716
0.0	0.0	0.0
0.0	0.0	0.0
0.0	0.0	0.0
0.0	0.0	0.0
0.0	0.0	0.0
0.0	0.0	0.0
0.0	0.0	0.0
0.0	0.0	0.0
0.0	0.0	0.0
0.0	0.0	0.0
0.0	0.0	0.0
0.0	0.0	0.0
0.0	0.0	0.0
0.0	0.0	0.0
0.0	0.0	0.0
0.0	0.0	0.0
0.0	0.0	0.0
0.0	0.0	0.0
0.0	0.0	0.0
0.0	0.0	0.0
0.0	0.0	0.0
0.0	0.0	0.0
0.0	0.0	0.0
0.0	0.0	0.0
0.0	0.0	0.0
0.0	0.0	0.0
0.0	0.0	0.0
0.0	0.0	0.0
0.0	0.0	0.0
0.0	0.0	0.0
0.0	0.0	0.0
0.0	0.0	0.0
0.0	0.0	0.0
0.0	0.0	0.0
0.0	0.0	0.0
0.0	0.0	0.0
0.0	0.0	0.0
0.0	0.0	0.0
0.0	0.0	0.0
0.0	0.0	0.0
0.0	0.0	0.0
0.0	0.0	0.0
0.0	0.0	0.0
0.0	0.0	0.0
0.0	0.0	0.0
0.0	0.0	0.0
0.0	0.0	0.0
0.0	0.0	0.0
0.0	0.0	0.0
0.0	0.0	0.0
0.0	0.0	0.0
0.0	0.0	0.0
0.0	0.0	0.0
0.0	0.0	0.0
0.0	0.0	0.0
0.0	0.0	0.0
0.0	0.0	0.0
0.0	0.0	0.0
0.0	0.0	0.0
0.0	0.0	0.0
0.0	0.0	0.0
0.0	0.0	0.0
0.0	0.0	0.0
0.0	0.0	0.0
0.0	0.0	0.0
0.0	0.0	0.0
0.0	0.0	0.0
0.0	0.0	0.0
0.0	0.0	0.0
0.0	0.0	0.0
0.0	0.0	0.0
0.0	0.0	0.0
0.0	0.0	0.0
0.0	0.0	0.0
0.0	0.0	0.0
0.0	0.0	0.0
0.0	0.0	0.0
0.0	0.0	0.0
0.0	0.0	0.0
0.0	0.0	0.0
0.0	0.0	0.0
0.0	0.0	0.0
0.0	0.0	0.0
0.0	0.0	0.0
0.0	0.0	0.0
0.0	0.0	0.0
0.0	0.0	0.0
0.0	0.0	0.0
0.0	0.0	0.0
0.0	0.0	0.0
0.0	0.0	0.0
