2.0499587098497583e-18
-6.722189010105525e-17
-7.217992798627299e-17
-5.1322909091533674e-18
-3.3866192846993596e-18
-3.898097704080621e-18
2.274918171505784e-17
2.4347466118056398e-17
2.186395278402789e-17
-5.399527227307552e-18
5.014512693142102e-17
-1.0199906543614936e-17
-1.6236994215734e-17
-1.7054747759008087e-17
-1.047522502307426e-17
-3.590432009712935e-17
-1.0739143599769556e-17
-7.877943673231992e-19
-1.266701740663576e-17
1.9258482625746968e-18
3.9126703399573946e-18
9.844341003481762e-18
-1.5252185310703805e-18
-1.557370361437041e-17
-2.451916025904243e-18
-8.383126601640755e-18
9.762054360120327e-18
-2.362336727293824e-18
1.6763087204698481e-18
-1.0919334462741226e-18
-3.544035571950257e-21
5.164795108058231e-19
-1.3331967873908257e-19
-2.1972253275409356e-19
1.81853709864592e-18
1.6429387752185361e-19
2.576095721612111e-18
8.721385585556913e-19
4.796976097370979e-19
-7.920702772385453e-19
1.9745511751232586e-18
-4.6844649218345826e-20
4.724720113802729e-19
-2.4364374333511053e-19
2.889007384333427e-19
-1.5403442582991335e-20
-1.3129584093193031e-18
3.3316571778848257e-19
3.936186360620493e-19
1.7726759143403067e-19
3.6070604231654414e-19
4.526348564047693e-19
3.7767838869398103e-19
-3.8980194413098793e-19
-2.834925834231704e-19
1.7007418659559018e-19
1.678817320714801e-19
-3.693398105572562e-19
0.0
0.0
0.0
0.0
0.0
0.0
0.0
0.0
0.0
0.0
0.0
0.0
0.0
0.0
0.0
0.0
0.0
0.0
0.0
0.0
0.0
0.0
0.0
0.0
0.0
0.0
0.0
0.0
0.0
0.0
0.0
0.0
0.0
0.0
0.0
0.0
0.0
0.0
0.0
0.0
0.0
0.0
0.0
-0.004126873575226892
-0.004126873575226892
-0.004126873575226892
-0.004126873575226892
-0.004126873575226892
-0.003556393965277082
0.0
0.0
0.0
0.0
0.0
0.0
0.0
0.0
0.0
0.0
0.0
0.0
0.0
0.0
0.0
0.0
0.0
0.0
0.0
0.0
0.0
-0.004126873575226892
-0.004126873575226892
-0.004126873575226892
-0.004126873575226892
-0.004126873575226892
-0.004126873575226892
-0.004126873575226892
-0.004126873575226892
0.0
0.0
0.0
0.0
0.0
0.0
0.0
0.0
0.0
0.0
0.0
0.0
0.0
0.0
0.0
0.0
0.0
0.0
0.0
0.0
-0.0009022478579872391
0.0
0.0
0.0
-0.0044910069564908645
-0.005988009275321146
-0.01011488285054804
-0.004126873575226892
-0.0006691599305296009
0.0
0.0
0.0
0.0
0.0
0.0
-0.004118781666738176
-0.004126873575226892
-0.008460698190582
-0.002403979239773873
0.0
0.0
0.0
-0.002059390833369088
-0.004126873575226892
-0.004126873575226892
-0.004126873575226892
-0.004126873575226892
-0.0030627875474652988
0.0
0.0
0.0
-0.005505676899560948
-0.012360290624752013
-0.007269711498291184
-0.005988009275321146
-0.01011488285054804
-0.007045503720627578
-0.004982066933014129
0.0
0.0
0.0
0.0
0.0
-0.004126873575226892
-0.008456019757114706
-0.019046532190117142
-0.011078562096198417
-0.011048215911973048
-0.011048215911973048
-0.008468790099070724
-0.008468790099070724
-0.008468790099070724
-0.008468790099070724
-0.008468790099070724
-0.008468790099070724
-0.007374797406805754
-0.0020189312909254984
0.0
-0.00431003127771668
-0.018290494436291497
-0.020365343926701352
-0.00686632859776762
0.0
-0.010652164546593705
-0.013709187416251866
-0.002476380329342182
0.0
0.0
0.0
0.0
0.0
-0.004126873575226892
-0.006841641882643076
-0.02122474129273753
-0.03478852774749484
-0.04248473953328607
-0.04357673677682428
-0.04362272984771098
-0.04139861829019348
-0.037625439455129424
-0.03091159199790379
-0.016671371762099704
-0.01464871446988765
-0.006120802366041851
-0.007074086193046662
-0.00865590799875076
-0.01256084249106181
-0.010573528471177467
-0.01819460121801845
-0.024596915265360193
-0.011538584523711825
-0.015096949783562175
-0.012572274212091814
0.0
0.0
0.0
0.0
0.0
0.0
-0.004054046398828432
-0.012527147118093987
-0.04868284708314634
-0.05260624473636431
-0.0781183618000907
-0.08608436503915803
-0.08856005067808828
-0.08927450036712908
-0.08763019240518549
-0.0925924094223878
-0.08239647324423673
-0.05115392024032673
-0.020873617069877833
-0.004982066933014129
-0.006986955049795987
-0.02560880630392588
-0.055338390470863814
-0.06854716946107763
-0.048610747165670404
-0.03582466863865722
-0.023096678564523885
-0.01433456209070222
0.0
0.0
0.0
0.0
0.0
0.0
-0.0050341737156481756
-0.016407145679886524
-0.06077235811893289
-0.0898145687967518
-0.0922188662062292
-0.11900170363804292
-0.11877423173025353
-0.1076475055146107
-0.1282882862090677
-0.1372330283322488
-0.12309437002512552
-0.09436226700519816
-0.04652639195410031
-0.011507280039610525
-0.014008414945100666
-0.0335068293470992
-0.061148380297317194
-0.08059516405562879
-0.08726854197362026
-0.05756187389749885
-0.027684279073620248
-0.012827715344447783
-0.0018261294442751162
0.0
0.0
0.0
0.0
0.0
-0.006944382560727975
-0.021936210849101637
-0.07430180104119229
-0.09874535620383802
-0.1017364089892912
-0.08256792735926628
-0.06554849354032592
-0.07906608473481203
-0.11221123409819828
-0.12720707145662877
-0.1167095296310254
-0.09135107288964699
-0.05019138720635769
-0.014329859635867793
-0.007985933597068331
-0.01932500079109225
-0.03778792929024169
-0.08125000521395855
-0.09842430430266814
-0.06359671184447672
-0.04303099340589234
-0.017027582028864258
-0.0029707369280347275
-0.0005854099334281824
0.0
0.0
0.0
-0.0007951089982021827
-0.012479932464534882
-0.020130032558730766
-0.06686190019116986
-0.11086038195158622
-0.09348087125020194
-0.057883007176341046
-0.041662677977578964
-0.04204301642524509
-0.07896540078831604
-0.11213920729507047
-0.11760713379906626
-0.080704305979752
-0.02002784982992368
-0.006402353019435292
-0.0034681314247709673
-0.009531311721277514
-0.027407175377226756
-0.07838717832157438
-0.10623399177792527
-0.07344615263249575
-0.035774151063585946
-0.01960482996567921
-0.007170603612451217
-0.0018348669053073658
0.0
0.0
0.0
-0.004387162533093324
-0.013070641907201691
-0.016972850281801954
-0.06728959142153398
-0.11667268010471253
-0.08622585902223759
-0.03253981458680594
-0.014758384821267874
-0.016434666647711337
-0.05239807498163551
-0.10472132381451035
-0.10007831692040854
-0.06249746287586194
-0.023443941166298846
-0.005308196266424702
-0.0014704793623641734
-0.003485403930636222
-0.026419193262970302
-0.07734493343848939
-0.1120409333616717
-0.08572810230864876
-0.03023405647367018
-0.012336974775093148
-0.007170603612451217
0.0
0.0
0.0
-0.0029707369280347297
-0.007170603612451217
-0.01013227261312184
-0.012337759240162614
-0.0710841929393367
-0.12569235772298837
-0.07936666714141107
-0.018293576613618277
-0.008421012098516789
-0.012246951076054002
-0.05016992907435277
-0.10320503691554224
-0.10313879755623268
-0.0641253192457423
-0.02308689854015293
-0.008528906943579686
-0.002156853290977732
-0.010332752616959453
-0.04092960862190847
-0.08569761464866255
-0.12098733332628762
-0.07190961440971541
-0.027121061791795808
-0.011039572753543116
-0.006296857464958786
0.0
0.0
0.0
-0.0023270772543915494
-0.007170603612451217
-0.010200200475646678
-0.012337759240162614
-0.0789933914403099
-0.13045936842363876
-0.07507249962320844
-0.020531026917814093
-0.0043926343806656885
-0.0051001358999762545
-0.0350670795956185
-0.10140760635123941
-0.11439644893304035
-0.08756794081082178
-0.0508271417215066
-0.02447489112426766
-0.02761059675390247
-0.028860758952812385
-0.06368325504608206
-0.09904282150339687
-0.10331627759359745
-0.06450147608491044
-0.01867403490500443
-0.008761939041724233
-0.0015564211528614222
0.0
0.0
0.0
0.0
-0.007170603612451217
-0.009234040400064661
-0.027132141064354486
-0.07535689387494111
-0.10210936555365865
-0.07859938053696662
-0.028151052760602206
-0.003538235089916004
-0.00449657700970149
-0.013815740176117761
-0.06533854103281683
-0.1107032204357818
-0.11772709119712582
-0.09628995605973761
-0.06393659109951769
-0.057190173902809026
-0.0729785602064958
-0.09684281759607032
-0.09476019524801915
-0.08889355740745256
-0.04760050311809746
-0.01784028896418458
-0.004199866684416486
0.0
0.0
0.0
0.0
0.0
-0.0047736266698016686
-0.011822964206873126
-0.03686622950821726
-0.06928819763517108
-0.08194893561288796
-0.07644717804811459
-0.030189850320567542
-0.0021084136629261766
-0.00449657700970149
-0.01102512745542541
-0.03789031919278208
-0.06467990157675557
-0.0958613988288122
-0.11508107885419475
-0.09784719020663953
-0.10109209349269797
-0.08947427144577333
-0.09520850238189744
-0.08458876811556018
-0.04655412182143532
-0.032056311643476255
-0.017834965889389272
0.0
0.0
0.0
0.0
0.0
0.0
0.0
-0.019037780082283826
-0.033015228154021685
-0.046871740267538146
-0.06770842709274957
-0.059663474865095226
-0.01711353111144095
-0.0006300341742399763
-0.00221742964485879
-0.00449657700970149
-0.01652302253341371
-0.04570130326314484
-0.06040524506443727
-0.05582098789567506
-0.09891955321140757
-0.09220152836718148
-0.0874521528910516
-0.06402578697235276
-0.05676724892667611
-0.043673641868350044
-0.017840288964184565
-0.00736005602157706
0.0
0.0
0.0
0.0
0.0
0.0
0.0
-0.012960685819550262
-0.027909941314806
-0.02678456563425099
-0.019703562932442447
-0.015249252339514775
-0.006909515030530468
0.0
-0.000948079635822685
0.0
-0.001031718393806723
-0.020483442938540954
-0.03162923283086711
-0.035517971746264206
-0.05111558663534708
-0.05525748698413946
-0.0541203841573717
-0.04859090829579745
-0.03393537782646459
-0.01511449261825056
-0.004341916523843826
-0.004341916523843826
0.0
0.0
0.0
0.0
0.0
0.0
-0.0032334590828610736
-0.010970076208335284
-0.02093217571239338
-0.019429444687320673
-0.006018878366963156
0.0
-0.0008729719327475694
0.0
0.0
0.0
0.0
-0.005505676899560948
-0.007701268144101922
-0.015258039746121131
-0.009261496405952807
-0.01333058054082689
-0.020435981664041793
-0.0271601642546146
-0.011199654502317564
-0.004341916523843826
-0.004341916523843826
-0.004341916523843826
0.0
0.0
0.0
0.0
0.0
0.0
-0.004691625128916963
-0.010970076208335284
-0.009108940508241018
-0.007977457094110992
0.0
0.0
0.0
0.0
0.0
0.0
0.0
0.0
-0.005505676899560948
-0.005505676899560948
-0.005505676899560948
-0.005505676899560948
-0.005505676899560948
-0.005505676899560948
-0.004341916523843826
-0.004341916523843826
-0.004341916523843826
0.0
0.0
0.0
0.0
0.0
0.0
0.0
0.0
-0.005988009275321146
-0.004126873575226892
-0.004126873575226892
0.0
0.0
0.0
0.0
0.0
0.0
0.0
0.0
0.0
0.0
-0.002752838449780474
0.0
0.0
0.0
0.0
0.0
0.0
0.0
0.0
0.0
0.0
0.0
0.0
0.0
0.0
0.0
-0.004126873575226892
-0.004126873575226892
0.0
0.0
0.0
0.0
0.0
0.0
0.0
0.0
0.0
0.0
0.0
0.0
0.0
0.0
0.0
0.0
0.0
0.0
0.0
0.0
0.0
0.0
0.0
0.0
0.0
0.0
-0.004126873575226892
-0.004126873575226892
0.0
0.0
0.0
0.0
0.0
0.0
0.0
0.0
0.0
0.0
0.0
0.0
0.0
0.0
0.0
0.0
0.0
0.0
0.0
0.0
0.0
0.0
0.0
0.0
0.0
0.0
0.0
0.0
0.0
0.0
0.0
0.0
0.0
0.0
0.0
0.0
0.0
0.0
0.0
0.0
0.0
0.0
0.0
0.0
0.0
0.0
0.0
0.0
0.0
0.0
0.0
0.0
0.0
0.0
0.0
0.0
0.0
0.0
0.0
0.0
0.0
0.0
0.0
0.0
0.0
0.0
0.0
0.0
0.0
0.0
0.0
0.0
0.0
0.0
0.0
0.0
0.0
0.0
0.0
0.0
0.0
0.0
0.0
0.0
0.0
0.0
0.0
0.0
0.0
0.0
0.0
0.0
0.0
0.0
0.0
0.0
0.0
0.0
0.0
0.0
0.0
0.0
0.0
0.0
0.0
0.0
