-0.20557371686467354
-0.18777424418286848
-0.199140704249675
-0.19105424154861292
-0.156007618719888
-0.20639245090152725
-0.1756648789093473
-0.14672256779604756
-0.14344748791512804
-0.18058430291999836
-0.18706862822624543
-0.19491611671769052
-0.17408058970170348
-0.15895850782234974
-0.19031186400312577
-0.13400151988800071
-0.09478473805398244
-0.12344385768952552
-0.20633471702303055
-0.20830082193764643
-0.13167259177962798
-0.1750282607391074
-0.16888048100652456
-0.21365687578548198
-0.2145426878630504
-0.16459902436892543
-0.13853378146043085
-0.1434684000397401
-0.19966885345982555
-0.17323553658850788
-0.11585746640184204
-0.023885284561157787
-0.06549710436840019
-0.02627298268210809
-0.07782167391736154
-0.02393612868461788
-0.0440908108119983
-0.021423303315696578
-0.014121212974830466
-0.07932734226279194
-0.07853590658384252
-0.06460188120183749
-0.030249558312528475
-0.09440373799672783
-0.023271438354199096
-0.03110342058482179
-0.07311058669710345
-0.04276149454924021
-0.013240229258819436
-0.025274235468753525
-0.05507791824133688
-0.02123675787049147
-0.03428019758229132
-0.017271927312841745
-0.034244013659015346
-0.028185725559163974
-0.04239861893319391
-0.02746389741616881
-0.048323802119420854
