-0.1525419435917489
-0.2067480920155187
-0.18718115349960257
-0.1767597755071889
-0.19180112610204444
-0.1745537373840258
-0.1335122144588495
-0.15733394671377218
-0.16142426555675896
-0.12926301132581858
-0.1718349854308137
-0.1484528335696926
-0.18570950153535937
-0.1613900624807767
-0.16192523412868878
-0.13773500610279146
-0.11737563446515699
-0.1566669248652263
-0.17257741390331663
-0.18970055492950794
-0.13599440166649798
-0.1619811357370052
-0.1541006743557001
-0.191913568880308
-0.1889361551830365
-0.17502234159295638
-0.1793372706659522
-0.18960642456649127
-0.20037271589831104
-0.18961631656757902
-0.1920095416799586
-0.032997730296269887
-0.04100051951007214
-0.05015649396879189
-0.07767572604115125
-0.05881172137952884
-0.0552835319669101
-0.03391993969107838
-0.0403564891112379
-0.05220442514915786
-0.08044964780320794
-0.0878366223817798
-0.041903373254838686
-0.07738096785983015
-0.04771914270396531
-0.08335093789625822
-0.0390004087371832
-0.05127401312440808
-0.07084117613679455
-0.045775197287014624
-0.08387651691017046
-0.04127070320971883
-0.03404529873139535
-0.07379601621308887
-0.07810038615272642
-0.07522797919086112
-0.04870696372624247
-0.06455338722798656
-0.039962397790186815
