1.6119779394492367e-16
-9.857002518436818e-17
-5.146189451262464e-18
1.7100971173812018e-17
1.7794571285337375e-18
-3.6442384568671135e-17
5.4343357969328985e-17
-4.720221608855781e-18
2.4031096752925013e-17
1.7282634320640588e-17
4.8938119522717803e-17
1.2939660472803229e-17
-2.2922338170745087e-18
7.854759418165181e-18
1.4320939606180413e-17
-6.152246971274223e-18
1.0199752146104368e-17
3.565649066207296e-18
-1.9448744810005983e-17
-3.61527287864745e-18
-3.3284272724532163e-18
-7.347365080818077e-18
-1.811941489319351e-17
3.18438134699641e-18
-8.48614736500109e-19
-3.1715011914231487e-18
-4.197606674022839e-18
-5.363822266233883e-19
2.28796461981825e-18
-3.0674382945270005e-18
-2.4710827082979158e-18
8.350919626190669e-19
3.0007707484710757e-18
-2.952716471537542e-18
-2.3734214340314355e-18
-2.6015196518214905e-20
2.4216484322477063e-18
3.51545939828876e-18
2.3345696074784562e-18
-2.4485278874115434e-20
2.5240514768949914e-18
-3.9837217922001245e-19
-7.059031926524256e-19
4.1132822687110113e-19
-6.740978473614738e-19
-3.4584774445120654e-18
4.581832654615622e-19
-1.8360945129645567e-18
-8.565509308518311e-19
3.3540937830420896e-19
-1.2030472900862677e-18
-1.975828823033968e-18
4.321842709020339e-19
-6.652074480215392e-19
-3.403101450998548e-19
4.648632166095103e-19
1.5755927767564127e-19
8.447170785663338e-21
0.0
0.0
0.0
0.0
0.0
0.0
0.0
0.0
0.0
0.0
0.0
0.0
0.0
0.0
0.0
0.0
0.0
0.0
0.0
0.0
0.0
0.0
0.0
0.0
0.0
0.0
0.0
0.0
0.0
0.0
0.0
0.0
0.0
0.0
0.0
0.0
0.0
0.0
0.0
0.0
0.0
0.0
0.0
0.0
0.0
0.0
0.0
0.0
0.0
0.0
0.0
0.0
0.0
0.0
0.0
0.0
0.0
0.0
0.0
0.0
0.0
-0.0011388043694451051
0.0
0.0
0.0
-0.004693383982697364
-0.005262786167419914
-0.005832188352142467
-0.005832188352142467
-0.005832188352142467
-0.004693383982697364
-0.004693383982697364
-0.004693383982697364
0.0
0.0
0.0
0.0
0.0
0.0
0.0
0.0
0.0
0.0
0.0
0.0
0.0
0.0
0.0
0.0
0.0
0.0
-0.004693383982697364
-0.004693383982697364
-0.004693383982697364
-0.004693383982697364
-0.004693383982697364
-0.004693383982697364
-0.0023420906347771616
-0.00803511668876477
-0.005808652220723073
-0.004693383982697364
-0.004665775843268243
0.0
0.0
0.0
0.0
0.0
0.0
0.0
0.0
0.0
0.0
0.0
0.0
0.0
0.0
0.0
-0.004693383982697364
-0.004693383982697364
-0.004693383982697364
-0.004693383982697364
0.0
-0.0044610729521028444
-0.015429286219899105
-0.01691186116122974
-0.009068792690245471
-0.016751217570328915
-0.015607895828860768
-0.011237004493335711
-0.011237004493335711
0.0
0.0
0.0
0.0
0.0
0.0
0.0
0.0
0.0
0.0
0.0
0.0
0.0
-0.004693383982697364
-0.004693383982697364
-0.004693383982697364
-0.0070421499949950206
-0.01293572292832136
-0.019526277615386445
-0.019241576523025165
-0.031122962547429505
-0.031122962547429505
-0.042274302796210445
-0.029925383270715845
-0.02144460155302628
-0.015844724231478334
-0.011237004493335711
-0.011237004493335711
-0.004693383982697364
-0.004693383982697364
-0.004693383982697364
-0.0009892917328135614
0.0
0.0
0.0
0.0
0.0
0.0
0.0
-0.004693383982697364
-0.004693383982697364
-0.004693383982697364
-0.014876931786968322
-0.019850613144454025
-0.023795518701923386
-0.02683966912096735
-0.029895780837603594
-0.046608442739854206
-0.06328844814821251
-0.0712620696349301
-0.05564164087044877
-0.05715490985183086
-0.030368870120573124
-0.03153731222543914
-0.01400553704187761
-0.004316072673895894
-0.004693383982697364
-0.004693383982697364
-0.004693383982697364
-0.004693383982697364
-0.004693383982697364
-0.0015046436688237435
0.0
0.0
0.0
-0.004693383982697364
-0.004693383982697364
-0.008011482012437735
-0.009446839004212528
-0.028358754006091242
-0.038552142115008084
-0.038552142115008084
-0.03719894696053714
-0.03583345533345811
-0.05194958806097956
-0.06969489165986384
-0.09298185462389136
-0.07940455797032187
-0.08530372870009828
-0.06724885906999084
-0.06077977929763966
-0.04970293137190883
-0.019796215573395417
-0.012113790693311956
0.0
0.0
0.0
-0.0044495120844068314
-0.004693383982697364
-0.004693383982697364
-0.004693383982697364
0.0
0.0
-0.004693383982697364
-0.009446839004212528
-0.021383887292836485
-0.034565169195678994
-0.07216843784709157
-0.08100996312111709
-0.07633459998722776
-0.08797394118266318
-0.08883512461717157
-0.10627127344517212
-0.13276695400268426
-0.12037007919582766
-0.1442944890287354
-0.1365733167768553
-0.11631984502039802
-0.1137647061342991
-0.07187232104553093
-0.022624531818971762
-0.016164611285976238
-0.005189624962109388
-0.004050820592664283
-0.004050820592664283
-0.004050820592664283
-0.004050820592664283
-0.006663578000171269
-0.004693383982697364
0.0
0.0
-0.010160280793535481
-0.011679365678659388
-0.025651690483659357
-0.04060031771449285
-0.0545384547909773
-0.08211738343016523
-0.09047954966278957
-0.11012858532290448
-0.12911953721987826
-0.1311782341220687
-0.11857252878308154
-0.10358362576824727
-0.12212445676399819
-0.12267673095900701
-0.11634537161403305
-0.09604430529659787
-0.06275050880657816
-0.02818747370431427
-0.01321967607754132
-0.0060805070189809
-0.004050820592664283
-0.004050820592664283
-0.004050820592664283
-0.004050820592664283
-0.0020254102963321416
0.0
0.0
-0.010160280793535481
-0.010160280793535481
-0.008508226723601006
-0.01154362743096374
-0.022497319993123845
-0.04189211565293786
-0.052444339975157864
-0.07578316613399584
-0.08121285930950663
-0.0810053583979365
-0.07375157521510786
-0.04002991586075658
-0.0339676856266273
-0.04333612962792842
-0.08672276378154435
-0.09805697325667133
-0.1010273777515899
-0.07408482026043939
-0.046806428461896046
-0.023687176250769947
-0.018388403301053305
-0.016090580558858036
-0.014720466992657735
-0.005406825772020314
-0.005406825772020314
-0.005406825772020314
-0.005406825772020314
-0.005406825772020314
-0.010160280793535481
-0.010160280793535481
0.0
-0.00962036613007195
-0.012077109015184495
-0.031863823282226436
-0.06000464209675797
-0.062229773270335756
-0.04555998655398683
-0.04453529912929569
-0.01433347362053891
-0.018202024002813885
-0.034961932084388116
-0.064526443019601
-0.10527755142785888
-0.11353018424331723
-0.11301967525666322
-0.09028203902468994
-0.07208602106320226
-0.05616601489255333
-0.057204777939525255
-0.05316405854235399
-0.03459817787352476
-0.017295933797955226
-0.011446139770772292
-0.010160280793535481
-0.0054860500176567685
-0.005406825772020314
-0.0054068257720203145
-0.0054068257720203145
0.0
0.0
-0.011544220579706574
-0.029923952335172702
-0.029305548215171
-0.024463258119314654
-0.017411918833608254
-0.012979193295412436
-0.019502333660278186
-0.04266181920749958
-0.0608271807375916
-0.08316761490645118
-0.12824992716455036
-0.143679038357371
-0.1393535573505715
-0.11271635128041893
-0.08405425480104513
-0.060865173093225464
-0.058696274735743584
-0.0734653983457754
-0.047419809368224576
-0.023158165295481186
-0.00987679938513594
-0.004753455021515167
-0.004753455021515167
-0.004753455021515167
0.0
0.0
0.0
0.0
-0.0050450163813567815
-0.006286487245671489
-0.017328183258114273
-0.011128208181946975
-0.008131104298212165
-0.019925643106956884
-0.039367934102628635
-0.07096539628495951
-0.09215189987874332
-0.12271071599205069
-0.1553203290113642
-0.16705358586179264
-0.1475060011384196
-0.132074832239812
-0.11272353671521927
-0.1068234508987321
-0.10535017354671336
-0.102779205749193
-0.08013748608371668
-0.04358808190594152
-0.017330026036784688
-0.000759542397111454
-0.002684303993816752
-0.001975945961999999
0.0
0.0
0.0
0.0
0.0
-0.014194545091422912
-0.014200525740219065
-0.015347938302731687
-0.01777274930857821
-0.026474242676938278
-0.04650277890782545
-0.06398409751643482
-0.09876790317847413
-0.11397866837888904
-0.12639161867753573
-0.14715978410194572
-0.1389879709950503
-0.1151586770301676
-0.09495837530882825
-0.07657695945803211
-0.06637567505033869
-0.06517225891591197
-0.05305970713552261
-0.03010386966275265
-0.019164712478877823
0.0
0.0
0.0
0.0
0.0
0.0
0.0
-0.012620750579484549
-0.012620750579484549
-0.012620750579484549
-0.00844235277045737
-0.010793646118377567
-0.013651454521441788
-0.029259578874142454
-0.03798940928474245
-0.05961616414680984
-0.06029938311021568
-0.065784570376108
-0.08112524747127088
-0.0854712268574957
-0.06578547553285874
-0.04375972408457929
-0.02716639081093332
-0.014896209136720804
-0.011259182318220498
-0.001335270388591351
-0.002670540777182702
0.0
0.0
0.0
0.0
0.0
0.0
0.0
-0.006520488443804343
-0.012620750579484549
-0.012620750579484549
-0.012620750579484549
-0.01731413456218191
-0.01731413456218191
-0.012620750579484549
-0.01819057937340324
-0.024269010176675043
-0.02190704558404118
-0.03222205841728089
-0.03785441993448365
-0.04161623245730785
-0.05893397372985227
-0.04668919767661521
-0.017119882218708977
-0.0101775485320613
-0.0101775485320613
-0.0064326469189797605
-0.005569828793918685
0.0
0.0
0.0
0.0
0.0
0.0
0.0
0.0
-0.004634660918925692
-0.006520488443804343
-0.012620750579484549
-0.012620750579484549
-0.01731413456218191
-0.01404749770493155
-0.004563235304167848
0.0
-0.004693383982697364
-0.00981672834631814
-0.012171388850603801
-0.016727235113298572
-0.03490245257921398
-0.04438572133613272
-0.037218034198709816
-0.007481223210423843
0.0
0.0
0.0
0.0
0.0
0.0
0.0
0.0
0.0
0.0
0.0
0.0
0.0
0.0
0.0
0.0
-0.004693383982697364
-0.004693383982697364
0.0
-0.0035154366304515033
-0.004693383982697364
-0.004693383982697364
-0.004607719738142626
-0.010538019503465175
-0.02835558347942303
-0.027205718642839976
-0.012651844988183107
-0.0021649324659602093
0.0
0.0
0.0
0.0
0.0
0.0
0.0
0.0
0.0
0.0
0.0
0.0
0.0
0.0
0.0
0.0
-0.004693383982697364
-0.004693383982697364
0.0
-0.004693383982697364
-0.004693383982697364
0.0
-0.004607719738142626
-0.004607719738142626
-0.016401356055102356
-0.0010015546205342821
-0.0044610729521028444
0.0
0.0
0.0
0.0
0.0
0.0
0.0
0.0
0.0
0.0
0.0
0.0
0.0
0.0
0.0
0.0
0.0
-0.004693383982697364
-0.004693383982697364
-0.004693383982697364
-0.004693383982697363
0.0
0.0
0.0
0.0
0.0
0.0
-0.0019724940363593335
0.0
0.0
0.0
0.0
0.0
0.0
0.0
0.0
0.0
0.0
0.0
0.0
0.0
0.0
0.0
0.0
0.0
-0.004693383982697364
-0.004693383982697364
-0.004693383982697364
-0.0013205894059629645
0.0
0.0
-0.0008541032770838285
0.0
-0.0011388043694451051
0.0
0.0
0.0
0.0
0.0
0.0
0.0
0.0
0.0
0.0
0.0
0.0
0.0
0.0
0.0
0.0
0.0
0.0
0.0
0.0
0.0
0.0
0.0
0.0
0.0
0.0
0.0
0.0
0.0
0.0
0.0
0.0
0.0
0.0
0.0
0.0
0.0
0.0
0.0
0.0
0.0
0.0
0.0
0.0
0.0
0.0
0.0
0.0
0.0
0.0
0.0
0.0
0.0
0.0
0.0
0.0
0.0
0.0
0.0
0.0
0.0
0.0
0.0
0.0
0.0
0.0
0.0
0.0
0.0
0.0
0.0
0.0
0.0
0.0
0.0
0.0
0.0
0.0
0.0
0.0
0.0
0.0
0.0
0.0
0.0
0.0
0.0
0.0
0.0
0.0
0.0
0.0
0.0
0.0
0.0
0.0
0.0
0.0
0.0
0.0
0.0
0.0
0.0
0.0
0.0
0.0
0.0
0.0
0.0
0.0
0.0
0.0
0.0
0.0
0.0
0.0
0.0
0.0
0.0
0.0
0.0
0.0
0.0
0.0
