1.710529786141905e-16	-2.2256573894105466e-17	5.826128917074664e-17	-5.832731045266924e-17	4.0627073386419836e-17	6.919430805937668e-18	6.543788663720755e-17	-8.754076153632711e-17
2.4172708107189887e-17	7.160959792293179e-17	2.7825892575174365e-17	-2.235065897003101e-17	-1.9275169239663544e-17	-1.3253461816662219e-17	-9.677754038721344e-17	5.609542344475753e-17
-3.306445588835591e-17	4.116955222404405e-17	-4.5673250897994516e-18	-6.591732489286202e-17	-3.6970354942524516e-17	4.3501652193773937e-17	-3.911022362931259e-17	-7.223620664510099e-17
3.6234173598079804e-17	-3.700394901325611e-17	-2.2681809143451643e-17	6.038211969545137e-17	-1.9177786081997916e-17	-5.306261614706073e-17	-3.807522226281971e-18	-8.030492644945286e-17
1.8559931289110276e-18	2.58995433995841e-17	-8.551946828162545e-18	3.505621236599251e-17	-1.4352694985403605e-18	-7.983027419001407e-18	-4.986516708267812e-18	3.627710877311651e-17
2.309692013765693e-17	-9.23246655777654e-17	3.1229903504577474e-17	6.784551963850596e-17	1.0683006306812278e-17	-6.548567185460773e-17	-5.497445829590341e-17	-7.034805424179135e-18
-1.557541704892275e-17	2.4542913967048905e-17	2.1567274533720758e-18	2.0962192806943694e-17	-2.761517203019016e-18	9.282235254831788e-19	-2.7722762364385858e-17	-3.73951333042141e-17
-3.725906764394856e-18	5.688496814029784e-18	-1.0698368164849014e-17	3.2938963438759016e-17	6.25705636030784e-17	1.0592727786639567e-17	-4.290918918503898e-17	3.408974518938061e-17
3.640178545867973e-18	9.338855479249553e-18	6.553628830616602e-18	6.165709258246617e-18	1.6437154822302958e-17	2.9392813290276923e-18	1.49641091269456e-18	2.8350469166283013e-18
-1.3663374288107983e-17	1.3762528853646348e-17	-1.6004633438971175e-17	6.606073366438925e-17	-3.638296240576457e-17	-4.681032643470234e-17	-4.4047717516011017e-17	2.716476576509804e-17
2.6756702589728064e-17	-5.711977931019939e-17	3.205041451929492e-17	1.0253183587059944e-17	-1.3510747623652763e-17	-4.952584946306083e-17	-8.718031094264069e-19	7.99929408332224e-17
1.0479624227469424e-17	-3.824535722625688e-17	9.122933817746182e-18	-4.3628572348363466e-17	1.0211894601906039e-17	9.090338750717364e-17	8.386012433494624e-17	-5.184519814304061e-17
-5.126537735064883e-18	6.359387899616947e-18	2.9989912141840237e-17	-1.432703136988314e-17	4.260389775929918e-18	-2.8833261326211325e-17	-6.651964934390552e-19	-3.771639617622976e-17
-5.328611088772932e-18	-1.2335131847524638e-17	-1.4980513641489978e-17	1.4634085801423886e-17	-2.5193059740921796e-18	4.684768281869915e-17	1.0352232567295953e-17	-2.8588112224625233e-18
-3.085327488060703e-17	-1.8196929804625343e-17	-8.683467903108784e-18	6.413401709415219e-17	6.594662607470676e-18	5.4776179815883905e-17	-4.153361946178332e-17	-3.4612022802968435e-19
-3.741685653143403e-18	4.2885877457387264e-17	-1.4574519955557865e-17	4.886702852785744e-18	1.945735882049488e-17	1.0648266133546152e-18	-1.4299976951462418e-17	5.5120523370733895e-17
1.3576391090279887e-17	-7.622042221127858e-17	2.3769355783680555e-17	2.8733101769254893e-17	-6.318526557186657e-17	-2.702882385444847e-17	-4.487597054809282e-17	3.675381327746066e-17
-7.314607105772546e-18	1.7430101693597094e-17	-2.736793205886135e-17	-1.0456825456089113e-18	2.8579293651178752e-18	-3.0837327595168278e-18	-3.265305826491831e-18	-1.4102195773597204e-17
5.71512303228915e-18	2.924071818190835e-18	1.242566819564465e-17	-4.580351279050461e-18	2.92219977996435e-17	-4.753323113838864e-18	-1.1164515847323425e-17	-2.2421692626252753e-17
3.4240997884126353e-18	-5.490237403372048e-18	-1.7864240480254402e-17	-1.6660975058052107e-18	3.441294692271119e-18	-1.161790517327548e-17	1.923882340395149e-17	-1.48273518783856e-17
3.191801537263835e-19	-6.149974315270012e-18	-9.171763888019214e-18	2.7065009610744426e-18	-3.302580206387723e-18	4.7541235707847125e-18	1.9136945851176137e-18	-1.0037102015563063e-17
-1.3512779256491403e-17	-3.406185695287273e-18	-1.1149596570054175e-17	4.430577066899424e-18	-8.922296646242418e-18	-2.0719311768188145e-17	3.01080958119419e-17	3.9782315800201913e-17
-3.746677396542803e-18	7.397167162288532e-18	4.9586976385885515e-18	1.051097336907441e-17	1.729761473738543e-18	5.765616640489835e-18	8.010971644472169e-18	-1.4088716218913538e-17
-3.3499450084664186e-18	3.6555002210598394e-18	-1.2873308731362738e-17	2.3118553691391106e-18	-8.463316814881441e-19	-7.970753485941736e-19	2.4022309672810353e-20	1.0494698976552768e-17
5.164441903988737e-18	-6.694636044217598e-18	-3.2437030732763905e-18	1.2828390087557916e-18	1.2986479369337837e-17	6.226707471827025e-18	1.322586853802358e-17	1.705055935993775e-17
-4.03061328045074e-18	3.528863870483006e-18	2.6160979749099674e-18	-4.861465688613901e-18	1.9836537280494098e-17	-3.321830191361371e-18	-1.455868454232704e-17	1.592378166417293e-17
2.306991036556338e-18	-6.544225568879788e-18	-3.612447962983671e-18	-1.6833842362948177e-18	5.640450775595292e-18	8.218400960213597e-18	-8.094911130665532e-20	-8.202763464254867e-18
1.729911402313246e-18	4.28379246148024e-18	2.0753895185777735e-17	-2.1090626798274445e-19	6.488745443525812e-18	2.4962282971326167e-18	7.176160013676298e-18	5.0685412006867794e-18
-2.0120645945384894e-18	5.768669049892653e-18	-1.1488778473168669e-17	6.872461295571203e-18	1.8266009645019386e-18	5.331292897275876e-18	-1.3978157597567663e-17	2.790007794028329e-18
-1.1202467113254856e-18	-1.4996075220431132e-18	-7.590091632989313e-18	-3.848607748647631e-18	-6.5174913139800285e-18	2.1775937456114176e-18	1.4857536644431007e-17	5.778490809435873e-18
-3.0585287741209554e-18	-7.093532422808049e-18	-1.1312762359564473e-17	-4.681615575878072e-18	5.728753212523159e-18	1.6591571701966107e-18	-7.096557832514789e-18	4.582066181941993e-18
-6.165381638407095e-19	1.6129254409018039e-18	4.302333920864267e-19	-7.619206123968631e-19	1.9493916839671766e-19	2.166071190565393e-18	-4.07183282180047e-18	6.307768458360211e-18
-1.3562724689055282e-18	-4.953961785293752e-18	-1.2502510158821293e-17	-2.7281242797305386e-19	1.0002872928512554e-17	-1.3825481722001251e-17	3.663123213951379e-18	1.1418518566855209e-17
1.640215606758198e-18	4.254704303298858e-18	9.387505868932186e-18	7.130621376605634e-19	9.261329438927757e-18	1.2608731929988867e-17	1.6795244429389577e-17	2.2501834492880543e-17
7.469447392290886e-19	-1.160035262973283e-18	1.144245878130359e-18	-3.3423008092897806e-19	-2.412948573049505e-18	3.953385749880817e-18	-9.762850386380111e-19	-5.021598130060109e-18
-1.7148901977184711e-18	-4.552044351169138e-18	-9.469087471415724e-18	-2.140736624594058e-19	4.954944435531746e-18	-1.866429726972142e-18	-4.3946413587947664e-18	-4.0629231132296235e-18
-7.700433687416172e-19	-6.151988289532351e-18	-1.1500745611100172e-17	8.254100056947562e-19	1.1900475474606436e-18	-5.188274537499421e-19	5.461173632462648e-18	3.2072359434504058e-18
2.3941089881508214e-19	1.599086145809008e-18	-3.6717386656994974e-19	-3.4512806434703387e-18	-1.6271495519796288e-18	-1.58270268611647e-19	-1.2666137346695307e-18	-5.390513605516187e-18
-6.695062861520847e-19	1.2339344518385801e-18	-2.7353359838768654e-18	4.92874643292559e-18	-1.3013467384940786e-17	4.624025444729871e-19	-8.513822513667469e-18	-1.0984503536257402e-17
1.7322704402641562e-18	3.9118502259213605e-18	6.856730422157125e-18	2.5845280381754627e-18	-3.4230058736564503e-18	2.0783260503180687e-18	-3.3512082429402428e-18	-2.4373365383890913e-18
-1.1846937451095424e-18	-5.860227918353838e-20	-2.8829906222114654e-18	9.726842658002536e-19	-2.217091777040456e-18	9.971016128302452e-19	-4.2707066774552704e-18	3.5101282692422565e-18
-2.3816835199752e-18	-6.0388974691368486e-18	-1.5876967653339956e-17	1.2452854327141272e-18	2.28681020622583e-18	-2.264630218895819e-20	-3.025242711014014e-18	1.3250812609619792e-17
9.926956033102717e-20	-8.471957393863936e-19	-3.673630487988032e-18	1.5220647402394389e-18	1.740947414939371e-18	-7.164160168686967e-18	6.3899833566362635e-18	1.003312381336654e-17
1.5564006252599593e-18	5.248221021257108e-18	1.2433446512013213e-17	-3.4495135390769256e-18	-2.1962929592657177e-18	7.281514176824867e-18	-1.3508401285843997e-18	-1.5625855447567595e-17
9.544492701863354e-19	4.00426118962392e-18	1.094860231049451e-17	-4.109441172864257e-19	-8.057139477442914e-18	3.9137211443179056e-18	-2.4691239678718763e-18	-7.991232972721893e-18
3.194393686392224e-18	7.879894281057612e-18	2.0337891790762763e-17	-4.179251265061903e-18	5.036210313879465e-18	5.220598665093067e-18	6.485718159077002e-18	-2.5440393814425584e-18
-9.573022653462662e-19	-2.631806062583628e-18	-8.371626563138566e-19	-2.6817378273978106e-18	8.213679339790622e-18	-4.826774143563672e-20	-3.8366021191876466e-19	3.725795055321854e-18
-3.1854468649282215e-19	3.495654486360683e-19	-1.591199226185897e-18	4.399308224747751e-19	2.485622564358157e-19	-2.478709898635414e-19	-1.1032112676364786e-18	3.790078870874526e-18
2.776531370465679e-19	-1.242752638551265e-19	1.074184865687215e-18	-1.5199368417345447e-18	3.1251830948684517e-18	-1.657204549953462e-18	4.349003194343356e-19	2.978142751566843e-18
-3.883137006942811e-19	-1.3920234858592703e-18	-9.906531046232234e-19	2.072063282741529e-18	5.675925974962481e-19	-1.6476283338763746e-18	1.4204438479439302e-18	-3.825869870104735e-20
1.0034367424846165e-18	1.765467341634599e-18	6.432061760764367e-18	-6.101669866770192e-19	5.023252117686278e-18	2.8662829576677447e-19	3.4926318332766135e-18	2.339845678864265e-18
-1.593488125469397e-19	-9.201291661279105e-19	-4.054674766416809e-18	1.956544028281906e-18	-3.521517887938319e-18	-1.0108019671704147e-18	-3.545350053093974e-20	1.038895812366042e-18
-6.909752391985262e-19	-1.386927074329411e-20	-9.328459775919588e-19	-1.22560596433191e-18	8.293922960569857e-19	-2.7441049032820513e-18	-1.5896783945277595e-18	2.2097353848917115e-18
3.16282310711956e-19	-5.84037284537669e-20	5.867667986140578e-20	-8.246748042498028e-19	-9.301207160896656e-19	-3.102236907280294e-19	5.769660004294917e-19	-8.569950527350225e-19
-1.039336155068009e-18	-7.031471463972665e-19	-2.5039547911614748e-18	-1.5306061418510867e-18	-4.373904037648823e-19	-2.303447404063988e-18	-3.640879827873834e-18	6.072781616399995e-19
2.1939775147195122e-21	4.97136607289235e-19	7.400937390161871e-19	1.1512808843813446e-19	-1.4525131620764586e-19	-5.653999997558076e-19	1.5738830537859164e-19	6.378311410620635e-19
-1.6508985322141865e-19	-5.570229495004899e-20	-6.727241876797094e-19	1.1215092341383033e-20	-5.675719138011027e-19	-8.261697456339828e-19	-3.4301021700705155e-19	4.354208864898864e-19
2.3362877654000962e-20	7.773833351524784e-20	2.0671853996974843e-19	4.8380674099635244e-20	1.931024263690083e-20	9.825657475329313e-20	3.7494004145597365e-20	6.011561763093719e-22
0.0	0.0	0.0	0.0	0.0	0.0	0.0	0.0
0.0	0.0	0.0	0.0	0.0	0.0	0.0	0.0
0.0	0.0	0.0	0.0	0.0	0.0	0.0	0.0
0.0	0.0	0.0	0.0	0.0	0.0	0.0	0.0
0.0	0.0	0.0	0.0	0.0	0.0	0.0	0.0
0.0	0.0	0.0	0.0	0.0	0.0	0.0	0.0
0.0	0.0	0.0	0.0	0.0	0.0	0.0	0.0
0.0	0.0	0.0	0.0	0.0	0.0	0.0	0.0
0.0	0.0	0.0	0.0	0.0	0.0	0.0	0.0
0.0	0.0	0.0	0.0	0.0	0.0	0.0	0.0
0.0	0.0	0.0	0.0	0.0	0.0	0.0	0.0
0.0	0.0	0.0	0.0	0.0	0.0	0.0	0.0
0.0	0.0	0.0	0.0	0.0	0.0	0.0	0.0
0.0	0.0	0.0	0.0	0.0	0.0	0.0	0.0
0.0	0.0	0.0	0.0	0.0	0.0	0.0	0.0
0.0	0.0	0.0	0.0	0.0	0.0	0.0	0.0
0.0	0.0	0.0	0.0	0.0	0.0	0.0	0.0
0.0	0.0	0.0	0.0	0.0	0.0	0.0	0.0
0.0	0.0	0.0	0.0	0.0	0.0	0.0	0.0
0.0	0.0	0.0	0.0	0.0	0.0	0.0	0.0
0.0	0.0	0.0	0.0	0.0	0.0	0.0	0.0
0.0	0.0	0.0	0.0	0.0	0.0	0.0	0.0
0.0	0.0	0.0	0.0	0.0	0.0	0.0	0.0
0.0	0.0	0.0	0.0	0.0	0.0	0.0	0.0
0.0	0.0	0.0	0.0	0.0	0.0	0.0	0.0
0.0	0.0	0.0	0.0	0.0	0.0	0.0	0.0
0.0	0.0	0.0	0.0	0.0	0.0	0.0	0.0
0.0	0.0	0.0	0.0	0.0	0.0	0.0	0.0
0.0	0.0	0.0	0.0	0.0	0.0	0.0	0.0
0.0	0.0	0.0	0.0	0.0	0.0	0.0	0.0
0.0	0.0	0.0	0.0	0.0	0.0	0.0	0.0
0.0	0.0	0.0	0.0	0.0	0.0	0.0	0.0
0.0	0.0	0.0	0.0	0.0	0.0	0.0	0.0
0.0	0.0	0.0	0.0	0.0	0.0	0.0	0.0
0.0	0.0	0.0	0.0	0.0	0.0	0.0	0.0
0.0	0.0	0.0	0.0	0.0	0.0	0.0	0.0
0.0	0.0	0.0	0.0	0.0	0.0	0.0	0.0
0.0	0.0	0.0	0.0	0.0	0.0	0.0	0.0
0.0	0.0	0.0	0.0	0.0	0.0	0.0	0.0
0.0	0.0	0.0	0.0	0.0	0.0	0.0	0.0
0.0	0.0	0.0	0.0	0.0	0.0	0.0	0.0
0.0	0.0	0.0	0.0	0.0	0.0	0.0	0.0
0.0	0.0	0.0	0.0	0.0	0.0	0.0	0.0
0.0	0.0	0.0	0.0	0.0	0.0	0.0	0.0
0.0	0.0	0.0	0.0	0.0	0.0	0.0	0.0
0.0	0.0	0.0	0.0	0.0	0.0	0.0	0.0
-0.005328201899980792	-0.0024913382352367746	0.014134710686455615	-0.0408196912712972	0.01068240167133754	-0.004905896999584524	-0.0563480995157238	0.001511923825543674
-0.005333430753348875	-0.002493783120503306	0.014148581844299716	-0.04085974984719108	0.010692884891194254	-0.004910711422260561	-0.05640339696042823	0.0015134075583555847
0.0	0.0	0.0	0.0	0.0	0.0	0.0	0.0
0.0	0.0	0.0	0.0	0.0	0.0	0.0	0.0
0.0	0.0	0.0	0.0	0.0	0.0	0.0	0.0
0.0	0.0	0.0	0.0	0.0	0.0	0.0	0.0
0.0	0.0	0.0	0.0	0.0	0.0	0.0	0.0
0.0	0.0	0.0	0.0	0.0	0.0	0.0	0.0
0.0	0.0	0.0	0.0	0.0	0.0	0.0	0.0
0.0	0.0	0.0	0.0	0.0	0.0	0.0	0.0
0.0	0.0	0.0	0.0	0.0	0.0	0.0	0.0
0.0	0.0	0.0	0.0	0.0	0.0	0.0	0.0
0.0	0.0	0.0	0.0	0.0	0.0	0.0	0.0
0.0	0.0	0.0	0.0	0.0	0.0	0.0	0.0
0.0	0.0	0.0	0.0	0.0	0.0	0.0	0.0
0.0	0.0	0.0	0.0	0.0	0.0	0.0	0.0
0.0	0.0	0.0	0.0	0.0	0.0	0.0	0.0
0.0	0.0	0.0	0.0	0.0	0.0	0.0	0.0
0.0	0.0	0.0	0.0	0.0	0.0	0.0	0.0
0.0	0.0	0.0	0.0	0.0	0.0	0.0	0.0
0.0	0.0	0.0	0.0	0.0	0.0	0.0	0.0
0.0	0.0	0.0	0.0	0.0	0.0	0.0	0.0
0.0	0.0	0.0	0.0	0.0	0.0	0.0	0.0
0.0	0.0	0.0	0.0	0.0	0.0	0.0	0.0
0.0	0.0	0.0	0.0	0.0	0.0	0.0	0.0
0.0	0.0	0.0	0.0	0.0	0.0	0.0	0.0
0.0	0.0	0.0	0.0	0.0	0.0	0.0	0.0
-0.005328201899980792	-0.0024913382352367746	0.014134710686455615	-0.0408196912712972	0.01068240167133754	-0.004905896999584524	-0.0563480995157238	0.001511923825543674
-0.005333430753348875	-0.002493783120503306	0.014148581844299716	-0.04085974984719108	0.010692884891194254	-0.004910711422260561	-0.05640339696042823	0.0015134075583555847
-0.005333430753348875	-0.002493783120503306	0.014148581844299716	-0.04085974984719108	0.010692884891194254	-0.004910711422260561	-0.05640339696042823	0.0015134075583555847
0.0	0.0	0.0	0.0	0.0	0.0	0.0	0.0
0.0	0.0	0.0	0.0	0.0	0.0	0.0	0.0
0.0	0.0	0.0	0.0	0.0	0.0	0.0	0.0
0.0	0.0	0.0	0.0	0.0	0.0	0.0	0.0
0.0	0.0	0.0	0.0	0.0	0.0	0.0	0.0
0.0	0.0	0.0	0.0	0.0	0.0	0.0	0.0
0.0	0.0	0.0	0.0	0.0	0.0	0.0	0.0
0.0	0.0	0.0	0.0	0.0	0.0	0.0	0.0
0.0	0.0	0.0	0.0	0.0	0.0	0.0	0.0
0.0	0.0	0.0	0.0	0.0	0.0	0.0	0.0
0.0	0.0	0.0	0.0	0.0	0.0	0.0	0.0
0.0	0.0	0.0	0.0	0.0	0.0	0.0	0.0
0.0	0.0	0.0	0.0	0.0	0.0	0.0	0.0
0.0	0.0	0.0	0.0	0.0	0.0	0.0	0.0
0.0	0.0	0.0	0.0	0.0	0.0	0.0	0.0
0.0	0.0	0.0	0.0	0.0	0.0	0.0	0.0
-0.0002288467514210066	-2.4913388635216243e-6	-0.0007061684856220399	-0.0005325686451587574	0.0005636178503148672	0.0010201986930989304	-0.0017089267517340341	0.0010005464944736727
-0.0009153870056840264	-9.965355454086497e-6	-0.0028246739424881598	-0.00213027458063503	0.002254471401259469	0.004080794772395722	-0.0068357070069361365	0.004002185977894691
-0.0009153870056840264	-9.965355454086497e-6	-0.0028246739424881598	-0.00213027458063503	0.002254471401259469	0.004080794772395722	-0.0068357070069361365	0.004002185977894691
0.0	0.0	0.0	0.0	0.0	0.0	0.0	0.0
0.0	0.0	0.0	0.0	0.0	0.0	0.0	0.0
0.0	0.0	0.0	0.0	0.0	0.0	0.0	0.0
0.0	0.0	0.0	0.0	0.0	0.0	0.0	0.0
0.0	0.0	0.0	0.0	0.0	0.0	0.0	0.0
-0.0055549222460219245	-0.0029392252933452268	0.013033532932232948	-0.041280102488446595	0.011648196414814384	-0.0018064849815098904	-0.05709823579007949	0.0027386808302657223
-0.006240312137513413	-0.004285331352937116	0.009743870827409025	-0.04270139471578865	0.014556063865101622	0.007486936650037983	-0.059403942057850996	0.006420435577243776
-0.01051124943901118	-0.007818590332942249	0.030169662166763186	-0.03912002390285959	0.023575087365520452	-0.007584475472945636	-0.04672073112759551	0.005775056919307713
-0.012246225333144048	-0.009602818927131563	0.03553798227314506	-0.03853707908399777	0.027891636884371754	-0.008480396411116588	-0.04347627765582242	0.007203044139287569
-0.006553600373038992	-0.006739644752418923	0.020277990472807417	0.0022019829758288044	0.016305091403661046	-0.0033842013681378213	0.012255416086658068	0.005393998619348098
0.0	0.0	0.0	0.0	0.0	0.0	0.0	0.0
0.0	0.0	0.0	0.0	0.0	0.0	0.0	0.0
0.0	0.0	0.0	0.0	0.0	0.0	0.0	0.0
0.0	0.0	0.0	0.0	0.0	0.0	0.0	0.0
0.0	0.0	0.0	0.0	0.0	0.0	0.0	0.0
0.0	0.0	0.0	0.0	0.0	0.0	0.0	0.0
0.0	0.0	0.0	0.0	0.0	0.0	0.0	0.0
0.0	0.0	0.0	0.0	0.0	0.0	0.0	0.0
0.0	0.0	0.0	0.0	0.0	0.0	0.0	0.0
0.0	0.0	0.0	0.0	0.0	0.0	0.0	0.0
0.0	0.0	0.0	0.0	0.0	0.0	0.0	0.0
0.0	0.0	0.0	0.0	0.0	0.0	0.0	0.0
0.0	0.0	0.0	0.0	0.0	0.0	0.0	0.0
-0.005333430753348875	-0.002493783120503306	0.014148581844299716	-0.04085974984719108	0.010692884891194254	-0.004910711422260561	-0.05640339696042823	0.0015134075583555847
-0.006248817759032901	-0.002503748475957392	0.011323907901811557	-0.04299002442782613	0.012947356292453721	-0.0008299166498648407	-0.06323910396736439	0.005515593536250272
0.0	0.0	0.0	0.0	0.0	0.0	0.0	0.0
-0.0034898688461018784	0.02342082783123237	-0.007983601452283946	0.01562787522234886	0.014791571390784476	0.0020513970157422664	-0.039659125881579965	0.003321531151753982
0.0	0.0	0.0	0.0	0.0	0.0	0.0	0.0
0.0	0.0	0.0	0.0	0.0	0.0	0.0	0.0
0.0	0.0	0.0	0.0	0.0	0.0	0.0	0.0
0.0	0.0	0.0	0.0	0.0	0.0	0.0	0.0
0.0	0.0	0.0	0.0	0.0	0.0	0.0	0.0
-0.005328201899980792	-0.0024913382352367746	0.014134710686455615	-0.0408196912712972	0.01068240167133754	-0.004905896999584524	-0.0563480995157238	0.001511923825543674
-0.006240312137513413	-0.004285331352937116	0.009743870827409025	-0.04270139471578865	0.014556063865101622	0.007486936650037983	-0.059403942057850996	0.006420435577243776
-0.005333430753348875	-0.002493783120503306	0.014148581844299716	-0.04085974984719108	0.010692884891194254	-0.004910711422260561	-0.05640339696042823	0.0015134075583555847
-0.012246225333144048	-0.009602818927131563	0.03553798227314506	-0.03853707908399777	0.027891636884371754	-0.008480396411116588	-0.04347627765582242	0.007203044139287569
-0.012246225333144048	-0.009602818927131563	0.03553798227314506	-0.03853707908399777	0.027891636884371754	-0.008480396411116588	-0.04347627765582242	0.007203044139287569
0.0	0.0	0.0	0.0	0.0	0.0	0.0	0.0
0.0	0.0	0.0	0.0	0.0	0.0	0.0	0.0
0.0	0.0	0.0	0.0	0.0	0.0	0.0	0.0
0.0	0.0	0.0	0.0	0.0	0.0	0.0	0.0
0.0	0.0	0.0	0.0	0.0	0.0	0.0	0.0
0.0	0.0	0.0	0.0	0.0	0.0	0.0	0.0
0.0	0.0	0.0	0.0	0.0	0.0	0.0	0.0
0.0	0.0	0.0	0.0	0.0	0.0	0.0	0.0
0.0	0.0	0.0	0.0	0.0	0.0	0.0	0.0
0.0	0.0	0.0	0.0	0.0	0.0	0.0	0.0
0.0	0.0	0.0	0.0	0.0	0.0	0.0	0.0
0.0	0.0	0.0	0.0	0.0	0.0	0.0	0.0
0.0	0.0	0.0	0.0	0.0	0.0	0.0	0.0
-0.006877382797818784	-0.0020236999944314347	0.014268105619095105	-0.04408313942263462	0.007015096989445831	-0.011699764515989659	-0.055435844211767414	0.008215002959916885
-0.016962755803056798	0.007092001031193714	0.01455076152553313	-0.04973888995930239	-0.01900046523454273	-0.053976185606994936	-0.06636912010821334	0.042379900886088825
-0.023651683255394414	0.03452706042538615	0.004374520610667048	-0.036658313290343185	0.0029788885360081336	-0.06081325190159946	-0.11649403668272383	0.04673381183515859
-0.03049038693971233	0.08415002009898878	-0.016638741813227942	-0.06366230878557075	0.039383736999721926	-0.06247846994783743	-0.07034803465465936	0.010951051520622227
-0.011273819147738133	0.02305678816769141	-0.009555964709645365	-0.00076075108290032	0.013867592446343129	-0.02911660326935242	-0.04984944217335938	0.030066468694220864
-0.005049190354784475	0.02116159137572546	-0.010037839216498572	0.012234732574819952	0.028695037734943248	-0.0017457172917207356	-0.05375024771948194	0.0030481789457161355
0.0	0.0	0.0	0.0	0.0	0.0	0.0	0.0
0.0	0.0	0.0	0.0	0.0	0.0	0.0	0.0
0.0	0.0	0.0	0.0	0.0	0.0	0.0	0.0
-0.005328201899980792	-0.0024913382352367746	0.014134710686455615	-0.0408196912712972	0.01068240167133754	-0.004905896999584524	-0.0563480995157238	0.001511923825543674
-0.007791714934826651	-0.0030646223610362794	0.012447242975858485	-0.04394645803884387	0.014450334255285652	0.008464962710889826	-0.06564616099117623	-0.0030110931115053035
-0.012494979538754086	0.0006361041061623741	0.020642841539342593	-0.04772101759688728	0.014129802197269692	0.011429966616831802	-0.0845702001961581	-0.03160390931600209
-0.017191271839602947	-0.0058099373455579965	0.035347368559177944	-0.019029023734983032	0.023285570142065955	0.0066564104238905734	-0.04370243332585993	-0.030018054185979668
-0.03386628436070452	-0.022311958811960794	0.044421909054993484	-0.03825573161029633	0.05274076129808945	0.06058304872077536	-0.08589911109071001	0.037986120816294315
-0.018427629632176815	-0.0012551530383901645	0.03540679178479557	0.01356409882419397	0.03713028597089241	-0.0028517515596929166	-0.05058754196074581	0.019701397889618735
-0.005827108904259433	0.01212670268198589	-0.006374359529817944	0.044557166544358824	0.01314225077737806	-0.012602576285828896	-0.028595388632097065	0.013704534063289711
-0.005276922472128065	0.008382901265257856	-0.005020963094676504	0.042916863681838266	0.013654023781054483	-0.017372330939947812	-0.026643401154866197	0.009472711694191104
0.0	0.0	0.0	0.0	0.0	0.0	0.0	0.0
0.0	0.0	0.0	0.0	0.0	0.0	0.0	0.0
0.0	0.0	0.0	0.0	0.0	0.0	0.0	0.0
0.0	0.0	0.0	0.0	0.0	0.0	0.0	0.0
0.0	0.0	0.0	0.0	0.0	0.0	0.0	0.0
0.0	0.0	0.0	0.0	0.0	0.0	0.0	0.0
0.0	0.0	0.0	0.0	0.0	0.0	0.0	0.0
0.0	0.0	0.0	0.0	0.0	0.0	0.0	0.0
0.0	0.0	0.0	0.0	0.0	0.0	0.0	0.0
0.0	0.0	0.0	0.0	0.0	0.0	0.0	0.0
-0.008283487812184886	0.021962546189348762	-0.013468612331547381	-0.01571733645994353	-0.0024531938191371064	-0.025562404956310403	0.006767280181152072	0.03914302017339185
-0.04241465263393203	0.07200720010406454	-0.015108601035302335	-0.0048747921581614485	-0.0032421287742626878	-0.1070413721083237	-0.17095606768592364	0.0626889883529185
-0.07071485004880312	0.08676885730625868	-0.0068994116242761215	-0.020275411585758237	0.057607975016493056	-0.16649633569962233	-0.1448670815882085	0.01834280094852769
-0.06076610231429069	0.06714392337687206	0.002110242764837768	-0.05949956048581791	0.10419918637070313	-0.12872424568762858	-0.04280041015986552	-0.059078581188219244
-0.04709218656861433	0.07021874333627744	-0.020996942173777754	-0.012446110159821333	0.07365228054157412	-0.12567613487239485	0.02294074037324126	0.0034179782921071717
-0.028965553040131528	0.045200296397259386	-0.018252566692669763	0.017272165367456634	0.04666312646149801	-0.08338556570993251	0.0060081730205761505	0.03267190960236953
-0.003449620040713507	-0.0035475482607818755	0.010673730215252152	0.0011590582535331857	0.008582514476031824	-0.0017813428034710657	0.006450886006681271	0.00283924021571913
0.0	0.0	0.0	0.0	0.0	0.0	0.0	0.0
0.0	0.0	0.0	0.0	0.0	0.0	0.0	0.0
-0.005328201899980792	-0.0024913382352367746	0.014134710686455615	-0.0408196912712972	0.01068240167133754	-0.004905896999584524	-0.0563480995157238	0.001511923825543674
-0.006240312137513413	-0.004285331352937116	0.009743870827409025	-0.04270139471578865	0.014556063865101622	0.007486936650037983	-0.059403942057850996	0.006420435577243776
-0.012503485160273574	0.0024176869831420956	0.02222287861374512	-0.04800964730892472	0.0125210946246218	0.0031131133169289807	-0.0884053621056715	-0.032508751356995616
-0.02382985419606642	-0.016226940690819956	0.02525086336445173	0.004322607252899807	0.03864886108917214	0.07071432429681092	-0.047730031780742775	-0.0010806479555301215
-0.05071191941824484	-0.021185498747422996	0.06804884306080809	-0.007572113686860961	0.07810565305021072	0.020294578955700533	-0.13585735926434517	0.029589699244683368
-0.07013716107580702	-0.0364735353244582	0.07972137313135583	-0.02359547983857636	0.10112174901774076	0.0204680791857292	-0.12922848227187775	0.017360512735461752
-0.06112799461822806	0.005713074466027423	0.0667472474884509	0.02954829108424532	0.007172526971848757	0.07148261658483704	0.01631169018451192	0.10800881043190597
-0.028481122584130134	0.056826109191990756	0.012773174672489949	0.07711952971707998	-0.007526324127163462	0.027467474297913335	-0.027985906455333116	0.04948093547812384
-0.011700999441727625	0.0520709794192999	-0.020128386222057867	0.045836896655210686	0.04976943399357648	-0.006691234431351048	-0.04566132393787479	-0.008498633212816895
0.0	0.0	0.0	0.0	0.0	0.0	0.0	0.0
0.0	0.0	0.0	0.0	0.0	0.0	0.0	0.0
0.0	0.0	0.0	0.0	0.0	0.0	0.0	0.0
0.0	0.0	0.0	0.0	0.0	0.0	0.0	0.0
0.0	0.0	0.0	0.0	0.0	0.0	0.0	0.0
0.0	0.0	0.0	0.0	0.0	0.0	0.0	0.0
0.0	0.0	0.0	0.0	0.0	0.0	0.0	0.0
0.0	0.0	0.0	0.0	0.0	0.0	0.0	0.0
0.0	0.0	0.0	0.0	0.0	0.0	0.0	0.0
-0.00665766977040144	0.03299074015434658	-0.022335939473044398	0.02807392182380007	0.02659445842905226	-0.01046326112339565	-0.01586314556711597	0.023225208653399446
-0.04250692245639535	0.07502699598293276	-0.015582551969062892	0.008364368887636253	-0.022119407666444074	-0.11853668176544344	-0.14532200409149357	0.08702331942874832
-0.071492883364202	0.10222922511803113	0.00121160542631054	-0.028556508481298364	0.024489628975933514	-0.14344231498190613	-0.13342778216438578	0.03683671607117135
-0.08419477268158793	0.11554716800462425	-0.003629749053468495	0.013392326582974292	0.11333408923918942	-0.11338113502676513	-0.0034597118861053855	-0.025210856874051106
-0.07498657831422303	0.01818404709458499	0.006230576424353075	-0.05137343450414376	0.087548944511555	-0.09692829296481024	0.08717635523624111	-0.16648182077914256
-0.05842121801229441	-0.05455252849567571	-0.016957461645771395	0.027013122590382653	0.01345461720089566	-0.01773688975566607	0.054872088727184375	-0.09893921544773399
-0.032383861295574703	-0.03845985931891693	0.014344144981338798	0.03710968458908436	0.022823679993861853	0.015405550913431921	0.04176129020862994	0.022328764529871002
-0.02432076610981161	-0.0311727477087895	0.013372604782765363	0.03357808417002475	0.023094102315328068	0.036122672584208045	0.03377601791465673	0.06422329390769323
-0.01703860255853933	-0.02311141740696423	-0.0019196094191383309	0.022561334026586003	0.005912332910088701	0.02464400066630855	0.02273051005866059	0.028174334759806848
-0.006009513300875716	-0.0024963673665608084	0.012002334071745394	-0.04237733863087957	0.01236277200242543	-0.0018404864976116885	-0.061419582326221474	0.004512079576152782
-0.0071556991431974346	-0.004295296708391201	0.006919196884920861	-0.044831669296423696	0.016810535266361084	0.011567731422433702	-0.06623964906478712	0.010422621555138463
-0.013188891879282134	0.0007229053011881805	0.028762122816679035	-0.04412317168453257	0.014690162260038482	0.005750224418617029	-0.08379767326945951	-0.02630808105148854
-0.029035747776396458	-0.02114067716334996	0.053720345487025575	0.0042666726181419005	0.057735429586938974	0.06512718761888511	-0.04176729887352118	0.012395478839218753
-0.038862447536893545	-0.03738243867680931	0.017440294622199495	0.05580050515758165	0.10780371025607859	0.01918706379805198	-0.028170890359526236	0.059326643679329556
-0.09975824948467456	-0.0729690176858767	0.023819822923956357	0.034088243327288034	0.13050037151744726	0.04171945353997562	-0.09050483023022453	-0.05884888811536819
-0.13104953828512006	-0.027793136612985873	0.05950040235818853	0.008734711105101442	0.010663317768800515	0.01591090584115587	-0.07595041676326968	0.0037989781094660557
-0.08431267414159949	0.018313159334081435	0.09893117481314535	0.03050318579910009	-0.03143013119558201	0.038412224897456916	0.03703734906627218	0.17284511402079433
-0.03349751882174188	0.08725581538587246	-0.010521341355641735	0.06777739465485332	0.009901741605980095	-0.024748214940552037	-0.02706584753132387	0.04118619039971034
-0.012448085655868194	0.057231275716434465	-0.02194220062835054	0.04260132052833173	0.05519875098329486	-0.004494004633076778	-0.0404058145707218	-0.01392006669448231
0.0	0.0	0.0	0.0	0.0	0.0	0.0	0.0
0.0	0.0	0.0	0.0	0.0	0.0	0.0	0.0
0.0	0.0	0.0	0.0	0.0	0.0	0.0	0.0
0.0	0.0	0.0	0.0	0.0	0.0	0.0	0.0
0.0	0.0	0.0	0.0	0.0	0.0	0.0	0.0
0.0	0.0	0.0	0.0	0.0	0.0	0.0	0.0
0.0	0.0	0.0	0.0	0.0	0.0	0.0	0.0
0.0	0.0	0.0	0.0	0.0	0.0	0.0	0.0
-0.0027568859003579407	0.026793968037189066	-0.018624364790026667	-0.003650897043106336	0.016501189860554846	0.0023786384257326295	0.003832074519391749	0.01622283157140838
-0.016066726171873824	0.06151411631539506	-0.029528326374130453	0.07149940765318222	0.03943604219942913	-0.0327705806566955	-0.06345244799921201	0.023648546941448804
-0.0711753591265973	0.1293037791871739	-0.0005031307623351525	-0.0026531367924417884	-0.03438656380546803	-0.1376550083658336	-0.1294529557547555	0.12671346432693414
-0.10346009222018065	0.07460402049350177	0.0657098516819463	-0.09031691114815259	0.057613165042212706	-0.09814878938294724	0.023801111042721736	-0.04219422049093263
-0.09590157962525439	0.013128292894140322	0.05082765451650865	-0.059444288455211394	0.04271719736622934	0.017010272272265994	0.1734737926790877	-0.14794074761136233
-0.08981360849831083	-0.020542337580670637	-0.0042394324577799715	0.006989820570979444	-0.06748198855629352	0.18913456041607074	0.10930592500042452	-0.037509970796052096
-0.07428999805060492	-0.069480785164059	-0.004648930819825869	0.03561114925209458	-0.025902315964506168	0.1650661730411691	0.0583802337824423	0.021831746784063508
-0.030307564962131325	-0.04064025898256665	-0.03768111249153483	-0.0023777990924622153	-0.026788972632481516	0.09514406611174728	-0.015066221036794147	0.05042556744162246
-0.02175742763135353	-0.021921907249027213	-0.0101658345687075	0.00548641835604124	-0.008684670585729014	0.09473375791281399	-0.013689217540926906	0.07652640230140101
-0.013205351272963768	-0.016187897425670655	-0.015648876437335993	-0.01914587038579482	-0.0010794366152734602	0.021915217648407193	-0.038310391458757094	0.02844223752579148
-0.006240312137513413	-0.004285331352937116	0.009743870827409025	-0.04270139471578865	0.014556063865101622	0.007486936650037983	-0.059403942057850996	0.006420435577243776
-0.013438392957615751	-0.010678924096593915	0.03374851269247106	-0.04363953835706844	0.03626231485009048	0.03099783148498056	-0.0660438335182357	0.04559691083437794
-0.02814271319585726	-0.022602169976020225	0.041169129822623184	0.002650030664304126	0.05331109220151061	0.07456981368890861	-0.039778684406451326	0.020982271111253874
-0.06904437202684141	-0.05643087206114212	0.051273844111089574	0.11019746856978459	0.15009980009061114	0.07105679776952947	-0.019016716454789504	0.05751027401436563
-0.10104772294316902	-0.1094644885501537	-0.043257799892354	0.07945938191824238	0.12071671732585641	0.011021414091068122	0.02455654221988741	-0.027327769668940644
-0.13499784190482425	-0.11168274140638021	-0.14143635048303482	0.010269011033247469	-0.00041247636006821206	-0.06308874909963724	-0.10472627955143644	-0.10139179576770257
-0.14976583987688566	0.006225430293984403	0.05620310827955297	-0.05121538664441035	-0.020228115682095902	0.0029255442521875855	0.07561715071894594	-0.02051927627854835
-0.11060906749063026	0.09955588246418359	0.06855726453167563	0.025268507712655163	-0.02928295464175893	0.026142908948017587	0.1637801901499074	0.09760235367713323
-0.03841324164460995	0.12661297056013135	-0.034057541512707866	0.050443173295044635	0.03358076781392491	-0.03832916496143964	-0.0014039811206748626	0.03546903259831498
-0.013864368214188821	0.0709960200587173	-0.031510011544460925	0.04072576165819334	0.0636758328197273	-0.003272037443764031	-0.0384371802129144	-0.005585984606364071
0.0	0.0	0.0	0.0	0.0	0.0	0.0	0.0
0.0	0.0	0.0	0.0	0.0	0.0	0.0	0.0
0.0	0.0	0.0	0.0	0.0	0.0	0.0	0.0
0.0	0.0	0.0	0.0	0.0	0.0	0.0	0.0
0.0	0.0	0.0	0.0	0.0	0.0	0.0	0.0
0.0	0.0	0.0	0.0	0.0	0.0	0.0	0.0
0.0	0.0	0.0	0.0	0.0	0.0	0.0	0.0
0.0	0.0	0.0	0.0	0.0	0.0	0.0	0.0
-0.01015271206959901	0.056419786515741324	-0.03032446343787281	0.04374387240019187	0.04139941611686342	-0.00842889580363816	-0.05554839242866342	0.02655602677684907
-0.03528559003061177	0.09500230926100109	-0.019453720580918987	0.07927158527181848	-0.03287149320317416	-0.06230286212479136	-0.05991225535275757	0.10286354417729025
-0.11414164181537306	0.03705115850854296	0.09170226015092106	-0.03040885546968409	-0.05168502940798362	-0.12408255164213496	0.05582552356914851	-0.033721449083673555
-0.11257970893741603	0.006313606069240675	0.06441629540248851	-0.12749130322564062	0.03803790108794812	0.009981126455660433	0.0867099006926914	-0.18471927608686753
-0.09512050625208818	-0.05803946032023333	-0.02339166014102831	0.0013624496069374607	0.05438578274598639	0.17615421445531576	0.13833192248592238	-0.06252056624328244
-0.07222712792988065	-0.08117766931752929	-0.0812511463714741	0.02395556425156845	-0.05238409982431864	0.15420051652505065	0.06255287041641491	0.06699773872851086
-0.04163781605858799	-0.03248071981309956	-0.047246431924712236	-0.01018525333513633	-0.05292583039439701	0.11025987430333573	0.03801387506009694	0.11100004980989336
-0.01670980695446136	-0.01539868143418948	-0.04623701199775394	-0.021394270747718217	-0.02823020554448014	0.06816104772999904	-0.017485429597266035	0.03520423488434549
-0.008108839161140576	-0.0025063392144363066	-0.006872583310322877	-0.0371271483209239	-0.008745527066786916	0.058746310098349484	-0.03131015278810385	0.025016574964367957
-0.013260590362865504	-0.003914315255817789	0.007900086150292952	-0.07427360206084777	0.007403566230642323	0.0545160676307224	-0.07924550778852027	0.025540449653444267
-0.013777082103143773	-0.010634661705524585	0.046603648496543276	-0.04164011439725445	0.03512981208788032	0.0281354498653344	-0.067535411107471	0.038531749134365516
-0.030420251624617	-0.04201740390794918	0.03639353022385863	0.013001997133889477	0.10570220128916662	0.04950882902933455	0.013565345783388288	0.0738703890479634
-0.076825335488843	-0.07445089688615973	0.03810859396014911	0.09799183541655596	0.19427286147467115	0.03148365969033558	-0.02416026211360132	0.0612893988626804
-0.10667222030815324	-0.11765931611898166	-0.0888075887608481	0.10112616435033345	0.14076405517054963	-0.019881707020117087	-0.010539093420524144	-0.10373179819347508
-0.12052310915295657	-0.10656649532693853	-0.17162434466710982	0.0749811856919815	-0.019192122688165416	-0.0780616993775825	0.02743365081732388	-0.0775105715664985
-0.13133786856941718	-0.018447032025506183	-0.1587934222339726	-0.1281537891156226	-0.06809902568364137	-0.05973170410183408	0.025624666799062997	0.050255259481448745
-0.14881293653702188	0.06399250471359114	0.07479491991221172	-0.08465604615179807	0.0005277766700716344	0.01336462359287826	0.06958144590097197	-0.028290505417649308
-0.10424999168793865	0.11192553472060775	0.06410600241783353	0.09942191987442806	0.026193606308912806	-0.041192641444975184	0.10629157204770259	0.10226047256494512
-0.02848779995113192	0.12619672451426964	-0.049517945572636	0.030482128901554044	0.04574921766100568	-0.04083325625026442	-0.018683764409114914	0.025171265721488548
-0.01375063809084617	0.10277199239567908	-0.049333616595690924	-0.017484137677848573	0.07137716674781429	0.0050279142823991315	0.011495323033375386	-0.018325362393903363
0.0	0.0	0.0	0.0	0.0	0.0	0.0	0.0
0.0	0.0	0.0	0.0	0.0	0.0	0.0	0.0
0.0	0.0	0.0	0.0	0.0	0.0	0.0	0.0
0.0	0.0	0.0	0.0	0.0	0.0	0.0	0.0
0.0	0.0	0.0	0.0	0.0	0.0	0.0	0.0
0.0	0.0	0.0	0.0	0.0	0.0	0.0	0.0
0.0	0.0	0.0	0.0	0.0	0.0	0.0	0.0
0.0	0.0	0.0	0.0	0.0	0.0	0.0	0.0
-0.011523677218587876	0.0585976971336793	-0.031628929336987126	0.0548938418610808	0.04494678503239383	-0.01294229549847292	-0.0624704525170544	0.029017074417353454
-0.042145328801691945	0.1250869673628301	-0.026854946403126377	0.06388334097122761	-0.028871023222908083	-0.07056308742180031	-0.0296645393785385	0.09087536823896167
-0.1259547572905562	0.04645514312032035	0.0979416579573465	-0.08121363610392739	-0.014165111544698622	-0.11225908022017994	0.10585801310689472	-0.07756059377968985
-0.11737116787280641	-0.047324233181487894	0.06199722390869262	-0.09943055497317972	0.059845852297553175	0.026182780437944513	0.016334034625717524	-0.19511793052979584
-0.055553420735409725	-0.09789207657882296	-0.1328755969449436	-0.002112645294397511	0.06523468677837628	0.1383833393284263	0.00785245347489757	0.11787307909499724
-0.03307430643170442	-0.06673821109257025	-0.11906076254790168	0.03263909526119365	0.030840303252655247	0.05336421436792383	-0.01893013513478104	0.06850752930434025
-0.008007908949285523	-0.018942729253335674	-0.05211160733075153	0.005124446836971222	0.00915013643534431	-0.00509614359584864	-0.01791478247676879	0.007637116901545019
-0.007156321765845404	-0.010860589115237313	-0.033631306336735334	-0.007484726753363995	2.4332086843038142e-5	0.015459017786585292	-0.03799194618291217	-0.0013272448600767084
-0.02173209747621431	-0.01687753622225577	0.007642508800172934	-0.06795985389047757	0.03770510356141964	0.031025949823002462	-0.09441702260931967	0.01392700209611198
-0.029353029473975504	-0.024559768714819533	0.06582017053878633	-0.061316379229036495	0.08743607054059997	0.04982675416416052	-0.07012486081494997	0.07697234333968364
-0.04560069798785861	-0.05868376250779254	0.0520086574379543	0.0360524664167805	0.14906222345554174	0.03531137093320767	0.0226611722696408	0.09645197178939309
-0.08808609513751113	-0.08604100802101193	0.006102975084330963	0.09824373024432992	0.16188626584383706	-0.015327824071731846	-0.02738243953835311	-0.026646298698409426
-0.11295468955486854	-0.11373186972467123	-0.09385556518153303	0.10753365382233805	0.07249839543138391	-0.038133778511405675	0.019356121804767062	-0.15812219420406104
-0.10652544276146725	-0.07891153426957763	-0.16060698331303092	0.09332321464732056	-0.06440110817270783	-0.07207035199094139	-0.0016371477493103577	-0.08814572972740786
-0.09870672653417266	0.003627403727339923	-0.20565413619232753	-0.034537232012190985	-0.11615017075594113	-0.0672704535714392	0.05894732950093219	0.04595381055716962
-0.10561433331952723	0.058261146987916415	-0.11976405259279524	-0.1748509896641506	-0.07498245779172823	0.016205850062614574	0.018642532544307425	0.029498001896592994
-0.13203039696466332	-0.0035445558028663485	0.11840559171505194	-0.07903497761900084	0.017404447251563294	0.04114235340705305	0.04694535532917834	-0.09806628624257598
-0.09672834421666321	0.06871776005391879	0.08961022891674923	0.11768934098588985	0.01744736723304574	-0.027399570183656692	0.0758529878096038	0.10832081919638163
-0.02541727196394937	0.12217982241494689	-0.052832545969181174	0.03277191685381363	0.059791011134291784	-0.04140307960004943	-0.026676242927335028	0.008391217151023058
-0.01375063809084617	0.10277199239567908	-0.049333616595690924	-0.017484137677848573	0.07137716674781429	0.0050279142823991315	0.011495323033375386	-0.018325362393903363
0.0	0.0	0.0	0.0	0.0	0.0	0.0	0.0
0.0	0.0	0.0	0.0	0.0	0.0	0.0	0.0
0.0	0.0	0.0	0.0	0.0	0.0	0.0	0.0
0.0	0.0	0.0	0.0	0.0	0.0	0.0	0.0
0.0	0.0	0.0	0.0	0.0	0.0	0.0	0.0
0.0	0.0	0.0	0.0	0.0	0.0	0.0	0.0
0.0	0.0	0.0	0.0	0.0	0.0	0.0	0.0
-0.0013784429501789703	0.013396984018594533	-0.009312182395013333	-0.001825448521553168	0.008250594930277423	0.0011893192128663147	0.0019160372596958746	0.00811141578570419
-0.011523677218587876	0.0585976971336793	-0.031628929336987126	0.0548938418610808	0.04494678503239383	-0.01294229549847292	-0.0624704525170544	0.029017074417353454
-0.05553865687185915	0.07094287356121226	0.029897919753221265	0.08976249452390321	-0.0586149979781417	-0.05991239030411253	0.03132036791408515	0.02266510801860322
-0.1229677145694119	0.052434147149658716	0.08289466236004174	-0.10157994307277661	-0.07132586836729496	-0.04986751207187404	0.08218801212869001	-0.08322664282123997
-0.10784223231498477	-0.03705386687686893	0.035845466953596014	-0.11156477770972109	0.02261476374141431	0.07617409879421815	-0.012001105521762595	-0.05822565491180156
-0.05895521896529496	-0.0971268701953563	-0.11954973326820491	0.03146127403735379	0.07690017023959468	0.019945344930021435	0.023636048895174698	0.15263840367649886
-0.02627034480901491	-0.05441977369335309	-0.09523279326557563	-0.018741390543589198	0.0986676895110729	-0.023160378347269892	-0.017267124022281102	0.04139759586409597
-0.024278205466637906	-0.03405800516717386	-0.029688411927102407	-0.04635292893034681	0.11605144841672366	-0.025081575555011844	-0.0708374067206158	0.017250358127710176
-0.02593092114485684	-0.03143754414761545	0.025053937553116024	-0.03809241872777911	0.11667302778549393	-0.004158980771966591	-0.05427266048708228	0.061967600518221116
-0.04805747856855745	-0.0611389594900541	0.06624672919676146	-0.06543783251503522	0.1732609756729139	-0.0236057921333669	-0.019424412856575916	0.051174875624863635
-0.06067729860379748	-0.09153090778985905	0.015070608427273084	0.007535951896169146	0.1789438763815451	-0.033761548944634776	0.07945131597544534	0.04118339261576292
-0.0893395841484938	-0.11451424001524578	-0.06520421622360976	0.08361272946377168	0.14442069538760585	-0.06232549504714918	0.04993088205514288	-0.04374624902527138
-0.11157398973943544	-0.08448452611470257	-0.0931613952277088	0.12559740277000608	-0.027256820509983373	-0.06756112903601155	0.01718843294347297	-0.1490515422689308
-0.097492396293427	-0.01603351737938055	-0.09848185120712796	0.020879324641814447	-0.11493740704566906	-0.1108892149658699	-0.007521951546743469	-0.13803337006834138
-0.07225723755492726	0.023986764434325295	-0.1324270704646313	-0.039931142638161395	-0.06552546098084547	-0.04827488249496642	0.0674494074713354	0.10176744497609323
-0.07942006614931826	0.04332947644642699	-0.2036688015566543	-0.09592353689647483	-0.03397362049587221	0.07509754559053776	0.06649708422426041	0.16214768436495816
-0.07852549126742987	-0.013751787887297365	-0.08461002204870409	-0.14795099720744323	-0.06286113546229895	0.046071867725388536	-0.04262997239188837	-0.08851179184432806
-0.13909873567730127	0.010790792428871038	0.12444213638017103	-0.0697793304824648	0.007169214463701013	0.03775038814332763	0.0189351900385038	-0.07269523045815403
-0.08756306038974636	0.046550492030532256	0.09991699760403783	0.13613630796362294	-0.011620997817588146	-0.01417939612217451	0.040912635084931225	0.13904920054514025
-0.023672337540898425	0.11046940849933068	-0.04884074524303919	0.024957979242639206	0.052395225438899545	-0.04242877810792057	-0.006846679986545032	0.00673045157514607
-0.013735647546615179	0.10266560161807023	-0.049279545954709916	-0.017431127102650455	0.07132488734040097	0.005068028203342298	0.011411300834737076	-0.018281615668759358
0.0	0.0	0.0	0.0	0.0	0.0	0.0	0.0
0.0	0.0	0.0	0.0	0.0	0.0	0.0	0.0
0.0	0.0	0.0	0.0	0.0	0.0	0.0	0.0
0.0	0.0	0.0	0.0	0.0	0.0	0.0	0.0
0.0	0.0	0.0	0.0	0.0	0.0	0.0	0.0
0.0	0.0	0.0	0.0	0.0	0.0	0.0	0.0
0.0	0.0	0.0	0.0	0.0	0.0	0.0	0.0
-0.0014811504579920272	0.014395190611462643	-0.010006031237991046	-0.001961462324855957	0.008865345104126716	0.001277935148935218	0.0020588008117128644	0.008715795749399473
-0.012246971034694461	0.06373105255757021	-0.03423783796977882	0.05233608140634256	0.047469266638741014	-0.014877792336405085	-0.05841638111348848	0.026906294762926105
-0.04937761278094822	0.09243931864980333	0.0017792921178208833	0.08877202402217159	0.026012167444974563	-0.059497478669737966	0.002778338734548811	-0.04611635374035826
-0.1078284993134349	0.045030349797880134	0.11328633772916429	-0.020706781903009952	-0.05101481254302636	0.08537616068471723	0.022757207100546295	-0.06159000949441852
-0.11569827759978518	-0.04216465713639776	0.07178224193097679	-0.08282383518404708	-0.06418629924284829	0.06923387255671194	0.0010456759084100785	0.007676550942185517
-0.08070442866136017	-0.08711861044174748	-0.09670774577140535	-0.07248275689977858	-0.024637669891077612	-0.06688730074369645	0.06700948346900598	0.11571309393258145
-0.08282224551942988	-0.07927180486262637	-0.0394206173814048	-0.1332351376073569	0.02301619748514189	-0.11543568160933233	0.06601564128520598	0.11037805736116793
-0.07301570008558936	-0.09747773596910485	-0.00826596263353211	-0.10913625788988096	0.13513087656712927	-0.07790158959227911	0.06926992427043155	0.1127978275296824
-0.0791947663213328	-0.1235514812520608	-0.025981544866809113	-0.09271997628529023	0.16247087146341163	-0.06981946063505771	0.0729807819398216	0.08906536955793559
-0.09506578266183792	-0.12181573123951958	-0.06476908077426936	0.0796374369776097	0.11587940213747981	-0.09436275306840472	0.11568468273079613	0.06402603665714536
-0.1086266506364665	-0.1125658203485659	-0.10152205075539307	0.08639771800378952	-0.0017539774144330837	-0.11520789688644592	0.07198163538159466	-0.024623498272675768
-0.1107129903415081	-0.062344320298220825	-0.09547451328649412	0.0944778515030323	-0.09330646941106692	-0.09146350177693222	-0.018479847921360364	-0.10213677319289975
-0.07867150686108565	0.016852358171561284	-0.08130346430494335	-0.02645908739664359	-0.1448111043572839	-0.09187157828005459	0.0075109476149447215	-0.10360785898585005
-0.0629459024555592	0.08110614082173269	-0.055843267700631145	-0.039761269253963734	-0.11023532257019389	0.01938918738724911	0.03272209569343677	0.07041772302651941
-0.05604623554351087	0.08760498144501436	-0.10211756485067536	-0.07631395677017926	-0.003665083184701569	0.14168501198801842	0.07075117109622701	0.1727102086784746
-0.0461240750475332	0.005415318763232924	-0.13310903305350635	-0.055734763401797095	0.013845885195452073	0.1507013954325379	0.03342214766648563	0.09390474355201306
-0.06693101037307747	-0.03371302271031599	-0.1037453016885527	-0.13091719467861165	0.02512866595854126	-0.008757640083908277	-0.1372891136113162	-0.08378062424598046
-0.13216856543046487	-0.006729897307014687	0.12505317323267706	-0.027280516145070512	-0.025465468382754205	0.03274705094651514	-0.03152718554581512	-0.03106843293558946
-0.09342354533525847	0.0271067692402151	0.10338051307879262	0.12392906448426655	-0.05415455708490874	-0.01992697747651579	0.09687648400460427	0.10716112932216314
-0.01665048064571942	0.09037609331845672	-0.03982798142222073	-0.02577282205037348	0.03134541596245281	-0.026082145675843868	0.03962628410911112	-0.004403025694922022
-0.013645704281229198	0.10202725695241703	-0.04895512210882377	-0.01711306365146178	0.07101121089592062	0.005308711729001249	0.010907167642907176	-0.018019135317895254
0.0	0.0	0.0	0.0	0.0	0.0	0.0	0.0
0.0	0.0	0.0	0.0	0.0	0.0	0.0	0.0
0.0	0.0	0.0	0.0	0.0	0.0	0.0	0.0
0.0	0.0	0.0	0.0	0.0	0.0	0.0	0.0
0.0	0.0	0.0	0.0	0.0	0.0	0.0	0.0
0.0	0.0	0.0	0.0	0.0	0.0	0.0	0.0
0.0	0.0	0.0	0.0	0.0	0.0	0.0	0.0
-0.0020379333045857243	0.01980652148785102	-0.013767422611658016	-0.0026988003655842073	0.012197938397722922	0.001758326837805843	0.002832729598170477	0.011992171583802383
-0.015346266225335985	0.0857273470409927	-0.04541694360897733	0.04137614437984507	0.05827803471741291	-0.023171345948677452	-0.041044790587215135	0.017861658840715135
-0.03082379429155275	0.09800376215421229	-0.027714153364378345	0.07599783070122959	0.06603879322524141	-0.029171194948555832	-0.01424362279714194	-0.027041305514944457
-0.08279121762434691	0.04965214681245816	0.07621206843405824	0.069308947381176	0.018089624689550006	0.0959404656563804	-0.07087220399087497	-0.08407964754449508
-0.10530444409220056	0.0037732034013929568	0.059886630065509955	0.04981182828077973	-0.065353335514511	0.10694001154204091	-0.07603840683197816	-0.072293105612248
-0.0888813649859902	-0.028740111344193686	0.006171631540898566	-0.1125294948432196	-0.12155552939647679	-0.04430331979007684	-0.07687604585647224	-0.01550985887048919
-0.10172733608861732	-0.06962356397710942	0.003490058602468732	-0.1036794833455801	-0.05808014812895616	-0.03240151341681995	-0.01164888235441301	0.15317401271753764
-0.10572764780151249	-0.06532701335287013	0.040055978093197546	-0.06666510329331772	-0.039910872544828856	-0.09353367232009616	0.022484044610963445	0.15218796831597453
-0.11417909162334963	-0.052749327990691944	0.00394070137292262	0.08009065503018431	-0.0805021862706955	-0.09145283845657096	0.040580067661679695	0.11589008234658749
-0.09631141527577194	-0.02609307517651831	-0.03909368751549966	0.08536832920817704	-0.14820519037837487	-0.06906783157318973	-2.8778429142813978e-5	0.06799362362383152
-0.09425616766196686	-0.018981477304990276	-0.08998834976648452	0.06566894864501868	-0.19808902909146586	-0.00543525207373099	-0.037517294642641225	-0.017089734969432117
-0.06542416847021905	0.049443828976554624	-0.03991991027379531	-0.062163026520013036	-0.15778034234310195	-0.0055936976624227815	-0.0019107554975938332	0.02161930652373359
-0.06573655985859764	0.13295451431297212	-0.03763466872780752	-0.09202766546517817	-0.08053586980553724	0.049974033085857614	0.04149998174246085	0.08017057722911354
-0.037837095231061185	0.1401652156671162	-0.028568159818752437	-0.05406077381071249	-0.002133613868102014	0.08841690862533409	0.03763332997934404	0.07136977816634178
-0.03497030766911032	0.05710831565915692	-0.04576147255280298	-0.0202676576294804	0.02019625804669252	0.13918288868331588	-0.018947730951843916	0.057259517308436404
-0.03256072128392747	-0.02719877224872793	-0.1354604992157588	-0.004222606933381691	0.04257262513620296	0.1031286586024178	-0.061100945188730056	0.09517388563339607
-0.055696268956640115	-0.054134524195346034	-0.12046049050800849	-0.07700240647639259	-0.0023940795254405334	0.0351972663058212	-0.15672033851925968	-0.03911883413668449
-0.13925865096310608	-0.030494897775989134	0.09606136505072702	-0.023417007436171134	-0.030460785121256502	0.06914602515804802	-0.047753297933866685	-0.03300284262260241
-0.09981001093624116	0.016509861700819427	0.11625615743472559	0.10951782522098445	-0.03141507538601722	-0.02735190371830277	0.09640046101105594	0.08867711413585859
-0.021578442524562945	0.08990699839702378	-0.042592096622285094	-0.020353468467084343	0.006877515936992012	-0.01822683489625634	0.049222300068629606	-0.036392717597086434
-0.013143520935568793	0.09846316509399353	-0.0471437552250447	-0.015337208979466319	0.06925985035026978	0.006652528385446543	0.008092423349989145	-0.016553619693113475
0.0	0.0	0.0	0.0	0.0	0.0	0.0	0.0
0.0	0.0	0.0	0.0	0.0	0.0	0.0	0.0
0.0	0.0	0.0	0.0	0.0	0.0	0.0	0.0
0.0	0.0	0.0	0.0	0.0	0.0	0.0	0.0
0.0	0.0	0.0	0.0	0.0	0.0	0.0	0.0
0.0	0.0	0.0	0.0	0.0	0.0	0.0	0.0
0.0	0.0	0.0	0.0	0.0	0.0	0.0	0.0
0.0	0.0	0.0	0.0	0.0	0.0	0.0	0.0
-0.015537691716872349	0.08773406582970457	-0.04637097823808348	0.009804850781640824	0.07023961913808432	-0.014395813673290951	0.024511047760089187	-0.012174181851466246
-0.019302653779039915	0.11302679436930095	-0.05503127790793813	0.026252877435249972	0.0847753040270306	-0.009959539330489223	-0.016124071860106247	-0.006736739515162956
-0.04930389454022685	0.019123548627065536	0.03410174105663952	0.11273254274021685	0.017844288888816773	0.13002175228664065	-0.02335518257826129	-0.00880195951446689
-0.07296412690084113	0.03053341473418824	0.06358335049028888	0.0766118783011504	-0.026736365819056408	0.10154389627656825	-0.11203184014398107	-0.062239905465046014
-0.06921221503746416	0.012548321354610658	0.021709396851321026	0.012252743837494594	-0.06936615105262306	0.020610663307908096	-0.1568676748734422	-0.05719417504415065
-0.0750443437347205	0.013388999332783999	-0.02749910304631619	0.12200101866188212	-0.08474951777861905	0.004724547964439579	-0.14233026943515426	-0.06578817917028798
-0.08446517286328077	0.012923868743145536	-0.0485692830138305	0.11955969602403815	-0.12248146319192764	0.02919260783468805	-0.13599765637911848	-0.04486961424400488
-0.08758588592948958	0.01969305448631774	-0.047449622404163644	0.1093673891897123	-0.15165660197156453	0.02583390101666771	-0.11965571730186786	-0.02579990207488125
-0.06837281211544347	0.035647841233013594	-0.04699684822070585	0.08148644569771844	-0.12366481083496582	0.06655662109901525	-0.0935562417645998	0.020740134627172793
-0.054973636810571574	0.12363433825530544	-0.03664639797633182	-0.03273836677047754	-0.053647294636960684	0.11094174764213541	-0.022750258927149665	0.026611471844402327
-0.05314317944016802	0.14760727952172908	-0.0328043242094095	-0.0514336152645433	-0.009909024234480849	0.12868423495810316	0.017026141652098706	-0.007295926144390471
-0.03363149620874914	0.12699441103484763	-0.027152057232194642	-0.05520233271847478	0.027095970358485957	0.07968410323285761	0.012852940133990243	0.01004617520056783
-0.026509176311907284	0.07205806638882915	-0.013293229576990495	-0.037179747269073	0.014186035999761062	0.08752158609329451	-0.00011900284874287863	0.04086517792697798
-0.011183424809707698	0.002449876659306395	-0.05558531303678122	0.018677375997367004	0.037287645653158466	0.014154278180805193	-0.03594435966777218	0.04263390945538139
-0.01991443056247591	-0.020542419011843775	-0.1133167576623329	0.006119618928538272	0.05116150671559191	-0.0016299321893468374	-0.03764944865495273	0.044414738738223956
-0.05159909549017282	-0.08637612389185248	-0.12397104222577027	-0.08975323640846194	-0.005936966334141378	0.043733200492125146	-0.0906257055654966	-0.019315276995294478
-0.13677530733916168	-0.035650293805515584	0.11867752636582127	-0.03972175738628659	-0.039527825178731706	0.04192394302384185	-0.02124913103552453	0.002221855890818705
-0.10994108724368681	0.018365174342173825	0.12115476560065065	0.09541046176342784	-0.0527623682112589	-0.04393126144917789	0.06772434247293434	0.06180627633029916
-0.015574368472037402	0.07732213182702084	-0.04207526239549376	-0.026561290089233403	0.0278283996830477	0.007571810528881199	0.059165475554082574	-0.05348276379645193
-0.013154763900703057	0.09854295858146342	-0.0471843084112379	-0.015376967112294292	0.0692990601044809	0.006622442792314446	0.008155440318235126	-0.016586429903200132
0.0	0.0	0.0	0.0	0.0	0.0	0.0	0.0
0.0	0.0	0.0	0.0	0.0	0.0	0.0	0.0
0.0	0.0	0.0	0.0	0.0	0.0	0.0	0.0
0.0	0.0	0.0	0.0	0.0	0.0	0.0	0.0
0.0	0.0	0.0	0.0	0.0	0.0	0.0	0.0
0.0	0.0	0.0	0.0	0.0	0.0	0.0	0.0
0.0	0.0	0.0	0.0	0.0	0.0	0.0	0.0
0.0	0.0	0.0	0.0	0.0	0.0	0.0	0.0
-0.015537691716872349	0.08773406582970457	-0.04637097823808348	0.009804850781640824	0.07023961913808432	-0.014395813673290951	0.024511047760089187	-0.012174181851466246
-0.015537691716872349	0.08773406582970457	-0.04637097823808348	0.009804850781640824	0.07023961913808432	-0.014395813673290951	0.024511047760089187	-0.012174181851466246
-0.02765712071060796	0.021265687066463375	-0.02618340688354966	0.09578271175125651	0.0318268295494835	0.0663262679868015	-0.023870643415902486	-0.008910471930602267
-0.03576770348585704	0.010009228513810458	0.012738471459603296	0.1072061976953062	0.017105749303496162	0.12093821981063649	-0.016147440013747672	0.012094374909865563
-0.051928420546292056	0.03842466137714175	0.023095512059812664	0.14002218133752256	0.02888656494245968	0.11467212920622122	-0.07704010235770124	-0.02963161686954472
-0.048645141813434274	0.04778142695319636	-0.0032346553674630803	0.12591180223902565	-0.01473335317854683	0.09575845042146666	-0.07115313095153895	-0.09319437851733199
-0.04921058617495717	0.03975160507711221	-0.029432702466518343	0.11533581431130512	-0.014418230127197573	0.11353067415804897	-0.08874732451937607	-0.09782074660257796
-0.045180930734943496	0.06948059772317466	-0.05501759173980036	0.024830695566905592	-0.0050366536676678805	0.14819857083538873	-0.05602502786917568	-0.07047946413613418
-0.04036710115737489	0.12536824087920606	-0.06082441709572136	-0.02760834844600052	0.04353938982883044	0.10788094926640733	-0.00916107039927581	-0.08533227313460255
-0.03353406062250581	0.12208837560492881	-0.03567141375224382	-0.013715898969700801	0.0551832789903556	0.05942406879376563	0.0065169950584621225	-0.10214903751196763
-0.02564347376057615	0.12080640162387891	-0.02865025274748629	-0.024866036335126334	0.0621435904323433	0.039314630718767535	0.00331887684837668	-0.05517695993907928
-0.004505905176279631	0.03078107388057439	-0.010695027787184548	-0.004143626170717118	0.027460652553984163	0.009145895476217717	-0.00040702859149673005	-0.018374966579443562
-0.0008704900773793013	-0.0014477203708233328	-0.00541713099581006	-0.0037620702538950107	0.0007671836752365258	0.011032688830703064	-0.0003714523939931353	0.007756771872464731
-0.0031299606464261294	-0.007607653904742811	-0.01842278042028781	-0.000312122464296153	0.006660702783035129	0.009091778506789053	-0.008402605287849219	0.003992721036110196
-0.015523591420965108	-0.03886464099608759	-0.09647808764546467	-0.018056754507126713	0.025388403850266375	-0.001131416003438239	-0.0009976088109480159	0.024746047466319004
-0.04872830148778776	-0.06689077545649849	-0.1069358394928862	-0.08556136444622912	-0.020012083092490893	0.0619606124774691	-0.0708410348758177	0.024135904961693246
-0.13960635714712918	-0.03640167513534824	0.1143895002494044	-0.030962433441206916	-0.05657396072178864	0.047650766096338726	-0.021618668181399726	-0.02013490043249011
-0.10934118346936786	0.010986547704704093	0.11647361825266327	0.10662143846213817	-0.051333349616486605	-0.020266897375710878	0.04983535836821252	0.004352545771209831
-0.003996095766489175	0.027661752949730393	-0.010073119541991556	-0.017056640455015697	0.027851023367137104	0.009984536951322426	0.02766117863712896	-0.0276329907684517
-0.009928049084098065	0.07564234248836571	-0.035545602323700715	-0.003966440196612861	0.05804591706279525	0.015256964732603677	-0.009930338896463888	-0.007169946817265032
-0.0006162450468783524	0.005989239557208687	-0.004163093057866262	-0.000816082819816734	0.0036885010430957456	0.0005316956164134104	0.000856581312101928	0.0036262797821716842
0.0	0.0	0.0	0.0	0.0	0.0	0.0	0.0
0.0	0.0	0.0	0.0	0.0	0.0	0.0	0.0
0.0	0.0	0.0	0.0	0.0	0.0	0.0	0.0
0.0	0.0	0.0	0.0	0.0	0.0	0.0	0.0
0.0	0.0	0.0	0.0	0.0	0.0	0.0	0.0
0.0	0.0	0.0	0.0	0.0	0.0	0.0	0.0
0.0	0.0	0.0	0.0	0.0	0.0	0.0	0.0
-0.00408999713219739	0.026076810502769984	-0.009326514572406661	-0.012619465406463522	0.027810673276563426	0.00948142530833111	0.02383315504829606	-0.025980638776470236
-0.015537691716872349	0.08773406582970457	-0.04637097823808348	0.009804850781640824	0.07023961913808432	-0.014395813673290951	0.024511047760089187	-0.012174181851466246
-0.01829913506560798	0.055501234643637105	-0.03420631709219781	0.05428376195637938	0.04146423651635898	-0.0024970781176775238	0.0013797791189245337	0.007373146113129066
-0.02671237868436763	0.027524507729543797	-0.037222372748233964	0.08482202743974541	0.024751334397068787	0.07344513325920082	-0.016772665508649563	-0.009452284028498662
-0.03379501949761301	0.038250356066974134	-0.031388796222218164	0.08614822603938317	0.017272380269759108	0.11259154483303921	-0.0036718940383114775	-0.00670021734932605
-0.0272017062765521	0.046841593885650755	-0.034878516545659224	0.022176791245820778	0.011297077311534913	0.11346423806226642	0.032298904949920264	-0.018160119591813757
-0.023876064400332925	0.09891525588746486	-0.036747524430956566	-0.029509523568631416	0.04055664158310928	0.07281960062240511	0.08313027665952424	-0.053230600788274976
-0.02201747353158583	0.09678951633221208	-0.026220783653150045	-0.02453813343651953	0.042475061739308866	0.051214575993557804	0.08046714583390187	-0.06348606085158448
-0.017032781404774752	0.09330475556821534	-0.03060254733683614	-0.03348022528131116	0.046822146520006026	0.03660202176811554	0.07044980544724228	-0.02841967375727269
-0.006708010034154123	0.05413654865409288	-0.028535272409075142	-0.02054850577252771	0.04419537500545177	0.012483517139884538	0.03124118656060576	-0.011278919021611277
0.0	0.0	0.0	0.0	0.0	0.0	0.0	0.0
0.0	0.0	0.0	0.0	0.0	0.0	0.0	0.0
0.0	0.0	0.0	0.0	0.0	0.0	0.0	0.0
-0.002584329044238123	-0.005334530897141638	-0.01551640483703981	0.0014996215843725124	0.0004159759423928585	0.010638176374993737	-0.0062127791144032125	0.006490641969414474
-0.017094966825350586	-0.036673201135644096	-0.07432733207265008	0.003502542366874615	0.03981731927118318	0.02279252203493332	-0.014946397672785128	0.03732039512626723
-0.027139177321007943	-0.020318520002767664	0.002257394259858655	-0.0640801362796461	0.01451055524880515	0.042388099888654385	-0.0830307459604469	0.028292346539118485
-0.10954815533606278	-0.022574141905262468	0.1205760988261854	-0.08457712573556471	-0.050520561553112624	0.01021523180369252	-0.03768994816535441	0.03309323517185912
-0.09376312994604881	0.009705096538030644	0.10453008139538972	0.08165156009272709	-0.0299687284033278	-0.04420901465522946	-0.0031479908444757196	0.040350380752034
-0.013338709054007726	0.022783106260392524	-0.004577204491328219	0.07339872485198129	0.015157128721892473	-0.0385706808483583	-0.046046819369208236	0.0038608847123928506
-0.0034898688461018784	0.02342082783123237	-0.007983601452283946	0.01562787522234886	0.014791571390784476	0.0020513970157422664	-0.039659125881579965	0.003321531151753982
0.0	0.0	0.0	0.0	0.0	0.0	0.0	0.0
0.0	0.0	0.0	0.0	0.0	0.0	0.0	0.0
0.0	0.0	0.0	0.0	0.0	0.0	0.0	0.0
0.0	0.0	0.0	0.0	0.0	0.0	0.0	0.0
0.0	0.0	0.0	0.0	0.0	0.0	0.0	0.0
0.0	0.0	0.0	0.0	0.0	0.0	0.0	0.0
0.0	0.0	0.0	0.0	0.0	0.0	0.0	0.0
0.0	0.0	0.0	0.0	0.0	0.0	0.0	0.0
-0.003681294337638253	0.025427546619944248	-0.0089376360813901	-0.015943418375855393	0.026753155811455893	0.01082692929112877	0.025896712465724347	-0.0267143095404274
-0.0075038833443863565	0.05255719652725768	-0.022725650353380325	-0.02946111585709108	0.04008440549647499	0.0005978788409242378	0.04732237439556361	-0.037869725117065725
-0.008868812148800451	0.06582283757310638	-0.03194653684800185	-0.0312686678255781	0.04825411224598277	0.0017755380622025384	0.0492196269773625	-0.029837833010795126
-0.010260769244744289	0.07935116456444674	-0.04135001514340698	-0.03311201290019743	0.056585595357029825	0.00297651726665687	0.05115444891495536	-0.02164689354565734
-0.010260769244744289	0.07935116456444674	-0.04135001514340698	-0.03311201290019743	0.056585595357029825	0.00297651726665687	0.05115444891495536	-0.02164689354565734
-0.010260769244744289	0.07935116456444674	-0.04135001514340698	-0.03311201290019743	0.056585595357029825	0.00297651726665687	0.05115444891495536	-0.02164689354565734
-0.010260769244744289	0.07935116456444674	-0.04135001514340698	-0.03311201290019743	0.056585595357029825	0.00297651726665687	0.05115444891495536	-0.02164689354565734
-0.009293156325817562	0.06994700691732471	-0.03481322812030449	-0.03183061959185541	0.05079400112214958	0.002141661798066158	0.049809465863327435	-0.027340789476580404
0.0	0.0	0.0	0.0	0.0	0.0	0.0	0.0
0.0	0.0	0.0	0.0	0.0	0.0	0.0	0.0
0.0	0.0	0.0	0.0	0.0	0.0	0.0	0.0
-0.0002288467514210066	-2.4913388635216243e-6	-0.0007061684856220399	-0.0005325686451587574	0.0005636178503148672	0.0010201986930989304	-0.0017089267517340341	0.0010005464944736727
0.0	0.0	0.0	0.0	0.0	0.0	0.0	0.0
-0.0009068813841645356	-0.0017915482324338077	-0.004404711016890689	-0.0018416448685975714	0.0038631789739073663	0.012397648072298541	-0.0030005450974227546	0.00490702801888819
-0.011105842301034775	-0.02036187756876108	-0.036619132393207736	0.007817400638145015	0.03950779751683282	0.017290449999952377	-0.020177615544844676	-0.0015904054432185795
-0.02274201804296252	-0.013995804548390823	0.006300748735854528	-0.05805083929058851	0.006902719112655284	0.05148677819221979	-0.08080533733626016	0.038186465352113834
-0.07538747576298345	0.005942154596104909	0.09950078745159062	-0.1237470518423501	-0.01990772678374381	-0.037370439395128206	-0.06602126432981888	0.06652514845045902
-0.07493705955549752	0.03395921402098569	0.09759829970565152	0.06702647275446984	-0.032634088975033615	-0.05169090221637487	-0.013171528929523207	0.09778174940935691
-0.021605995824097488	0.031995991431577754	0.0018631240145974212	0.10299084439688568	0.0233056100832906	-0.039837946751258166	-0.0585148466718687	-0.0012456004240999458
-0.0034898688461018784	0.02342082783123237	-0.007983601452283946	0.01562787522234886	0.014791571390784476	0.0020513970157422664	-0.039659125881579965	0.003321531151753982
0.0	0.0	0.0	0.0	0.0	0.0	0.0	0.0
0.0	0.0	0.0	0.0	0.0	0.0	0.0	0.0
0.0	0.0	0.0	0.0	0.0	0.0	0.0	0.0
0.0	0.0	0.0	0.0	0.0	0.0	0.0	0.0
0.0	0.0	0.0	0.0	0.0	0.0	0.0	0.0
0.0	0.0	0.0	0.0	0.0	0.0	0.0	0.0
0.0	0.0	0.0	0.0	0.0	0.0	0.0	0.0
0.0	0.0	0.0	0.0	0.0	0.0	0.0	0.0
0.0	0.0	0.0	0.0	0.0	0.0	0.0	0.0
-0.003677685225757649	0.025402617654155676	-0.008928873693597288	-0.01592778757445779	0.02672692722889036	0.010816314655201522	0.025871323533447715	-0.026688119042439028
-0.003681294337638253	0.025427546619944248	-0.0089376360813901	-0.015943418375855393	0.026753155811455893	0.01082692929112877	0.025896712465724347	-0.0267143095404274
-0.006417068830678112	0.044843864746351776	-0.018805528676798838	-0.025617848953798705	0.03629414826035304	0.003506138261728017	0.041230764675018516	-0.03469808737789601
-0.007488892800155359	0.052450805749648804	-0.022671579712399293	-0.02940810528189298	0.0400321260890616	0.0006379927618673942	0.04723835219692532	-0.037825978391921714
-0.003681294337638253	0.025427546619944248	-0.0089376360813901	-0.015943418375855393	0.026753155811455893	0.01082692929112877	0.025896712465724347	-0.0267143095404274
0.0	0.0	0.0	0.0	0.0	0.0	0.0	0.0
0.0	0.0	0.0	0.0	0.0	0.0	0.0	0.0
0.0	0.0	0.0	0.0	0.0	0.0	0.0	0.0
0.0	0.0	0.0	0.0	0.0	0.0	0.0	0.0
0.0	0.0	0.0	0.0	0.0	0.0	0.0	0.0
0.0	0.0	0.0	0.0	0.0	0.0	0.0	0.0
0.0	0.0	0.0	0.0	0.0	0.0	0.0	0.0
-0.0009068813841645357	-0.0017915482324338092	-0.004404711016890689	-0.0018416448685975712	0.0038631789739073646	0.012397648072298543	-0.0030005450974227533	0.00490702801888819
-0.005703178283164493	-0.00968531999236773	-0.015572984114461	0.014744277270202095	0.005168347212339793	0.035016489144763935	-0.01560183897196561	0.006354928203524183
-0.019031492180218497	-0.014358751717527289	0.025953311112959728	-0.04275526195822416	0.021128141201695552	0.025874476634788146	-0.058691168569252924	0.021648479671528307
-0.04062333818919031	0.0015539418525779307	0.06980890539060053	-0.06932337338400243	0.005998879212290643	-0.04459583099282031	-0.07976078192295792	0.026253671973919413
-0.01431993118497509	0.011366577103211872	0.010167486514302968	-0.01298072220699874	-0.027234716744004	-0.03764325916721084	-0.022644609784491992	0.0034409128499545212
-0.00876679131822994	0.03180372909649022	-0.013004564546960442	0.05854473890418712	0.028445595171838967	-0.01532093392420555	-0.06630252703644618	0.012794242845945084
-0.0034898688461018784	0.02342082783123237	-0.007983601452283946	0.01562787522234886	0.014791571390784476	0.0020513970157422664	-0.039659125881579965	0.003321531151753982
0.0	0.0	0.0	0.0	0.0	0.0	0.0	0.0
0.0	0.0	0.0	0.0	0.0	0.0	0.0	0.0
0.0	0.0	0.0	0.0	0.0	0.0	0.0	0.0
0.0	0.0	0.0	0.0	0.0	0.0	0.0	0.0
0.0	0.0	0.0	0.0	0.0	0.0	0.0	0.0
0.0	0.0	0.0	0.0	0.0	0.0	0.0	0.0
0.0	0.0	0.0	0.0	0.0	0.0	0.0	0.0
0.0	0.0	0.0	0.0	0.0	0.0	0.0	0.0
0.0	0.0	0.0	0.0	0.0	0.0	0.0	0.0
0.0	0.0	0.0	0.0	0.0	0.0	0.0	0.0
0.0	0.0	0.0	0.0	0.0	0.0	0.0	0.0
0.0	0.0	0.0	0.0	0.0	0.0	0.0	0.0
0.0	0.0	0.0	0.0	0.0	0.0	0.0	0.0
0.0	0.0	0.0	0.0	0.0	0.0	0.0	0.0
0.0	0.0	0.0	0.0	0.0	0.0	0.0	0.0
0.0	0.0	0.0	0.0	0.0	0.0	0.0	0.0
0.0	0.0	0.0	0.0	0.0	0.0	0.0	0.0
0.0	0.0	0.0	0.0	0.0	0.0	0.0	0.0
-0.0002288467514210066	-2.4913388635216243e-6	-0.0007061684856220399	-0.0005325686451587574	0.0005636178503148672	0.0010201986930989304	-0.0017089267517340341	0.0010005464944736727
0.0	0.0	0.0	0.0	0.0	0.0	0.0	0.0
0.0	0.0	0.0	0.0	0.0	0.0	0.0	0.0
-0.00045344069208226785	-0.0008957741162169046	-0.0022023555084453444	-0.0009208224342987856	0.0019315894869536823	0.006198824036149271	-0.0015002725487113767	0.002453514009444095
0.0	0.0	0.0	0.0	0.0	0.0	0.0	0.0
-0.012246225333144048	-0.009602818927131563	0.03553798227314506	-0.03853707908399777	0.027891636884371754	-0.008480396411116588	-0.04347627765582242	0.007203044139287569
-0.012246225333144048	-0.009602818927131563	0.03553798227314506	-0.03853707908399777	0.027891636884371754	-0.008480396411116588	-0.04347627765582242	0.007203044139287569
0.0	0.0	0.0	0.0	0.0	0.0	0.0	0.0
-0.0008314099334302996	0.005579667823275831	-0.0019019756457012912	0.003723111460988924	0.003523874371118024	0.0004887151728359257	-0.009448203546657208	0.0007913059531881981
-0.0008314099334302996	0.005579667823275831	-0.0019019756457012912	0.003723111460988924	0.003523874371118024	0.0004887151728359257	-0.009448203546657208	0.0007913059531881981
0.0	0.0	0.0	0.0	0.0	0.0	0.0	0.0
0.0	0.0	0.0	0.0	0.0	0.0	0.0	0.0
0.0	0.0	0.0	0.0	0.0	0.0	0.0	0.0
0.0	0.0	0.0	0.0	0.0	0.0	0.0	0.0
0.0	0.0	0.0	0.0	0.0	0.0	0.0	0.0
0.0	0.0	0.0	0.0	0.0	0.0	0.0	0.0
0.0	0.0	0.0	0.0	0.0	0.0	0.0	0.0
0.0	0.0	0.0	0.0	0.0	0.0	0.0	0.0
0.0	0.0	0.0	0.0	0.0	0.0	0.0	0.0
0.0	0.0	0.0	0.0	0.0	0.0	0.0	0.0
0.0	0.0	0.0	0.0	0.0	0.0	0.0	0.0
0.0	0.0	0.0	0.0	0.0	0.0	0.0	0.0
0.0	0.0	0.0	0.0	0.0	0.0	0.0	0.0
0.0	0.0	0.0	0.0	0.0	0.0	0.0	0.0
0.0	0.0	0.0	0.0	0.0	0.0	0.0	0.0
0.0	0.0	0.0	0.0	0.0	0.0	0.0	0.0
0.0	0.0	0.0	0.0	0.0	0.0	0.0	0.0
-0.0002288467514210066	-2.4913388635216243e-6	-0.0007061684856220399	-0.0005325686451587574	0.0005636178503148672	0.0010201986930989304	-0.0017089267517340341	0.0010005464944736727
0.0	0.0	0.0	0.0	0.0	0.0	0.0	0.0
0.0	0.0	0.0	0.0	0.0	0.0	0.0	0.0
0.0	0.0	0.0	0.0	0.0	0.0	0.0	0.0
0.0	0.0	0.0	0.0	0.0	0.0	0.0	0.0
-0.0017281986449487934	-0.0017772589516570634	0.0053473501072113395	0.0005806676907983339	0.0042996879982943725	-0.0008924212472140072	0.003231779826151464	0.0014224091452329957
-0.011331175914254019	-0.009174963968328264	0.033110529439597865	-0.03152682769371059	0.026057073250110308	-0.007637872369634525	-0.03379922399207012	0.006943390874651584
-0.005333430753348875	-0.002493783120503306	0.014148581844299716	-0.04085974984719108	0.010692884891194254	-0.004910711422260561	-0.05640339696042823	0.0015134075583555847
0.0	0.0	0.0	0.0	0.0	0.0	0.0	0.0
0.0	0.0	0.0	0.0	0.0	0.0	0.0	0.0
0.0	0.0	0.0	0.0	0.0	0.0	0.0	0.0
0.0	0.0	0.0	0.0	0.0	0.0	0.0	0.0
0.0	0.0	0.0	0.0	0.0	0.0	0.0	0.0
0.0	0.0	0.0	0.0	0.0	0.0	0.0	0.0
0.0	0.0	0.0	0.0	0.0	0.0	0.0	0.0
0.0	0.0	0.0	0.0	0.0	0.0	0.0	0.0
0.0	0.0	0.0	0.0	0.0	0.0	0.0	0.0
0.0	0.0	0.0	0.0	0.0	0.0	0.0	0.0
0.0	0.0	0.0	0.0	0.0	0.0	0.0	0.0
0.0	0.0	0.0	0.0	0.0	0.0	0.0	0.0
0.0	0.0	0.0	0.0	0.0	0.0	0.0	0.0
0.0	0.0	0.0	0.0	0.0	0.0	0.0	0.0
0.0	0.0	0.0	0.0	0.0	0.0	0.0	0.0
0.0	0.0	0.0	0.0	0.0	0.0	0.0	0.0
0.0	0.0	0.0	0.0	0.0	0.0	0.0	0.0
0.0	0.0	0.0	0.0	0.0	0.0	0.0	0.0
0.0	0.0	0.0	0.0	0.0	0.0	0.0	0.0
0.0	0.0	0.0	0.0	0.0	0.0	0.0	0.0
0.0	0.0	0.0	0.0	0.0	0.0	0.0	0.0
0.0	0.0	0.0	0.0	0.0	0.0	0.0	0.0
0.0	0.0	0.0	0.0	0.0	0.0	0.0	0.0
0.0	0.0	0.0	0.0	0.0	0.0	0.0	0.0
0.0	0.0	0.0	0.0	0.0	0.0	0.0	0.0
0.0	0.0	0.0	0.0	0.0	0.0	0.0	0.0
0.0	0.0	0.0	0.0	0.0	0.0	0.0	0.0
-0.005333430753348875	-0.002493783120503306	0.014148581844299716	-0.04085974984719108	0.010692884891194254	-0.004910711422260561	-0.05640339696042823	0.0015134075583555847
-0.00033464661555774943	-0.0001564726570580233	0.0008877541020221818	-0.0025637488572084833	0.0006709260708297189	-0.00030812305126646887	-0.003539036461083846	9.495889996231917e-5
0.0	0.0	0.0	0.0	0.0	0.0	0.0	0.0
0.0	0.0	0.0	0.0	0.0	0.0	0.0	0.0
0.0	0.0	0.0	0.0	0.0	0.0	0.0	0.0
0.0	0.0	0.0	0.0	0.0	0.0	0.0	0.0
0.0	0.0	0.0	0.0	0.0	0.0	0.0	0.0
0.0	0.0	0.0	0.0	0.0	0.0	0.0	0.0
0.0	0.0	0.0	0.0	0.0	0.0	0.0	0.0
0.0	0.0	0.0	0.0	0.0	0.0	0.0	0.0
0.0	0.0	0.0	0.0	0.0	0.0	0.0	0.0
0.0	0.0	0.0	0.0	0.0	0.0	0.0	0.0
0.0	0.0	0.0	0.0	0.0	0.0	0.0	0.0
0.0	0.0	0.0	0.0	0.0	0.0	0.0	0.0
0.0	0.0	0.0	0.0	0.0	0.0	0.0	0.0
0.0	0.0	0.0	0.0	0.0	0.0	0.0	0.0
0.0	0.0	0.0	0.0	0.0	0.0	0.0	0.0
0.0	0.0	0.0	0.0	0.0	0.0	0.0	0.0
0.0	0.0	0.0	0.0	0.0	0.0	0.0	0.0
0.0	0.0	0.0	0.0	0.0	0.0	0.0	0.0
0.0	0.0	0.0	0.0	0.0	0.0	0.0	0.0
0.0	0.0	0.0	0.0	0.0	0.0	0.0	0.0
0.0	0.0	0.0	0.0	0.0	0.0	0.0	0.0
0.0	0.0	0.0	0.0	0.0	0.0	0.0	0.0
0.0	0.0	0.0	0.0	0.0	0.0	0.0	0.0
0.0	0.0	0.0	0.0	0.0	0.0	0.0	0.0
0.0	0.0	0.0	0.0	0.0	0.0	0.0	0.0
0.0	0.0	0.0	0.0	0.0	0.0	0.0	0.0
-0.005333430753348875	-0.002493783120503306	0.014148581844299716	-0.04085974984719108	0.010692884891194254	-0.004910711422260561	-0.05640339696042823	0.0015134075583555847
0.0	0.0	0.0	0.0	0.0	0.0	0.0	0.0
0.0	0.0	0.0	0.0	0.0	0.0	0.0	0.0
0.0	0.0	0.0	0.0	0.0	0.0	0.0	0.0
0.0	0.0	0.0	0.0	0.0	0.0	0.0	0.0
0.0	0.0	0.0	0.0	0.0	0.0	0.0	0.0
0.0	0.0	0.0	0.0	0.0	0.0	0.0	0.0
0.0	0.0	0.0	0.0	0.0	0.0	0.0	0.0
0.0	0.0	0.0	0.0	0.0	0.0	0.0	0.0
0.0	0.0	0.0	0.0	0.0	0.0	0.0	0.0
0.0	0.0	0.0	0.0	0.0	0.0	0.0	0.0
0.0	0.0	0.0	0.0	0.0	0.0	0.0	0.0
0.0	0.0	0.0	0.0	0.0	0.0	0.0	0.0
0.0	0.0	0.0	0.0	0.0	0.0	0.0	0.0
0.0	0.0	0.0	0.0	0.0	0.0	0.0	0.0
0.0	0.0	0.0	0.0	0.0	0.0	0.0	0.0
0.0	0.0	0.0	0.0	0.0	0.0	0.0	0.0
0.0	0.0	0.0	0.0	0.0	0.0	0.0	0.0
0.0	0.0	0.0	0.0	0.0	0.0	0.0	0.0
0.0	0.0	0.0	0.0	0.0	0.0	0.0	0.0
0.0	0.0	0.0	0.0	0.0	0.0	0.0	0.0
0.0	0.0	0.0	0.0	0.0	0.0	0.0	0.0
0.0	0.0	0.0	0.0	0.0	0.0	0.0	0.0
0.0	0.0	0.0	0.0	0.0	0.0	0.0	0.0
0.0	0.0	0.0	0.0	0.0	0.0	0.0	0.0
0.0	0.0	0.0	0.0	0.0	0.0	0.0	0.0
0.0	0.0	0.0	0.0	0.0	0.0	0.0	0.0
0.0	0.0	0.0	0.0	0.0	0.0	0.0	0.0
0.0	0.0	0.0	0.0	0.0	0.0	0.0	0.0
0.0	0.0	0.0	0.0	0.0	0.0	0.0	0.0
0.0	0.0	0.0	0.0	0.0	0.0	0.0	0.0
0.0	0.0	0.0	0.0	0.0	0.0	0.0	0.0
0.0	0.0	0.0	0.0	0.0	0.0	0.0	0.0
0.0	0.0	0.0	0.0	0.0	0.0	0.0	0.0
0.0	0.0	0.0	0.0	0.0	0.0	0.0	0.0
0.0	0.0	0.0	0.0	0.0	0.0	0.0	0.0
0.0	0.0	0.0	0.0	0.0	0.0	0.0	0.0
0.0	0.0	0.0	0.0	0.0	0.0	0.0	0.0
0.0	0.0	0.0	0.0	0.0	0.0	0.0	0.0
0.0	0.0	0.0	0.0	0.0	0.0	0.0	0.0
0.0	0.0	0.0	0.0	0.0	0.0	0.0	0.0
0.0	0.0	0.0	0.0	0.0	0.0	0.0	0.0
0.0	0.0	0.0	0.0	0.0	0.0	0.0	0.0
0.0	0.0	0.0	0.0	0.0	0.0	0.0	0.0
0.0	0.0	0.0	0.0	0.0	0.0	0.0	0.0
0.0	0.0	0.0	0.0	0.0	0.0	0.0	0.0
0.0	0.0	0.0	0.0	0.0	0.0	0.0	0.0
0.0	0.0	0.0	0.0	0.0	0.0	0.0	0.0
0.0	0.0	0.0	0.0	0.0	0.0	0.0	0.0
0.0	0.0	0.0	0.0	0.0	0.0	0.0	0.0
0.0	0.0	0.0	0.0	0.0	0.0	0.0	0.0
0.0	0.0	0.0	0.0	0.0	0.0	0.0	0.0
0.0	0.0	0.0	0.0	0.0	0.0	0.0	0.0
0.0	0.0	0.0	0.0	0.0	0.0	0.0	0.0
0.0	0.0	0.0	0.0	0.0	0.0	0.0	0.0
0.0	0.0	0.0	0.0	0.0	0.0	0.0	0.0
0.0	0.0	0.0	0.0	0.0	0.0	0.0	0.0
0.0	0.0	0.0	0.0	0.0	0.0	0.0	0.0
0.0	0.0	0.0	0.0	0.0	0.0	0.0	0.0
0.0	0.0	0.0	0.0	0.0	0.0	0.0	0.0
0.0	0.0	0.0	0.0	0.0	0.0	0.0	0.0
0.0	0.0	0.0	0.0	0.0	0.0	0.0	0.0
0.0	0.0	0.0	0.0	0.0	0.0	0.0	0.0
0.0	0.0	0.0	0.0	0.0	0.0	0.0	0.0
0.0	0.0	0.0	0.0	0.0	0.0	0.0	0.0
0.0	0.0	0.0	0.0	0.0	0.0	0.0	0.0
0.0	0.0	0.0	0.0	0.0	0.0	0.0	0.0
0.0	0.0	0.0	0.0	0.0	0.0	0.0	0.0
0.0	0.0	0.0	0.0	0.0	0.0	0.0	0.0
0.0	0.0	0.0	0.0	0.0	0.0	0.0	0.0
0.0	0.0	0.0	0.0	0.0	0.0	0.0	0.0
0.0	0.0	0.0	0.0	0.0	0.0	0.0	0.0
0.0	0.0	0.0	0.0	0.0	0.0	0.0	0.0
0.0	0.0	0.0	0.0	0.0	0.0	0.0	0.0
0.0	0.0	0.0	0.0	0.0	0.0	0.0	0.0
0.0	0.0	0.0	0.0	0.0	0.0	0.0	0.0
0.0	0.0	0.0	0.0	0.0	0.0	0.0	0.0
0.0	0.0	0.0	0.0	0.0	0.0	0.0	0.0
0.0	0.0	0.0	0.0	0.0	0.0	0.0	0.0
0.0	0.0	0.0	0.0	0.0	0.0	0.0	0.0
0.0	0.0	0.0	0.0	0.0	0.0	0.0	0.0
0.0	0.0	0.0	0.0	0.0	0.0	0.0	0.0
0.0	0.0	0.0	0.0	0.0	0.0	0.0	0.0
0.0	0.0	0.0	0.0	0.0	0.0	0.0	0.0
0.0	0.0	0.0	0.0	0.0	0.0	0.0	0.0
0.0	0.0	0.0	0.0	0.0	0.0	0.0	0.0
0.0	0.0	0.0	0.0	0.0	0.0	0.0	0.0
0.0	0.0	0.0	0.0	0.0	0.0	0.0	0.0
0.0	0.0	0.0	0.0	0.0	0.0	0.0	0.0
0.0	0.0	0.0	0.0	0.0	0.0	0.0	0.0
0.0	0.0	0.0	0.0	0.0	0.0	0.0	0.0
0.0	0.0	0.0	0.0	0.0	0.0	0.0	0.0
