-0.1931879933303724	-0.12837939432243084	0.022111929996502803	-0.12447409484868079	0.135047786354691	-0.18586843003196227	0.032695841336124146	-0.13091694756322853
-0.18683881168227956	-0.17415595725804234	-0.11365587605692828	-0.11863161432790241	-0.06200446789233434	-0.013701782237512013	0.09091174058098113	-0.16953137580357316
-0.2123253468110768	-0.05442955903886515	0.14911434587754266	0.24417341594609698	0.02219549856273767	0.01851959731140601	0.08362787332588345	-0.054060209860004954
-0.16697949644201482	-0.03672203051757794	0.17483854323675183	-0.44728570506325444	0.10750415318094039	-0.04734959342509046	-0.5185107350821274	0.011888612183071995
-0.19491593519177014	-0.13045038758051958	-0.0554889147033282	-0.04110692702181162	-0.12579343616180233	-0.03172052398206138	0.02921550980417613	-0.29503720929385774
-0.18476235791577428	0.1134081762099618	0.1074572280413637	-0.12113196309191054	-0.20313535215757608	0.026318881879236977	0.10500448346122754	0.2586024932883522
-0.21642635131552063	-0.10468361410228894	0.2643156503486269	0.025425937109992747	0.1729128563160887	-0.03441927621969143	0.11883770294594441	0.04469508718908591
-0.12032768897119048	-0.12394867883101142	-0.23468910200221438	-0.038683269052962654	0.2054593472603666	-0.13430415090314674	0.08747360857341219	-0.06026744846138887
-0.115423032821401	-0.13556412099596246	-0.3282360559260123	-0.0909133100470304	-0.09323176340270978	0.05296800034922028	0.0647626285046781	0.2331581229322913
-0.19028447792832814	-0.019643290006808	-0.02674559080145078	-0.11882208772243794	-0.21184426179836552	-0.18449777453558336	-0.11369222838446172	-0.017514456529148736
-0.17675490667977628	0.1938775114969182	0.1205747858777883	-0.026149636900609924	-0.08828419887495087	0.2923836090063147	0.15657183018608797	0.009040720333152369
-0.18964554251933344	0.05726070473009371	0.03461042866216099	0.24237159979594453	-0.07387189365440222	-0.2549152006238599	-0.012036513797401067	-0.05623014175555646
-0.16281497115474322	-0.09284881517974805	0.08960001831750583	-0.09812044175131629	0.26596736072283034	-0.0804374866850128	-0.02041118911070089	-0.044342759487599345
-0.16357942615252025	0.013377878716384796	-0.0208723094739526	-0.23830104030723856	-0.151644682537107	0.3822425626423118	-0.13410088493940642	0.10370221210358066
-0.20170977075181795	-0.1002107462607067	0.03987737905281335	0.31237386581193943	-0.0203310690229956	0.2191232386269508	0.025422445944289274	-0.056300408973029306
-0.16521033044372488	0.12344183163230778	-0.062045644063784024	0.46980462931919353	0.1372748588459496	-0.16750583288683202	-0.24493009751859432	0.07441313150084984
-0.11967793657971333	0.3994957795794841	-0.17038289462300696	-0.14797625710726053	0.13402975182234314	-0.09862957488122158	0.1969639474845163	-0.08763165533266014
-0.08631281452389854	0.3945527194642891	-0.23014722213378683	-0.03996583591789736	0.16589970438171753	0.02293508061850023	0.035227874259653874	0.12743887262816408
-0.11525427125264591	0.3744315755799685	-0.11044522268357582	-0.1745302689329404	0.2689709456048478	0.10439438523169318	0.23806586376763675	-0.2098549489271638
-0.17855558305390562	-0.14262050833854084	-0.19244033687506276	0.16140344664650064	0.05196154228361891	0.33763265270745507	-0.1434261308704951	0.04992130272235465
-0.1718121226928386	-0.10026579327886144	0.21851392058891106	0.10021930803421572	0.15522754156894078	0.21975155555009585	-0.019087820077518573	0.28915592938608176
-0.17467996276698622	-0.1320151632816191	0.08561909643998473	0.009690232480135098	0.13738795978656124	-0.02108941376930001	0.25009831363379337	0.05677448536372341
-0.17507451198977095	0.009963710883019748	-0.032202470641500794	0.0676740383052241	-0.2723665479658566	0.04662429215714902	0.07720188415706818	-0.237218672969245
-0.1945535597332343	0.11970957482611069	0.08289437871105204	-0.050728756440602006	-0.285708109190656	0.011119409310287244	0.14869747856299087	0.26677068883200594
-0.1913249751864729	0.0629097289520171	0.0663819581377837	0.12000664129688501	-0.053580319722224656	0.17273280121087006	0.11289683386168109	-0.33770938028310127
-0.20004961937017457	0.16234682432095038	0.018808256650586837	0.08034104873706058	-0.2537597794757479	-0.2801866689960672	-0.10597725544473673	0.13545964950531578
-0.18200165484458897	-0.09334188232057988	0.195641746025992	-0.0693132610433223	0.23491698795951024	-0.0761604238340221	0.06087654341610178	0.04891374952430444
-0.19488119926057604	0.027907589019749674	0.005954677135014953	-0.14225965876492	-0.14907220696823917	-0.26391294687985395	0.03585971165090446	0.2122428733069576
-0.1958216505231026	0.07247025678916273	0.13468206093193769	-0.05494907746426618	-0.004285550634843762	0.03801910756643157	-0.2313508708653694	-0.29870122390718185
-0.10926110594102378	0.34488177712579987	-0.09865591216567814	0.1710760641856794	0.1487115378835903	0.019779784698512343	-0.36458234116643407	0.026092373795267753
-0.11252575065876844	-0.08961223319098237	-0.3064324182353964	0.005412006992186271	-0.03376776189602388	0.04390404076766802	-0.167759902467262	-0.064457624922767
-0.027253376203918628	-0.021318305991086677	-0.0669412173073497	-0.04118283279520891	0.00771311317570295	0.10637834024440591	-0.0034147243647845273	0.060933521889172136
-0.0581889184855825	0.031302430503525276	-0.13008229678963243	-0.05442108061606336	-0.01928741742159083	0.2083179083742718	0.024481892872199373	0.08056203154168975
-0.05498487178710493	-0.07883930690762371	-0.11671224625514419	-0.005377682734402983	-0.008823143641370516	-0.04875000691458047	0.032389270352808176	0.04053522199966383
-0.06703364503127691	0.018008143176443402	0.10346481877933468	0.0897081537613891	0.11973896485395637	-0.05633854754358527	0.05526480747153962	0.19890042170241837
-0.048819368311387945	-0.03326822985665601	-0.02538487193343042	-0.03714423625098379	0.13978270511818358	-0.036612173509514775	-0.1295382607439131	-0.002147325318305053
-0.05606530346907093	-0.01830786142377543	-0.029221347132434305	0.02046857506801049	0.01760597884571792	-0.10912492911712464	0.12056456613086315	-0.006200985629502803
-0.03217258039784516	-0.07172966907559952	-0.09899930100322189	0.025950602588140803	0.033442517915854654	-0.022164659522441704	0.029028791096361906	0.0015710626550138969
-0.028392718282757773	-0.026381319339379004	-0.05443042038042187	-0.02016021700102058	0.03883963854491066	0.11953942009087896	-0.02758370821536285	0.03854728540633112
-0.028659012993223296	-0.00014674415112312015	-0.03490539777471854	-0.023319804241120907	0.02266601027966154	0.039347450238732824	-0.06283996454077391	0.031439275371017546
-0.09163809212892943	-0.03796954967570914	0.0024131868479867493	-0.07214239784791794	-0.04251272182518337	-0.0856807437541019	0.16334294579575176	0.008300369870346049
-0.06698886998768268	-0.09643833517061791	-0.12847436312966765	-0.08138122603974084	0.055382797990323786	-0.021378533112880974	0.05177021458978587	-0.020279164634147164
-0.05033772965686336	-0.08114398745480382	-0.13145578167481914	0.03160253467850311	0.008357654042143618	-0.000955936595678592	0.020571243139165765	0.08819977149929491
-0.034587107536809616	-0.05688102444674122	-0.08184367791576311	0.013270197100525617	0.11248469658619817	-0.025116427154505298	0.05381053135714764	0.07675744047234323
-0.051619404240486236	-0.09185168998971507	-0.14253656792093952	-0.018962757046406698	0.09294219081816568	0.00044981021805967923	0.06321869541149228	0.09486670894199561
-0.030390166365042017	-0.06088218236286698	-0.03814859548307124	0.011891496129126426	0.14498051937729137	0.10046142213004958	-0.016638079191395875	0.07940703584868049
-0.04759988606344376	-0.088370716741791	-0.1629585931158952	0.013794342749076751	0.05408610323339465	-0.05846654380069532	0.06389961072368568	0.07302802027400818
-0.0376172984400236	-0.06785582508287605	-0.09971489582522802	-0.037189292334290004	0.07977204920013227	-0.039102593383270566	-0.03383434938817023	-0.026259123072930473
-0.07451400276214058	-0.023016384781175025	0.15683285747773346	-0.07317558616083521	0.049590658837475494	0.10152111251276223	-0.05735674796266072	0.004043183455957778
-0.04311471159609505	-0.08828548681892119	-0.08090789803560311	0.0007416837639161463	0.10648516953133264	-0.0012772349711361302	0.019938893369175197	0.14563278141103259
-0.056889895902079185	-0.07418605260440649	-0.11866190931868499	0.03773343961678977	0.023853374311297963	-0.05014715707714029	-0.008353531033222637	0.032803158522415624
-0.03445056573719988	0.11025817662050699	-0.03344870372817959	0.03591231102117083	-0.010290529439142838	0.09198094703190525	-0.03588884770185651	0.06648637995244314
-0.07119783364312855	-0.034657638726763716	-0.015516828237937262	-0.014952667346961655	-0.11477917776907827	0.02737944096719075	-0.052137621600327776	-0.15967652554071865
-0.02644238877050135	-0.04083417878622888	-0.05116367884880888	0.003302968339796782	0.11014659633073914	0.0018293299756662028	0.018081981907060764	0.06727876014484897
-0.04138737778794285	-0.03475279219946102	-0.09843958746533145	0.044635427288922835	-0.03170328494783942	-0.0025485952628171754	-0.024284832023110898	0.012511980174609888
-0.03605683550140969	0.006808469265944969	0.05142168574391491	-0.07117251691959484	0.0817316801785643	-0.005276245486602788	-0.05178182876870439	-0.00480114797966587
-0.08084960352905415	-0.10147983398073264	-0.2263591983669206	0.03254317621020252	-0.12001260984417876	0.01765801682918685	-0.10357039472824217	-0.0355044069167741
-0.06610045536300792	0.05982317339652282	-0.012117526798671242	0.03895927154015713	-0.11490344160678023	-0.11417355026281402	-0.0472681464025527	0.07715313636916821
-0.044521175834122566	-0.06967661397999247	-0.15548464333389686	-0.032236288607585005	-0.011816854458714941	-0.057665659864751716	-0.020979644250225814	-0.0002874394544643893
