-2.274282357688629e-16	-2.434557121214891e-18	1.0894643427649508e-16	4.709180470344463e-17
5.874400242371862e-17	-2.5648845511153458e-17	-6.142283677332553e-17	5.94188599025026e-17
-6.994360264852428e-17	8.680912812620941e-17	-3.9585434779596345e-17	-2.1064408996189784e-17
1.2133699833647199e-17	1.668661054125083e-17	-4.8754013757969703e-17	-5.4292634452745346e-17
4.671767698694676e-18	-2.9491663450726525e-17	-3.9010600879174294e-17	9.460193251520932e-18
5.574168841846571e-18	-4.62946939706907e-17	-3.5941566138440264e-17	-3.1471791626804293e-17
1.1788187930955242e-17	2.288166884948868e-17	-8.13647133832885e-18	2.8006129336177725e-17
-3.803682767218165e-17	1.1961250016366411e-16	3.89822620532832e-17	3.887537835559587e-17
2.3133483914501628e-17	7.657990502344656e-18	-4.37037463530256e-17	-1.5604570656701126e-18
-4.015587448895152e-17	9.047922383576184e-17	-1.6274487836401333e-16	1.526590223242802e-16
-1.112894743155198e-17	2.1073893695853938e-17	2.4787945686102175e-17	1.2174351352639685e-17
-7.345057865564909e-19	-9.794953566326301e-18	-1.883723890665778e-17	-3.058703867797981e-17
-1.2109191665861138e-17	1.4501607741495644e-18	-4.905412516196893e-17	-2.7362916485618206e-17
-9.05698650828205e-18	1.739254558393384e-17	-1.6691250887919793e-17	2.885479375883785e-17
6.66473097689745e-18	1.213807254837949e-17	8.920351447678615e-18	-2.722897541449331e-17
1.2846810753365412e-17	7.07919768371539e-17	3.7390930324196004e-17	-7.676309290847534e-17
-7.538346701065816e-18	3.327275409173198e-18	3.637094754300017e-17	-6.225252900107335e-18
-4.2471203565299414e-18	-1.504371579631296e-18	4.204949673880124e-18	2.130307962721735e-17
-1.990293914325008e-17	-2.3611202105150245e-17	4.8299928820959925e-18	-3.0932514202413027e-19
2.9870799252723976e-19	3.80622909256516e-18	-8.971624899910793e-18	3.9401254865390965e-18
-1.7214889808895124e-18	1.2770129963828919e-17	-1.8457775108953236e-17	6.097126763877731e-18
-2.4748371297409607e-18	1.1534332288456022e-17	-2.5580878067116613e-17	2.6355773691929608e-17
-5.690931538183837e-18	-3.949444064179377e-19	3.541710164599525e-18	-1.2619793322717069e-17
3.111450537725926e-18	-1.2606537956431546e-17	1.2732456772052257e-17	-4.263136120031621e-18
-4.461210539432129e-18	-3.0115743729753175e-17	2.950340473438836e-17	-3.569394303848604e-17
4.668495710654515e-18	-6.101811273002929e-18	8.70290001776001e-18	-3.6708735378945915e-18
2.7550158489620074e-18	4.033476840814596e-18	-1.3912519924995022e-17	5.5834520948170994e-18
6.520622016404008e-19	-4.471683057063834e-18	1.0124177527041426e-17	-5.749193499451406e-18
-6.60318737929365e-18	-1.499864476111983e-17	1.9581229275681543e-17	-2.1965311440362573e-19
-2.420081776439256e-19	-7.15580767479577e-19	7.171829365475308e-19	-1.1907118512766895e-18
-1.311121984731782e-18	5.532271630997968e-18	-1.2429447959588344e-17	8.035328608719146e-18
1.4505331991587773e-18	-3.1090351592164182e-18	1.2238054714517517e-18	-7.681687665833474e-19
1.6237386364896051e-18	4.112810456440633e-18	-1.1634231970333136e-17	1.2109715609987884e-17
1.5563132396800296e-18	-2.0813578510172945e-18	4.268333279337507e-18	1.0833729816273425e-18
-3.4107325494055506e-18	9.208934521843389e-18	-2.4310693041594266e-18	4.713761531410489e-18
1.845452622731871e-18	-5.5463013363538554e-18	4.6530379217579764e-18	-8.171117860802404e-18
-5.716404252929275e-19	3.962503712297693e-18	-2.155698230163938e-18	5.108484323032343e-18
-2.7266777283071598e-18	8.53680037902584e-18	-1.6802130340549578e-17	7.605279654836199e-18
-4.985696129029926e-18	1.1298126159588886e-17	-7.0376820670692e-18	8.244867780827547e-18
-2.9965910137017914e-18	6.631744441842825e-18	-8.48886398387577e-18	7.612655992715197e-18
-2.7889587812777364e-18	3.2049154630042304e-18	4.279769207321394e-18	-4.719448744730634e-18
-1.7667599463762205e-18	6.800438708508123e-18	-5.157483830153926e-18	6.2850519572063175e-18
-6.212687711600285e-19	1.907042019870967e-18	-6.886977353349034e-18	1.210997849449282e-18
-2.4601428632750897e-18	5.696544185826345e-18	-5.9396849645913254e-18	2.008437112630513e-18
-2.824172280713476e-20	5.527048278644325e-19	-3.0835661085240534e-18	3.544845971233394e-18
8.914927235848744e-19	-4.621308137753219e-18	6.8706508017020074e-18	-4.828496887154133e-18
1.1377438336627642e-18	-3.0049886299670817e-18	3.340750442356716e-18	-3.1351450664815713e-18
1.647036570314939e-18	-1.7067173234114517e-18	4.0228390560193364e-18	-5.098081847302154e-18
-6.263268066387812e-19	-1.3117604714754971e-18	5.508588352450853e-18	2.8134728093275134e-18
-1.2411433873536349e-18	1.4781721687948992e-18	-8.139370809303078e-19	-3.2461489951956506e-18
-6.8605506594737005e-19	2.026932104121593e-18	2.1729896154424557e-18	-2.76498327949963e-18
-1.0057310151282462e-18	9.419766370805567e-19	4.0116747083466246e-19	-2.978940319890264e-18
6.190160542879506e-19	-1.412266010943316e-18	2.335041512982791e-18	-9.512151252842765e-20
-7.194998452576858e-19	1.6915445761373001e-18	-1.804389459978103e-18	-1.1062763599811403e-19
1.0475995375204924e-18	-2.7890272855470617e-18	1.4341210836528616e-18	7.992388048815378e-19
-2.751406110028464e-20	-5.275259521271129e-19	9.017130764204986e-19	-1.423908931525447e-18
-1.100396772050349e-18	3.0344605735003807e-18	-9.957439439986776e-19	-1.7413774225780226e-18
8.547388107404309e-20	-1.4957473410501764e-19	1.073442760417928e-19	-6.753720689957667e-20
0.0	0.0	0.0	0.0
0.0	0.0	0.0	0.0
0.0	0.0	0.0	0.0
0.0	0.0	0.0	0.0
0.0	0.0	0.0	0.0
0.0	0.0	0.0	0.0
0.0	0.0	0.0	0.0
0.0	0.0	0.0	0.0
0.0	0.0	0.0	0.0
0.0	0.0	0.0	0.0
0.0	0.0	0.0	0.0
0.0	0.0	0.0	0.0
-0.0020361614014622743	-0.004003913585234655	-0.02065678907295836	-0.01656846783319813
-0.004072322802924549	-0.00800782717046931	-0.04131357814591672	-0.03313693566639626
-0.004072322802924549	-0.00800782717046931	-0.04131357814591672	-0.03313693566639626
-0.004072322802924549	-0.00800782717046931	-0.04131357814591672	-0.03313693566639626
-0.004072322802924549	-0.00800782717046931	-0.04131357814591672	-0.03313693566639626
0.0	0.0	0.0	0.0
0.0	0.0	0.0	0.0
0.0	0.0	0.0	0.0
0.0	0.0	0.0	0.0
0.0	0.0	0.0	0.0
0.0	0.0	0.0	0.0
0.0	0.0	0.0	0.0
0.0	0.0	0.0	0.0
0.0	0.0	0.0	0.0
0.0	0.0	0.0	0.0
0.0	0.0	0.0	0.0
0.0	0.0	0.0	0.0
0.0	0.0	0.0	0.0
0.0	0.0	0.0	0.0
0.0	0.0	0.0	0.0
0.0	0.0	0.0	0.0
0.0	0.0	0.0	0.0
-0.004072322802924549	-0.00800782717046931	-0.04131357814591672	-0.03313693566639626
-0.004072322802924549	-0.00800782717046931	-0.04131357814591672	-0.03313693566639626
-0.004072322802924549	-0.00800782717046931	-0.04131357814591672	-0.03313693566639626
-0.004072322802924549	-0.00800782717046931	-0.04131357814591672	-0.03313693566639626
-0.004072322802924549	-0.00800782717046931	-0.04131357814591672	-0.03313693566639626
-0.004072322802924549	-0.00800782717046931	-0.04131357814591672	-0.03313693566639626
-0.004072322802924549	-0.00800782717046931	-0.04131357814591672	-0.03313693566639626
-0.004072322802924549	-0.00800782717046931	-0.04131357814591672	-0.03313693566639626
-0.004072322802924549	-0.00800782717046931	-0.04131357814591672	-0.03313693566639626
-0.004072322802924549	-0.00800782717046931	-0.04131357814591672	-0.03313693566639626
-0.0040643378567280855	-0.007992125549502323	-0.04123257113477274	-0.03307196128660945
0.0	0.0	0.0	0.0
0.0	0.0	0.0	0.0
0.0	0.0	0.0	0.0
0.0	0.0	0.0	0.0
0.0	0.0	0.0	0.0
0.0	0.0	0.0	0.0
0.0	0.0	0.0	0.0
0.0	0.0	0.0	0.0
0.0	0.0	0.0	0.0
0.0	0.0	0.0	0.0
0.0	0.0	0.0	0.0
0.0	0.0	0.0	0.0
0.0	0.0	0.0	0.0
0.0	0.0	0.0	0.0
0.0	0.0	0.0	0.0
0.0	0.0	0.0	0.0
-0.0040643378567280855	-0.007992125549502323	-0.04123257113477274	-0.03307196128660945
-0.004072322802924549	-0.00800782717046931	-0.04131357814591672	-0.03313693566639626
-0.004072322802924549	-0.00800782717046931	-0.04131357814591672	-0.03313693566639626
-0.004072322802924549	-0.00800782717046931	-0.04131357814591672	-0.03313693566639626
-0.004072322802924549	-0.00800782717046931	-0.04131357814591672	-0.03313693566639626
-0.004072322802924549	-0.00800782717046931	-0.04131357814591672	-0.03313693566639626
-0.004072322802924549	-0.00800782717046931	-0.04131357814591672	-0.03313693566639626
-0.004072322802924549	-0.00800782717046931	-0.04131357814591672	-0.03313693566639626
-0.004072322802924549	-0.00800782717046931	-0.04131357814591672	-0.03313693566639626
0.0	0.0	0.0	0.0
0.0	0.0	0.0	0.0
0.0	0.0	0.0	0.0
0.0	0.0	0.0	0.0
0.0	0.0	0.0	0.0
0.0	0.0	0.0	0.0
0.0	0.0	0.0	0.0
0.0	0.0	0.0	0.0
0.0	0.0	0.0	0.0
0.0	0.0	0.0	0.0
0.0	0.0	0.0	0.0
0.0	0.0	0.0	0.0
0.0	0.0	0.0	0.0
0.0	0.0	0.0	0.0
0.0	0.0	0.0	0.0
0.0	0.0	0.0	0.0
0.0	0.0	0.0	0.0
0.0	0.0	0.0	0.0
0.0	0.0	0.0	0.0
0.0	0.0	0.0	0.0
0.0	0.0	0.0	0.0
0.0	0.0	0.0	0.0
0.0	0.0	0.0	0.0
-0.004072322802924549	-0.00800782717046931	-0.04131357814591672	-0.03313693566639626
-0.004072322802924549	-0.00800782717046931	-0.04131357814591672	-0.03313693566639626
-0.004072322802924549	-0.00800782717046931	-0.04131357814591672	-0.03313693566639626
-0.004072322802924549	-0.00800782717046931	-0.04131357814591672	-0.03313693566639626
-0.004072322802924547	-0.008007827170469311	-0.041313578145916734	-0.03313693566639627
-0.004072322802924547	-0.008007827170469311	-0.041313578145916734	-0.03313693566639627
-0.004072322802924548	-0.00800782717046931	-0.04131357814591673	-0.033136935666396264
-0.0038482041181506976	-0.007000968951464607	-0.00877637436303179	-0.04168608256161323
0.0	0.0	0.0	0.0
0.0	0.0	0.0	0.0
0.0	0.0	0.0	0.0
0.0	0.0	0.0	0.0
0.0	0.0	0.0	0.0
0.0	0.0	0.0	0.0
0.0	0.0	0.0	0.0
0.0	0.0	0.0	0.0
0.0	0.0	0.0	0.0
0.0	0.0	0.0	0.0
0.0	0.0	0.0	0.0
0.0	0.0	0.0	0.0
0.0	0.0	0.0	0.0
0.0	0.0	0.0	0.0
0.0	0.0	0.0	0.0
0.0	0.0	0.0	0.0
0.0	0.0	0.0	0.0
0.0	0.0	0.0	0.0
0.0	0.0	0.0	0.0
0.0	0.0	0.0	0.0
0.0	0.0	0.0	0.0
0.0	0.0	0.0	0.0
0.0	0.0	0.0	0.0
0.0	0.0	0.0	0.0
0.0	0.0	0.0	0.0
-0.004072322802924549	-0.00800782717046931	-0.04131357814591672	-0.03313693566639626
-0.005392784978966226	-0.010410120399263463	-0.044325079104118106	-0.04744098337278808
-0.0038482041181506976	-0.007000968951464607	-0.00877637436303179	-0.04168608256161323
-0.0038482041181506976	-0.007000968951464607	-0.00877637436303179	-0.04168608256161323
0.0	0.0	0.0	0.0
-0.001242808076037395	0.0007236362051703696	-0.0043300689817600884	0.0025148852820421363
0.0	0.0	0.0	0.0
0.0	0.0	0.0	0.0
0.0	0.0	0.0	0.0
0.0	0.0	0.0	0.0
0.0	0.0	0.0	0.0
0.0	0.0	0.0	0.0
0.0	0.0	0.0	0.0
0.0	0.0	0.0	0.0
0.0	0.0	0.0	0.0
0.0	0.0	0.0	0.0
0.0	0.0	0.0	0.0
0.0	0.0	0.0	0.0
0.0	0.0	0.0	0.0
0.0	0.0	0.0	0.0
0.0	0.0	0.0	0.0
0.0	0.0	0.0	0.0
-0.004085438528421528	-0.016745010888405583	-0.011009384823412408	-0.014607092517295146
-0.004085438528421528	-0.016745010888405583	-0.011009384823412408	-0.014607092517295146
-0.004085438528421528	-0.016745010888405583	-0.011009384823412408	-0.014607092517295146
-0.004085438528421528	-0.016745010888405583	-0.011009384823412408	-0.014607092517295146
-0.004036390545040471	-0.007937169876117858	-0.040949046595768764	-0.032844550957355556
-0.004072322802924549	-0.00800782717046931	-0.04131357814591672	-0.03313693566639626
-0.004072322802924549	-0.00800782717046931	-0.04131357814591672	-0.03313693566639626
-0.004072322802924549	-0.00800782717046931	-0.04131357814591672	-0.03313693566639626
-0.0038482041181506976	-0.007000968951464607	-0.00877637436303179	-0.04168608256161323
-0.0038482041181506976	-0.007000968951464607	-0.00877637436303179	-0.04168608256161323
-0.0024032411707175447	-0.004372173695183425	-0.005480931767466602	-0.026033366937443844
0.0	0.0	0.0	0.0
0.0	0.0	0.0	0.0
0.0	0.0	0.0	0.0
0.0	0.0	0.0	0.0
-9.326188999171287e-5	-0.0006274163417849501	-0.0004943759524711701	0.0002505921434417799
-0.0035232271652431905	-0.023702396546871042	-0.018676425984334832	0.009466814872066714
0.0	0.0	0.0	0.0
0.0	0.0	0.0	0.0
0.0	0.0	0.0	0.0
0.0	0.0	0.0	0.0
0.0	0.0	0.0	0.0
0.0	0.0	0.0	0.0
0.0	0.0	0.0	0.0
0.0	0.0	0.0	0.0
-0.012987646614655313	-0.04295948659297316	-0.01435879506244795	0.05427404503877938
-0.01557506810556548	-0.041367563257495896	-0.015919202869037898	0.05683169051035283
-0.026902575444373047	-0.07951275839585921	-0.05140500325742878	0.05663116554927136
-0.03377178746633744	-0.09356583510019216	-0.08642027243119232	0.020489918944680705
-0.03124293541963548	-0.07813709467337915	-0.09559149476441006	-0.013503841547176588
-0.025305999037736525	-0.07749464826676264	-0.08866179169882057	-0.02590970707855237
-0.016293773373307778	-0.05130228102858987	-0.07567704788222689	-0.05231116183274946
-0.004072322802924549	-0.00800782717046931	-0.04131357814591672	-0.03313693566639626
-0.004072322802924549	-0.00800782717046931	-0.04131357814591672	-0.03313693566639626
-0.0040643378567280855	-0.007992125549502323	-0.04123257113477274	-0.03307196128660945
0.0	0.0	0.0	0.0
0.0	0.0	0.0	0.0
-0.0038482041181506976	-0.007000968951464607	-0.00877637436303179	-0.04168608256161323
-0.005496487784389261	-0.007246365084447052	-0.006558870890919869	-0.03866976522472688
-0.0006571409833676431	0.000756567692021475	-0.00010194045690498462	0.001338958364407367
0.0	0.0	0.0	0.0
0.0	0.0	0.0	0.0
0.0	0.0	0.0	0.0
-0.0035232271652431905	-0.023702396546871042	-0.018676425984334832	0.009466814872066714
-0.007836544652334347	-0.044007416148688486	-0.02322064133947076	0.04053437413426437
0.0	0.0	0.0	0.0
0.0	0.0	0.0	0.0
0.0	0.0	0.0	0.0
0.0	0.0	0.0	0.0
0.0	0.0	0.0	0.0
0.0	0.0	0.0	0.0
-0.008380357106506432	-0.03714891214820593	-0.006014944155093417	0.058714173643601895
-0.012996400889888885	-0.042985115241146295	-0.014371442820537778	0.054300175979965566
-0.041808152342813494	-0.09152042121530841	-0.009743900439205103	0.08272611145662517
-0.07173940738400142	-0.11383526718981218	0.014622127990475266	0.02662695607325125
-0.0807382909722707	-0.11636522927680172	-0.012545867788490072	-0.019403595973173506
-0.0762368568629256	-0.09237563091085539	-0.01488261738125805	-0.003954798045624282
-0.049567888352728795	-0.09978429749226944	-0.04907278368675343	0.010375458129086692
-0.04443745922122893	-0.10565592493279342	-0.06727401143987566	-0.0048414167637527645
-0.030513335970866664	-0.08903071692883745	-0.07638487146417272	-0.041069721757782285
-0.011009440421741597	-0.035595142014843845	-0.024469170175032	-0.013961422274894086
-0.0045713526797409535	-0.0028214741511364497	-0.004635644030556248	-0.013907895098942625
0.0	0.0	0.0	0.0
0.0	0.0	0.0	0.0
-0.0028220581214083297	0.0017619513436203332	0.005826785908262027	-0.003983160419386296
-0.025626292397983117	0.004471552037230648	0.04137269330691898	0.006519878575791498
-0.025054981835979786	-0.004213736632841102	0.02139254555206267	-0.0320007960899075
-0.03140173539536091	-0.01954694122062119	0.03477895262285012	-0.04687742411221754
-0.024225319860582593	-0.012010717505798992	0.03508657053956341	0.004693294626274691
-0.005940008780787646	-0.00488157556962339	0.00371031311148313	0.007122171570553342
-0.005940008780787646	-0.00488157556962339	0.00371031311148313	0.007122171570553342
-0.008927710252547424	-0.0320532838297679	-0.01824306956994355	0.044847196877640834
-0.013241027739638587	-0.05235830343158534	-0.022787284925079473	0.0759147561398385
0.0	0.0	0.0	0.0
0.0	0.0	0.0	0.0
0.0	0.0	0.0	0.0
0.0	0.0	0.0	0.0
0.0	0.0	0.0	0.0
-0.013784840193810662	-0.04549979943110275	-0.005581587740702135	0.09409455564917599
-0.03144090237952884	-0.07795512976969307	-0.01540686638684647	0.09265426548049233
-0.0653990881250712	-0.09002331821554402	0.0312645044293335	0.0597098607400101
-0.09668485082479852	-0.04998255008952883	0.0525042810859938	-0.0942035242324406
-0.11077743880067228	-0.018972838603012295	0.0718160242123777	-0.08209455859324286
-0.11638625749316286	0.020615016047596694	0.061942744403319344	-0.11784503274394087
-0.10042063681961429	0.052810909668108065	0.09045387097372859	-0.04323541070344449
-0.1043051960162325	0.025426168268495253	0.09670020689525635	0.028397178519388007
-0.07378628610171163	-0.01720348872642993	0.05347788114495454	0.04435720354177312
-0.04390590775957556	-0.10836430664575211	-0.0030011723030519723	0.04979925430643404
-0.025613826597509833	-0.08263710629156888	-0.06515262390311663	-0.03434913361171364
-0.009645324720835237	-0.016808379631157607	-0.05072606314611484	-0.04506556850436643
-0.0077261562669508005	-0.004588006460287194	-0.04888874815767819	-0.03603996367576829
-0.012154821432223436	0.004495436460382439	-0.036791756169456	-0.03917697437269522
-0.0336315529698881	0.02250478807441833	-0.009711478252287693	-0.04873875230053918
-0.05014828453721556	0.02502834013353932	0.08551056371818105	-0.038924424775114624
-0.0627151993850174	0.013192040662453927	0.07484267930651144	-0.0957454802420122
-0.05737384771922448	-0.02877312139522106	0.04876737364388032	-0.08992264369116568
-0.029118471550936317	-0.024282348823807476	0.03553440838801536	-0.04853197090640461
-0.023373657963850828	-0.011485065210847937	0.03595021018065551	0.007284392961785995
-0.013375008550910231	-0.01081225453905381	0.011650655986973861	0.02672981952092658
-0.008927710252547424	-0.0320532838297679	-0.01824306956994355	0.044847196877640834
-0.008927710252547424	-0.0320532838297679	-0.01824306956994355	0.044847196877640834
0.0	0.0	0.0	0.0
0.0	0.0	0.0	0.0
0.0	0.0	0.0	0.0
0.0	0.0	0.0	0.0
-0.013784840193810662	-0.04549979943110275	-0.005581587740702135	0.09409455564917599
-0.042781235258603924	-0.07379988118809575	0.006208217540156796	0.10714129100140819
-0.06143207438685815	-0.07894436884766202	0.04426631553561326	0.045585990756770646
-0.10852833591221843	-0.046330183496077405	0.06895895488571638	-0.07933712214052868
-0.11701791692121394	0.02372978223467998	0.09246565972702148	-0.12316073308682464
-0.08713432174572423	0.07508592315763088	-0.019318495238026888	-0.0424810199883596
-0.0754878524161698	0.10770197403622436	-0.04695797823079006	0.021865547653871407
-0.08225009795705276	0.08154927325686459	-0.06321152747492706	-0.015610515498119046
-0.11160150900785741	0.09268256701010864	-0.03809301410085125	-0.028779530387683168
-0.11143769240800226	0.04723666789761215	-0.0037890460142783328	0.05196984574953215
-0.07412860123196098	-0.0675978305889927	-0.03158465530807216	0.06388618044813629
-0.02857548306810613	-0.0845667972022028	-0.05752750054693234	-0.014252495436237831
-0.024596318925395003	-0.04826516407886906	-0.05687097287448173	-0.0440048247567431
-0.009917430756089439	-0.008115440964114984	-0.05397198758510353	-0.04525739552920336
-0.013147334481353516	0.021351743022284406	-0.09529388359169214	-0.008631491953823445
-0.031652565982069336	0.04351778468387107	-0.0837820965372836	-0.004615869008377783
-0.055465327847969925	0.0711415768318208	-0.0003032137270025728	0.00012616313791470086
-0.07176969581169836	0.07717799008991504	0.04012240533753322	-0.022964623779583263
-0.07123742094196821	0.020212133602200665	0.04091571361853811	-0.11143308624494191
-0.04477782382028437	-0.03180514988514113	0.027981804739230776	-0.10925042620860388
-0.023373657963850828	-0.011485065210847937	0.03595021018065551	0.007284392961785995
-0.016233898177142228	-0.022652520229202135	0.010616820149937272	0.04616376323716621
-0.010993128410309973	-0.04060733905623596	-0.01898996909707755	0.0588873402466452
-0.011050539057034209	-0.042046538584468406	-0.020479536344889738	0.060137309391795145
0.0	0.0	0.0	0.0
0.0	0.0	0.0	0.0
0.0	0.0	0.0	0.0
-0.0127082708863539	-0.04104112200711717	-0.005192277177296653	0.08677633421950821
-0.03174205651157378	-0.06651227238393671	-0.008810196472718974	0.11830260728623204
-0.04658372389231996	-0.06851840833614772	0.024799628239412633	0.04486477534466812
-0.09523858421151106	-0.055899158926451795	0.0700918914316336	-0.12250407129324516
-0.0932838009233063	0.013657609872283328	0.06135448373761158	-0.12902788444709867
-0.06774151857728863	0.04889440961336831	-0.014153758003576634	-0.01279292131194269
-0.037363758264889135	0.07570424647762702	-0.06805001157676707	0.06986624448292475
-0.024754314075414018	0.0482078601570795	-0.07471969307168276	0.05258120317707161
-0.04552133260247698	0.04878318562074567	-0.13110527885344564	-0.02596527445023757
-0.0703643304235117	0.08258164564191474	-0.10918581594797143	-0.05639479875814837
-0.10009672128392365	0.08981126746144444	-0.0962003105276796	-0.052412865108108664
-0.0894023437638929	-0.026315049147551072	-0.03400859581977038	0.055191683457466646
-0.05524185626191628	-0.10549373311991793	0.008496158006861515	0.08602606710159416
-0.023506306031429048	-0.05409194650351641	-0.03972522260763421	-0.03013376107515644
-0.01772981189847209	-0.007901094241351788	-0.0512665635297733	-0.04061370269675553
-0.007094153847010778	-0.00012132770546953732	-0.05021518791668011	-0.03344981890181987
-0.014248902946179507	0.020447706588559964	-0.09252670582145935	-0.01649807528361317
-0.024876424362328026	0.061915078646366827	-0.07777644581874296	0.05635268692027221
-0.0605385902611564	0.09077660132390215	0.002299769636587715	0.02225201571038659
-0.08856352605717809	0.04868756876257937	0.05035145471103516	-0.09272704969995187
-0.044655716415893235	-0.022483345755221224	0.02852178683019467	-0.11488434396020653
-0.030760129458809585	-0.026803071546566297	0.04447920289095536	-0.01823716527979857
-0.020819214653694112	-0.03815082650399606	0.0022485122844604216	0.06991575975699468
-0.010993128410309973	-0.04060733905623596	-0.01898996909707755	0.0588873402466452
-0.005059412659525037	-0.02532435068929029	-0.008499223253205722	0.03307229655079843
0.0	0.0	0.0	0.0
0.0	0.0	0.0	0.0
-0.00835608277753959	-0.02655181077617607	-0.004220047762751408	0.0575334724724631
-0.01730806735905386	-0.06920219597797377	-0.02425801372503697	0.10356137052124276
-0.030631541804466894	-0.06136606420591606	-0.007697463779075009	0.11046220417920231
-0.047972241583981376	-0.05913816431352111	0.036487265663185234	-0.0036197565575602614
-0.08140009867670668	-0.03745943890733493	0.07727785901646148	-0.16167789835900379
-0.08804885626262568	0.054253583409153296	-0.0004817469537934174	-0.10666423505439956
-0.0470039571565226	0.06671580792320665	-0.04611126336472663	0.0494810299834116
-0.030172121656401655	0.05951691047677576	-0.08370878589435728	0.057278791109417485
-0.020682982182137804	0.03191614144868044	-0.06182144496307097	0.03136969517042722
-0.013476009886532409	0.02205844367647279	-0.0008494371256911179	0.00967509878050834
-0.05768558616050958	0.07817614349623134	-0.04195983222342264	-0.03200464066702103
-0.09498543935197473	0.0667199890986408	-0.08356242198163419	-0.0852225370003841
-0.09869459514116849	-0.036970808065423896	-0.058359560552441694	0.0483499518968661
-0.04943692437329589	-0.06823521733497988	-0.06052495995485671	0.06474053242054875
-0.021996214088379453	-0.039493702534915916	-0.06066950944921852	-0.05184587973495786
-0.02295711119709336	-0.019476416955844084	-0.03919216082298541	-0.05593615332545253
-0.013034162627798425	-0.005002903275092928	-0.04650487480519699	-0.026327647331266538
-0.011118239763610475	0.013516716215476019	-0.08401560189840268	-0.020325805854168807
-0.020020372017869725	0.054650659305332194	-0.06669868360246761	0.04006196468938501
-0.05251761198337425	0.09362277746836896	-0.057126989134067135	0.04107287660832202
-0.07495177603930595	0.06302845457577363	0.05411873002920491	-0.05737747745713189
-0.0527122660857644	-0.013958700291783194	0.056385586406265835	-0.11147901556503628
-0.05442782155882785	-0.06929760908745694	0.02467609772756094	0.0059884369586069705
-0.02890928177306152	-0.07117323517662835	-0.018846612819535556	0.07599888139509013
-0.008927710252547424	-0.0320532838297679	-0.01824306956994355	0.044847196877640834
-0.0043133174870911605	-0.020305019601817444	-0.004544215355135925	0.031067559262197657
0.0	0.0	0.0	0.0
0.0	0.0	0.0	0.0
-0.013237573595564824	-0.05233506578929702	-0.022768974704617587	0.07590547494934068
-0.014903729253207916	-0.05924448312297117	-0.02338855347187837	0.08721734275777684
-0.019453823592164923	-0.045052709543293906	-0.004260437727660199	0.048285105732772636
-0.047212174907841055	-0.04756960114248212	0.05139320390085657	-0.050899699906547746
-0.07794215505617508	-0.008806749801346206	0.06307813681620586	-0.12733713011434444
-0.07573803415324233	0.06144481593214081	0.027332815968651433	-0.07765601486067777
-0.059908274524521604	0.09921171364184458	-0.056753318761037785	0.05166979630930169
-0.04003027292465128	0.06759250889003704	-0.08341153334867613	0.048024701343966275
-0.033542644870406174	0.045303864037504575	-0.09027270335289322	0.03865010922842656
-0.04066707856428035	0.03997660748534809	-0.07030352903461538	-0.027124417386395417
-0.06409076550795777	0.07536612491961092	-0.08614894500520506	-0.04429968521461876
-0.11031969481617475	0.047981806054313424	-0.07007759882664963	-0.054319223151449804
-0.10368077138562735	-0.0263307453211229	-0.08877655924003107	0.016565071442652544
-0.04808919137973782	-0.05741828098391412	-0.0764324171684156	0.06455627709897448
-0.027994394858966615	-0.025543171490443023	-0.05347791320861926	-0.03875968071912969
-0.017266507764713907	-0.018063696770984874	-0.03872598702225548	-0.044624657681392434
-0.013850406313302	-0.0016506283891862482	-0.06375263634545297	-0.025345258172708548
-0.01250531490115521	0.02367864264860701	-0.06371581845387023	0.007207764267477039
-0.02178019728411281	0.044218942325315765	-0.08259640723934981	0.02102958468167207
-0.04429038368904407	0.07426422461278626	-0.040524067137572686	0.043548507844091124
-0.08114827086958659	0.07937483199189065	0.06053700103656071	-0.028038901705934084
-0.07171964106626681	-0.009214131647006704	0.07352900399773303	-0.07541595613176384
-0.05671323407525285	-0.07338214577852152	0.021808401857174392	0.009201730269586093
-0.029508768550220117	-0.07465550509006208	-0.013990291700601364	0.07025931361655126
-0.007832315909952004	-0.04398750926791248	-0.023216186226643034	0.040503915744646304
-0.0043133174870911605	-0.020305019601817444	-0.004544215355135925	0.031067559262197657
0.0	0.0	0.0	0.0
0.0	0.0	0.0	0.0
-0.013241027739638587	-0.05235830343158534	-0.022787284925079473	0.0759147561398385
-0.013224112770109188	-0.052278675908481224	-0.022769464473768573	0.07579292258136623
-0.014708285019554498	-0.012480867649526411	-0.002145898710071953	0.0017779406984922157
-0.04526435171549627	-0.04903442274649065	0.039702307364846874	-0.06822300502145213
-0.0710361445397185	-0.029138767571840116	0.06529645167155754	-0.12638116064601132
-0.08795714440043871	0.06755444008359034	0.06681377988667296	-0.05200699246925007
-0.09050365025835243	0.11462660403499678	-0.024162566361597984	0.02602078462374979
-0.0809922576517919	0.11643488492171618	-0.08123425972719082	0.061696728932267485
-0.08760529374309857	0.11827857151662653	-0.0918688902160426	0.05388542000995791
-0.09916559006676648	0.1291053328080221	-0.13599687473450503	0.020646783089392703
-0.1245380640777757	0.10028704011002175	-0.1145754781619979	0.01696959556234253
-0.11461708383324401	-0.021740852285892925	-0.1094230988665057	0.033644240572744934
-0.08847119922705748	-0.023592490228753767	-0.10869533379283676	0.043166330361478836
-0.038711483286537965	-0.029485406402506707	-0.10271304469324244	0.02278296179020144
-0.029815222503868543	-0.017044854411762587	-0.06607196660196199	-0.0036653172277242192
-0.027960496168499636	0.006288275986092757	-0.08011926453216246	-0.02569036461778129
-0.026362142965590363	0.03476997278619667	-0.1081911817287162	-0.025318522613670114
-0.040170520639928126	0.06120632804225042	-0.11911023409148112	-0.017964892376322754
-0.04559130285035932	0.0630702988386324	-0.07103210741976856	0.0658224899612012
-0.06929011465000412	0.08270724536341169	0.013137283028383226	0.05379280020361434
-0.10341834191757442	0.034647621405049414	0.09502620134381594	0.04911123256986597
-0.08647703009896847	-0.06041414516251271	0.07701511698845068	-0.02516112374450604
-0.052946332785184826	-0.10124166945627742	-0.002899509493214082	0.014713341443937739
-0.008376297927568712	-0.03882274929737144	-0.01614027169746272	0.010711546210449547
-0.0065550570959663915	-0.03538625015333105	-0.016427548991506776	0.03709105217743129
-0.0043133174870911605	-0.020305019601817444	-0.004544215355135925	0.031067559262197657
0.0	0.0	0.0	0.0
0.0	0.0	0.0	0.0
-0.007836544652334347	-0.044007416148688486	-0.02322064133947076	0.04053437413426437
-0.007836544652334347	-0.044007416148688486	-0.02322064133947076	0.04053437413426437
-0.012173648567990055	-0.03173928249738567	-0.009562269163841789	0.007987941905120902
-0.0314265449241498	-0.03881478860182328	0.013469983188252948	-0.05625146673713215
-0.050973070555101155	-0.020414305581681495	0.05578551351071069	-0.06335077393604399
-0.08617643650253468	0.027491619812244857	0.08976987846076062	-0.04079619557743176
-0.10443525291978484	0.06903373760596837	0.08565741972220048	-0.011604192950388807
-0.1195232615834022	0.10793050844759959	0.040992444195627364	0.02036653413531903
-0.12279819850971725	0.1367118319785041	0.0008974930677294966	0.07817568209357596
-0.1348296813388987	0.11649658401700332	-0.008272136735054647	0.04660178244626508
-0.141913475558304	0.0704979624441568	-0.04779503589164391	0.08877945238591055
-0.14175532188596673	0.04004720154011641	-0.06233702602728641	0.06230489317481722
-0.12241698835184008	0.02247434457732287	-0.07100697851625272	0.1271656554792622
-0.10051561608806382	0.08037125036775628	-0.06029218371482531	0.12696326240346215
-0.08399814229934538	0.0727444485941891	-0.10334511219931583	0.03426244115459191
-0.07404376542207726	0.08588579142242574	-0.10659369052006157	0.042721233517464825
-0.07402408800489205	0.09209599455031585	-0.08197005590408646	0.029139963410820993
-0.09250003809691369	0.09857328625893637	-0.07523496114615157	0.0515720311548543
-0.09530477862711353	0.07561992757883303	0.01118684465007002	0.11539492787149615
-0.09788132756827339	0.04170821362068383	0.07461346986709066	0.07769461374762504
-0.08605669511028335	-0.013403348467497153	0.10979370575326124	0.01310333728301801
-0.0640790470258788	-0.07273012075553584	0.05012087772410882	-0.024281218912668705
-0.02765266981746075	-0.08929410733713303	-0.026596166599715795	-0.03284758958213617
-0.009753101213588557	-0.04749417323513812	-0.027591619944829948	0.019773070265373314
-0.0043133174870911605	-0.020305019601817444	-0.004544215355135925	0.031067559262197657
0.0	0.0	0.0	0.0
0.0	0.0	0.0	0.0
0.0	0.0	0.0	0.0
-0.004593099052251278	-0.02873883768577337	-0.01980356959746336	0.01717278790838
-0.008398186978911037	-0.04487525340283104	-0.023175606263796746	0.04421115871176864
-0.019743247883604563	-0.05028249334274324	-0.011409930652673938	0.05896302032102996
-0.021632844702233832	-0.049255707053629395	-0.014908276395677211	0.02427974977828049
-0.041612712567853635	-0.05638088898861431	0.029863809201237396	0.02200859125867251
-0.06120814381204038	-0.03318550416149817	0.06005988360666262	0.05921783733974985
-0.0836361256832831	-0.016409201038131208	0.09307738251200949	0.042956878335416344
-0.10466881659255264	-0.010393952646932278	0.10464855967333687	0.023487818691794605
-0.10894039191260474	-0.012758322191291282	0.08979776619968052	0.009677147155567823
-0.12699085056170883	-0.04253843964810888	0.09234713695663571	0.02266746385480275
-0.12120524222091013	-0.047477165764825593	0.09735808024449197	0.05578825614151002
-0.13254548168437894	-0.03840117932002209	0.08152981730373902	0.013217512717642628
-0.14162862421105096	-0.0059837455866755245	0.049030269921262075	-0.031171593360814803
-0.13164616319851458	0.009703918525358816	0.04567749101458492	0.01335102156482993
-0.11922342472796364	0.01379622682269556	0.0486386290197208	-0.010286224218323188
-0.12025563205180721	-0.0005852487148719746	0.04397191913099484	0.02036874515677617
-0.10884753384198122	-0.027488322226764315	0.08393264035655809	0.05246546180670675
-0.10030504220773752	-0.01487344961900913	0.11345752033112183	0.0507872517079742
-0.09441639813350557	-0.01615916241791564	0.11335469279278922	0.034691738868110986
-0.07974337366784086	-0.05931670167112493	0.08745832807959682	0.01265176186763323
-0.05724419140619797	-0.09361147116948197	0.031154385918502177	-0.018058505526253297
-0.029024087282243635	-0.09169094002804849	-0.01668042495489151	-0.006007041467222793
-0.01691204806910632	-0.0625837078146454	-0.019922612995714663	-0.01647415905604582
-0.005516824446905218	-0.022494538296729812	-0.007288983382908401	0.018030441440496852
0.0	0.0	0.0	0.0
0.0	0.0	0.0	0.0
0.0	0.0	0.0	0.0
0.0	0.0	0.0	0.0
0.0	0.0	0.0	0.0
-0.005404483087304237	-0.00835088728289683	0.0004333564143912795	0.03538038200557413
-0.017698859620432484	-0.040309808008805625	-0.009404249967957771	0.04206052532004626
-0.026629121325761396	-0.06990826876576886	-0.018883100582031277	0.048603966626314665
-0.020434125769785195	-0.05167174959329947	-0.003488880787949198	0.09353341049966794
-0.030153575368865787	-0.06894401953578556	-0.007123908164578176	0.09094770242895914
-0.03428974044847773	-0.07353756958572208	-0.0010063938574796216	0.09055133813190971
-0.05396276595995517	-0.11264053192653446	-0.003992870021191238	0.08180462429499913
-0.059648533636521006	-0.1106384125386189	0.004283106945078553	0.08710405052412035
-0.05179602840694511	-0.10835704815185437	-0.036949557809088734	0.04841741405428915
-0.054220241788965506	-0.0973001531667626	-0.023756303058020296	0.024059253642099418
-0.05594896049329673	-0.06930164360213827	-0.0184064558647068	-0.038131714636699246
-0.07293237152694927	-0.06769547640562978	0.014626778097011453	-0.05432816163653513
-0.07928310608389726	-0.05248590384365257	0.033524372382239376	-0.0059221745378713695
-0.08207888331910969	-0.05000788245453873	0.038436198039188435	-0.00045129536339899454
-0.08363587369978905	-0.05329986776518799	0.03943693774789113	-0.0067192685787246485
-0.08442270863530396	-0.07891326315395038	0.02654332588103642	-0.018983235632472523
-0.07811023505109588	-0.10637571239852704	-0.0013380340669588986	-0.019138267860526116
-0.06701266522510385	-0.09151575467761414	-0.005728838949332519	-0.04571463666049744
-0.042075810404915606	-0.08816325366582697	-0.000824952234787027	-0.04105227931640885
-0.03132455119636235	-0.08274197680143608	-0.03112604806812284	-0.042735323520775574
-0.021519634367724062	-0.06838009714603371	-0.028270201435503607	-0.02094907349891828
-0.0038482041181506976	-0.007000968951464607	-0.00877637436303179	-0.04168608256161323
0.0	0.0	0.0	0.0
0.0	0.0	0.0	0.0
0.0	0.0	0.0	0.0
0.0	0.0	0.0	0.0
0.0	0.0	0.0	0.0
0.0	0.0	0.0	0.0
0.0	0.0	0.0	0.0
-0.004085438528421528	-0.016745010888405583	-0.011009384823412408	-0.014607092517295146
-0.016313999753078647	-0.06089489198807609	-0.025800703341537612	0.0024209985646935247
-0.01983722691832183	-0.08459728853494718	-0.04447712932587246	0.011887813436760231
-0.01598902280017115	-0.07759631958348258	-0.035700754962840656	0.053573895998373464
-0.01598902280017115	-0.07759631958348258	-0.035700754962840656	0.053573895998373464
-0.01598902280017115	-0.07759631958348258	-0.035700754962840656	0.053573895998373464
-0.013880819047716302	-0.058652313195579946	-0.033392665987969875	0.01579749306316971
-0.017445765240445773	-0.06838778994938588	-0.07634204765043623	-0.029021517853560677
-0.019596232234155218	-0.07230009610359907	-0.08124649211665326	-0.052316681491833716
-0.019596232234155218	-0.07230009610359907	-0.08124649211665326	-0.052316681491833716
-0.01574802811600454	-0.06529912715213441	-0.07247011775362147	-0.010630598930220477
-0.019596232234155218	-0.07230009610359907	-0.08124649211665326	-0.052316681491833716
-0.02465438716301105	-0.06912720567049398	-0.0842824829844988	-0.04735101836884373
-0.017611962317929657	-0.054149719244539166	-0.0810258772194227	-0.07791861103177358
-0.01873445908214286	-0.057330373656721306	-0.08408570909830282	-0.08032856453758346
-0.020145236398122407	-0.06129240665015093	-0.08813226198214016	-0.08437729353687429
-0.020145236398122407	-0.06129240665015093	-0.08813226198214016	-0.08437729353687429
-0.015239862245340957	-0.04725660601826557	-0.05370539403112988	-0.05385309647288454
-0.008464247901533143	-0.012837172044404979	-0.017132873028476155	-0.046100080225249564
-0.0038482041181506976	-0.007000968951464607	-0.00877637436303179	-0.04168608256161323
0.0	0.0	0.0	0.0
0.0	0.0	0.0	0.0
0.0	0.0	0.0	0.0
0.0	0.0	0.0	0.0
0.0	0.0	0.0	0.0
0.0	0.0	0.0	0.0
0.0	0.0	0.0	0.0
0.0	0.0	0.0	0.0
0.0	0.0	0.0	0.0
-0.007933642646572222	-0.023745979839870205	-0.0197857591864442	-0.056293175078908374
-0.011456869811815412	-0.047448376386741244	-0.038462185170779026	-0.04682636020684169
-0.007608665693664715	-0.040447407435276646	-0.029685810807747237	-0.00514027764522844
-0.007608665693664715	-0.040447407435276646	-0.029685810807747237	-0.00514027764522844
-0.007608665693664715	-0.040447407435276646	-0.029685810807747237	-0.00514027764522844
-0.011456869811815412	-0.047448376386741244	-0.038462185170779026	-0.04682636020684169
-0.01552919261473996	-0.05545620355721056	-0.07977576331669575	-0.07996329587323796
-0.01552919261473996	-0.05545620355721056	-0.07977576331669575	-0.07996329587323796
-0.01552919261473996	-0.05545620355721056	-0.07977576331669575	-0.07996329587323796
-0.01550523777615057	-0.05540909869430959	-0.07953274228326383	-0.07976837273387748
-0.011456869811815412	-0.047448376386741244	-0.038462185170779026	-0.04682636020684169
-0.011456869811815412	-0.047448376386741244	-0.038462185170779026	-0.04682636020684169
-0.015142328478478033	-0.05285358762091745	-0.07772501862496352	-0.08100278920899638
-0.008301033428003172	-0.016568380376424982	-0.05111533632844281	-0.07618348264607937
-0.0038482041181506976	-0.007000968951464607	-0.00877637436303179	-0.04168608256161323
-0.007614934201976485	-0.014452836751662207	-0.04939300504382381	-0.0715126524242588
-0.004040383018138702	-0.007945020686601346	-0.04098955010134077	-0.03287703814724897
0.0	0.0	0.0	0.0
0.0	0.0	0.0	0.0
0.0	0.0	0.0	0.0
0.0	0.0	0.0	0.0
0.0	0.0	0.0	0.0
0.0	0.0	0.0	0.0
0.0	0.0	0.0	0.0
0.0	0.0	0.0	0.0
0.0	0.0	0.0	0.0
0.0	0.0	0.0	0.0
0.0	0.0	0.0	0.0
-0.0008865960513263047	-0.0016129683450392038	-0.002022007829190905	-0.009604146521247836
-0.0038482041181506976	-0.007000968951464607	-0.00877637436303179	-0.04168608256161323
-0.0038482041181506976	-0.007000968951464607	-0.00877637436303179	-0.04168608256161323
-0.0038482041181506976	-0.007000968951464607	-0.00877637436303179	-0.04168608256161323
-0.0038482041181506976	-0.007000968951464607	-0.00877637436303179	-0.04168608256161323
-0.0038482041181506976	-0.007000968951464607	-0.00877637436303179	-0.04168608256161323
-0.00792052692107524	-0.015008796121933912	-0.05008995250894851	-0.07482301822800948
-0.00792052692107524	-0.015008796121933912	-0.05008995250894851	-0.07482301822800948
-0.0038482041181506976	-0.007000968951464607	-0.00877637436303179	-0.04168608256161323
-0.0019203293101647811	-0.003493620781090954	-0.0043795828934375365	-0.020802172574848826
0.0	0.0	0.0	0.0
0.0	0.0	0.0	0.0
-0.004072322802924549	-0.00800782717046931	-0.04131357814591672	-0.03313693566639626
-0.004072322802924549	-0.00800782717046931	-0.04131357814591672	-0.03313693566639626
-0.0002555182782867572	-0.000502451870943725	-0.0025922243566077223	-0.0020791801531784143
-0.004072322802924549	-0.00800782717046931	-0.04131357814591672	-0.03313693566639626
-0.003245880810908479	-0.006382709281059778	-0.032929351876893324	-0.026412086864681012
0.0	0.0	0.0	0.0
0.0	0.0	0.0	0.0
0.0	0.0	0.0	0.0
0.0	0.0	0.0	0.0
0.0	0.0	0.0	0.0
0.0	0.0	0.0	0.0
0.0	0.0	0.0	0.0
0.0	0.0	0.0	0.0
0.0	0.0	0.0	0.0
0.0	0.0	0.0	0.0
0.0	0.0	0.0	0.0
0.0	0.0	0.0	0.0
0.0	0.0	0.0	0.0
-0.0038482041181506976	-0.007000968951464607	-0.00877637436303179	-0.04168608256161323
-0.0038482041181506976	-0.007000968951464607	-0.00877637436303179	-0.04168608256161323
-0.003365292200255217	-0.006122415933049569	-0.007675025358224551	-0.03645488757784714
-0.0038482041181506976	-0.007000968951464607	-0.00877637436303179	-0.04168608256161323
-0.004040383018138702	-0.007945020686601342	-0.04098955010134077	-0.03287703814724897
-0.004072322802924547	-0.008007827170469311	-0.041313578145916734	-0.03313693566639627
0.0	0.0	0.0	0.0
0.0	0.0	0.0	0.0
0.0	0.0	0.0	0.0
-0.0007625623617620408	-0.0014995048023476796	-0.0077361695642511686	-0.00620505326964183
-0.004072322802924549	-0.00800782717046931	-0.04131357814591672	-0.03313693566639626
0.0	0.0	0.0	0.0
-0.004072322802924549	-0.00800782717046931	-0.04131357814591672	-0.03313693566639626
-0.004072322802924549	-0.00800782717046931	-0.04131357814591672	-0.03313693566639626
0.0	0.0	0.0	0.0
0.0	0.0	0.0	0.0
0.0	0.0	0.0	0.0
0.0	0.0	0.0	0.0
0.0	0.0	0.0	0.0
0.0	0.0	0.0	0.0
0.0	0.0	0.0	0.0
0.0	0.0	0.0	0.0
0.0	0.0	0.0	0.0
0.0	0.0	0.0	0.0
0.0	0.0	0.0	0.0
0.0	0.0	0.0	0.0
0.0	0.0	0.0	0.0
0.0	0.0	0.0	0.0
0.0	0.0	0.0	0.0
0.0	0.0	0.0	0.0
0.0	0.0	0.0	0.0
0.0	0.0	0.0	0.0
-0.001417328010554195	-0.002787037840966898	-0.014378745093678744	-0.011532952905940341
-0.004072322802924549	-0.00800782717046931	-0.04131357814591672	-0.03313693566639626
0.0	0.0	0.0	0.0
0.0	0.0	0.0	0.0
0.0	0.0	0.0	0.0
0.0	0.0	0.0	0.0
0.0	0.0	0.0	0.0
0.0	0.0	0.0	0.0
-0.003944563663781168	-0.007756601234997447	-0.04001746596761286	-0.032097345589807064
-0.001529117257304651	-0.0030068605345047778	-0.015512843249694631	-0.012442594222955896
0.0	0.0	0.0	0.0
0.0	0.0	0.0	0.0
0.0	0.0	0.0	0.0
0.0	0.0	0.0	0.0
0.0	0.0	0.0	0.0
0.0	0.0	0.0	0.0
0.0	0.0	0.0	0.0
0.0	0.0	0.0	0.0
0.0	0.0	0.0	0.0
0.0	0.0	0.0	0.0
0.0	0.0	0.0	0.0
0.0	0.0	0.0	0.0
0.0	0.0	0.0	0.0
0.0	0.0	0.0	0.0
0.0	0.0	0.0	0.0
0.0	0.0	0.0	0.0
0.0	0.0	0.0	0.0
0.0	0.0	0.0	0.0
0.0	0.0	0.0	0.0
-0.004072322802924549	-0.00800782717046931	-0.04131357814591672	-0.03313693566639626
-0.0010180807007311372	-0.0020019567926173273	-0.01032839453647918	-0.008284233916599064
0.0	0.0	0.0	0.0
0.0	0.0	0.0	0.0
0.0	0.0	0.0	0.0
0.0	0.0	0.0	0.0
0.0	0.0	0.0	0.0
0.0	0.0	0.0	0.0
0.0	0.0	0.0	0.0
0.0	0.0	0.0	0.0
0.0	0.0	0.0	0.0
0.0	0.0	0.0	0.0
0.0	0.0	0.0	0.0
0.0	0.0	0.0	0.0
0.0	0.0	0.0	0.0
0.0	0.0	0.0	0.0
0.0	0.0	0.0	0.0
0.0	0.0	0.0	0.0
0.0	0.0	0.0	0.0
0.0	0.0	0.0	0.0
0.0	0.0	0.0	0.0
0.0	0.0	0.0	0.0
0.0	0.0	0.0	0.0
0.0	0.0	0.0	0.0
0.0	0.0	0.0	0.0
0.0	0.0	0.0	0.0
0.0	0.0	0.0	0.0
0.0	0.0	0.0	0.0
-0.004072322802924549	-0.00800782717046931	-0.04131357814591672	-0.03313693566639626
0.0	0.0	0.0	0.0
0.0	0.0	0.0	0.0
0.0	0.0	0.0	0.0
0.0	0.0	0.0	0.0
0.0	0.0	0.0	0.0
0.0	0.0	0.0	0.0
0.0	0.0	0.0	0.0
0.0	0.0	0.0	0.0
0.0	0.0	0.0	0.0
0.0	0.0	0.0	0.0
0.0	0.0	0.0	0.0
0.0	0.0	0.0	0.0
0.0	0.0	0.0	0.0
0.0	0.0	0.0	0.0
0.0	0.0	0.0	0.0
0.0	0.0	0.0	0.0
0.0	0.0	0.0	0.0
0.0	0.0	0.0	0.0
0.0	0.0	0.0	0.0
0.0	0.0	0.0	0.0
0.0	0.0	0.0	0.0
0.0	0.0	0.0	0.0
0.0	0.0	0.0	0.0
0.0	0.0	0.0	0.0
0.0	0.0	0.0	0.0
0.0	0.0	0.0	0.0
0.0	0.0	0.0	0.0
0.0	0.0	0.0	0.0
0.0	0.0	0.0	0.0
0.0	0.0	0.0	0.0
0.0	0.0	0.0	0.0
0.0	0.0	0.0	0.0
0.0	0.0	0.0	0.0
0.0	0.0	0.0	0.0
0.0	0.0	0.0	0.0
0.0	0.0	0.0	0.0
0.0	0.0	0.0	0.0
0.0	0.0	0.0	0.0
0.0	0.0	0.0	0.0
0.0	0.0	0.0	0.0
0.0	0.0	0.0	0.0
0.0	0.0	0.0	0.0
0.0	0.0	0.0	0.0
0.0	0.0	0.0	0.0
0.0	0.0	0.0	0.0
0.0	0.0	0.0	0.0
0.0	0.0	0.0	0.0
0.0	0.0	0.0	0.0
0.0	0.0	0.0	0.0
0.0	0.0	0.0	0.0
0.0	0.0	0.0	0.0
0.0	0.0	0.0	0.0
0.0	0.0	0.0	0.0
0.0	0.0	0.0	0.0
0.0	0.0	0.0	0.0
0.0	0.0	0.0	0.0
0.0	0.0	0.0	0.0
0.0	0.0	0.0	0.0
0.0	0.0	0.0	0.0
0.0	0.0	0.0	0.0
0.0	0.0	0.0	0.0
0.0	0.0	0.0	0.0
0.0	0.0	0.0	0.0
0.0	0.0	0.0	0.0
0.0	0.0	0.0	0.0
0.0	0.0	0.0	0.0
0.0	0.0	0.0	0.0
0.0	0.0	0.0	0.0
0.0	0.0	0.0	0.0
0.0	0.0	0.0	0.0
0.0	0.0	0.0	0.0
0.0	0.0	0.0	0.0
