-2.274282357688629e-16
5.874400242371862e-17
-6.994360264852428e-17
1.2133699833647199e-17
4.671767698694676e-18
5.574168841846571e-18
1.1788187930955242e-17
-3.803682767218165e-17
2.3133483914501628e-17
-4.015587448895152e-17
-1.112894743155198e-17
-7.345057865564909e-19
-1.2109191665861138e-17
-9.05698650828205e-18
6.66473097689745e-18
1.2846810753365412e-17
-7.538346701065816e-18
-4.2471203565299414e-18
-1.990293914325008e-17
2.9870799252723976e-19
-1.7214889808895124e-18
-2.4748371297409607e-18
-5.690931538183837e-18
3.111450537725926e-18
-4.461210539432129e-18
4.668495710654515e-18
2.7550158489620074e-18
6.520622016404008e-19
-6.60318737929365e-18
-2.420081776439256e-19
-1.311121984731782e-18
1.4505331991587773e-18
1.6237386364896051e-18
1.5563132396800296e-18
-3.4107325494055506e-18
1.845452622731871e-18
-5.716404252929275e-19
-2.7266777283071598e-18
-4.985696129029926e-18
-2.9965910137017914e-18
-2.7889587812777364e-18
-1.7667599463762205e-18
-6.212687711600285e-19
-2.4601428632750897e-18
-2.824172280713476e-20
8.914927235848744e-19
1.1377438336627642e-18
1.647036570314939e-18
-6.263268066387812e-19
-1.2411433873536349e-18
-6.8605506594737005e-19
-1.0057310151282462e-18
6.190160542879506e-19
-7.194998452576858e-19
1.0475995375204924e-18
-2.751406110028464e-20
-1.100396772050349e-18
8.547388107404309e-20
0.0
0.0
0.0
0.0
0.0
0.0
0.0
0.0
0.0
0.0
0.0
0.0
-0.0020361614014622743
-0.004072322802924549
-0.004072322802924549
-0.004072322802924549
-0.004072322802924549
0.0
0.0
0.0
0.0
0.0
0.0
0.0
0.0
0.0
0.0
0.0
0.0
0.0
0.0
0.0
0.0
0.0
-0.004072322802924549
-0.004072322802924549
-0.004072322802924549
-0.004072322802924549
-0.004072322802924549
-0.004072322802924549
-0.004072322802924549
-0.004072322802924549
-0.004072322802924549
-0.004072322802924549
-0.0040643378567280855
0.0
0.0
0.0
0.0
0.0
0.0
0.0
0.0
0.0
0.0
0.0
0.0
0.0
0.0
0.0
0.0
-0.0040643378567280855
-0.004072322802924549
-0.004072322802924549
-0.004072322802924549
-0.004072322802924549
-0.004072322802924549
-0.004072322802924549
-0.004072322802924549
-0.004072322802924549
0.0
0.0
0.0
0.0
0.0
0.0
0.0
0.0
0.0
0.0
0.0
0.0
0.0
0.0
0.0
0.0
0.0
0.0
0.0
0.0
0.0
0.0
0.0
-0.004072322802924549
-0.004072322802924549
-0.004072322802924549
-0.004072322802924549
-0.004072322802924547
-0.004072322802924547
-0.004072322802924548
-0.0038482041181506976
0.0
0.0
0.0
0.0
0.0
0.0
0.0
0.0
0.0
0.0
0.0
0.0
0.0
0.0
0.0
0.0
0.0
0.0
0.0
0.0
0.0
0.0
0.0
0.0
0.0
-0.004072322802924549
-0.005392784978966226
-0.0038482041181506976
-0.0038482041181506976
0.0
-0.001242808076037395
0.0
0.0
0.0
0.0
0.0
0.0
0.0
0.0
0.0
0.0
0.0
0.0
0.0
0.0
0.0
0.0
-0.004085438528421528
-0.004085438528421528
-0.004085438528421528
-0.004085438528421528
-0.004036390545040471
-0.004072322802924549
-0.004072322802924549
-0.004072322802924549
-0.0038482041181506976
-0.0038482041181506976
-0.0024032411707175447
0.0
0.0
0.0
0.0
-9.326188999171287e-5
-0.0035232271652431905
0.0
0.0
0.0
0.0
0.0
0.0
0.0
0.0
-0.012987646614655313
-0.01557506810556548
-0.026902575444373047
-0.03377178746633744
-0.03124293541963548
-0.025305999037736525
-0.016293773373307778
-0.004072322802924549
-0.004072322802924549
-0.0040643378567280855
0.0
0.0
-0.0038482041181506976
-0.005496487784389261
-0.0006571409833676431
0.0
0.0
0.0
-0.0035232271652431905
-0.007836544652334347
0.0
0.0
0.0
0.0
0.0
0.0
-0.008380357106506432
-0.012996400889888885
-0.041808152342813494
-0.07173940738400142
-0.0807382909722707
-0.0762368568629256
-0.049567888352728795
-0.04443745922122893
-0.030513335970866664
-0.011009440421741597
-0.0045713526797409535
0.0
0.0
-0.0028220581214083297
-0.025626292397983117
-0.025054981835979786
-0.03140173539536091
-0.024225319860582593
-0.005940008780787646
-0.005940008780787646
-0.008927710252547424
-0.013241027739638587
0.0
0.0
0.0
0.0
0.0
-0.013784840193810662
-0.03144090237952884
-0.0653990881250712
-0.09668485082479852
-0.11077743880067228
-0.11638625749316286
-0.10042063681961429
-0.1043051960162325
-0.07378628610171163
-0.04390590775957556
-0.025613826597509833
-0.009645324720835237
-0.0077261562669508005
-0.012154821432223436
-0.0336315529698881
-0.05014828453721556
-0.0627151993850174
-0.05737384771922448
-0.029118471550936317
-0.023373657963850828
-0.013375008550910231
-0.008927710252547424
-0.008927710252547424
0.0
0.0
0.0
0.0
-0.013784840193810662
-0.042781235258603924
-0.06143207438685815
-0.10852833591221843
-0.11701791692121394
-0.08713432174572423
-0.0754878524161698
-0.08225009795705276
-0.11160150900785741
-0.11143769240800226
-0.07412860123196098
-0.02857548306810613
-0.024596318925395003
-0.009917430756089439
-0.013147334481353516
-0.031652565982069336
-0.055465327847969925
-0.07176969581169836
-0.07123742094196821
-0.04477782382028437
-0.023373657963850828
-0.016233898177142228
-0.010993128410309973
-0.011050539057034209
0.0
0.0
0.0
-0.0127082708863539
-0.03174205651157378
-0.04658372389231996
-0.09523858421151106
-0.0932838009233063
-0.06774151857728863
-0.037363758264889135
-0.024754314075414018
-0.04552133260247698
-0.0703643304235117
-0.10009672128392365
-0.0894023437638929
-0.05524185626191628
-0.023506306031429048
-0.01772981189847209
-0.007094153847010778
-0.014248902946179507
-0.024876424362328026
-0.0605385902611564
-0.08856352605717809
-0.044655716415893235
-0.030760129458809585
-0.020819214653694112
-0.010993128410309973
-0.005059412659525037
0.0
0.0
-0.00835608277753959
-0.01730806735905386
-0.030631541804466894
-0.047972241583981376
-0.08140009867670668
-0.08804885626262568
-0.0470039571565226
-0.030172121656401655
-0.020682982182137804
-0.013476009886532409
-0.05768558616050958
-0.09498543935197473
-0.09869459514116849
-0.04943692437329589
-0.021996214088379453
-0.02295711119709336
-0.013034162627798425
-0.011118239763610475
-0.020020372017869725
-0.05251761198337425
-0.07495177603930595
-0.0527122660857644
-0.05442782155882785
-0.02890928177306152
-0.008927710252547424
-0.0043133174870911605
0.0
0.0
-0.013237573595564824
-0.014903729253207916
-0.019453823592164923
-0.047212174907841055
-0.07794215505617508
-0.07573803415324233
-0.059908274524521604
-0.04003027292465128
-0.033542644870406174
-0.04066707856428035
-0.06409076550795777
-0.11031969481617475
-0.10368077138562735
-0.04808919137973782
-0.027994394858966615
-0.017266507764713907
-0.013850406313302
-0.01250531490115521
-0.02178019728411281
-0.04429038368904407
-0.08114827086958659
-0.07171964106626681
-0.05671323407525285
-0.029508768550220117
-0.007832315909952004
-0.0043133174870911605
0.0
0.0
-0.013241027739638587
-0.013224112770109188
-0.014708285019554498
-0.04526435171549627
-0.0710361445397185
-0.08795714440043871
-0.09050365025835243
-0.0809922576517919
-0.08760529374309857
-0.09916559006676648
-0.1245380640777757
-0.11461708383324401
-0.08847119922705748
-0.038711483286537965
-0.029815222503868543
-0.027960496168499636
-0.026362142965590363
-0.040170520639928126
-0.04559130285035932
-0.06929011465000412
-0.10341834191757442
-0.08647703009896847
-0.052946332785184826
-0.008376297927568712
-0.0065550570959663915
-0.0043133174870911605
0.0
0.0
-0.007836544652334347
-0.007836544652334347
-0.012173648567990055
-0.0314265449241498
-0.050973070555101155
-0.08617643650253468
-0.10443525291978484
-0.1195232615834022
-0.12279819850971725
-0.1348296813388987
-0.141913475558304
-0.14175532188596673
-0.12241698835184008
-0.10051561608806382
-0.08399814229934538
-0.07404376542207726
-0.07402408800489205
-0.09250003809691369
-0.09530477862711353
-0.09788132756827339
-0.08605669511028335
-0.0640790470258788
-0.02765266981746075
-0.009753101213588557
-0.0043133174870911605
0.0
0.0
0.0
-0.004593099052251278
-0.008398186978911037
-0.019743247883604563
-0.021632844702233832
-0.041612712567853635
-0.06120814381204038
-0.0836361256832831
-0.10466881659255264
-0.10894039191260474
-0.12699085056170883
-0.12120524222091013
-0.13254548168437894
-0.14162862421105096
-0.13164616319851458
-0.11922342472796364
-0.12025563205180721
-0.10884753384198122
-0.10030504220773752
-0.09441639813350557
-0.07974337366784086
-0.05724419140619797
-0.029024087282243635
-0.01691204806910632
-0.005516824446905218
0.0
0.0
0.0
0.0
0.0
-0.005404483087304237
-0.017698859620432484
-0.026629121325761396
-0.020434125769785195
-0.030153575368865787
-0.03428974044847773
-0.05396276595995517
-0.059648533636521006
-0.05179602840694511
-0.054220241788965506
-0.05594896049329673
-0.07293237152694927
-0.07928310608389726
-0.08207888331910969
-0.08363587369978905
-0.08442270863530396
-0.07811023505109588
-0.06701266522510385
-0.042075810404915606
-0.03132455119636235
-0.021519634367724062
-0.0038482041181506976
0.0
0.0
0.0
0.0
0.0
0.0
0.0
-0.004085438528421528
-0.016313999753078647
-0.01983722691832183
-0.01598902280017115
-0.01598902280017115
-0.01598902280017115
-0.013880819047716302
-0.017445765240445773
-0.019596232234155218
-0.019596232234155218
-0.01574802811600454
-0.019596232234155218
-0.02465438716301105
-0.017611962317929657
-0.01873445908214286
-0.020145236398122407
-0.020145236398122407
-0.015239862245340957
-0.008464247901533143
-0.0038482041181506976
0.0
0.0
0.0
0.0
0.0
0.0
0.0
0.0
0.0
-0.007933642646572222
-0.011456869811815412
-0.007608665693664715
-0.007608665693664715
-0.007608665693664715
-0.011456869811815412
-0.01552919261473996
-0.01552919261473996
-0.01552919261473996
-0.01550523777615057
-0.011456869811815412
-0.011456869811815412
-0.015142328478478033
-0.008301033428003172
-0.0038482041181506976
-0.007614934201976485
-0.004040383018138702
0.0
0.0
0.0
0.0
0.0
0.0
0.0
0.0
0.0
0.0
0.0
-0.0008865960513263047
-0.0038482041181506976
-0.0038482041181506976
-0.0038482041181506976
-0.0038482041181506976
-0.0038482041181506976
-0.00792052692107524
-0.00792052692107524
-0.0038482041181506976
-0.0019203293101647811
0.0
0.0
-0.004072322802924549
-0.004072322802924549
-0.0002555182782867572
-0.004072322802924549
-0.003245880810908479
0.0
0.0
0.0
0.0
0.0
0.0
0.0
0.0
0.0
0.0
0.0
0.0
0.0
-0.0038482041181506976
-0.0038482041181506976
-0.003365292200255217
-0.0038482041181506976
-0.004040383018138702
-0.004072322802924547
0.0
0.0
0.0
-0.0007625623617620408
-0.004072322802924549
0.0
-0.004072322802924549
-0.004072322802924549
0.0
0.0
0.0
0.0
0.0
0.0
0.0
0.0
0.0
0.0
0.0
0.0
0.0
0.0
0.0
0.0
0.0
0.0
-0.001417328010554195
-0.004072322802924549
0.0
0.0
0.0
0.0
0.0
0.0
-0.003944563663781168
-0.001529117257304651
0.0
0.0
0.0
0.0
0.0
0.0
0.0
0.0
0.0
0.0
0.0
0.0
0.0
0.0
0.0
0.0
0.0
0.0
0.0
-0.004072322802924549
-0.0010180807007311372
0.0
0.0
0.0
0.0
0.0
0.0
0.0
0.0
0.0
0.0
0.0
0.0
0.0
0.0
0.0
0.0
0.0
0.0
0.0
0.0
0.0
0.0
0.0
0.0
0.0
0.0
-0.004072322802924549
0.0
0.0
0.0
0.0
0.0
0.0
0.0
0.0
0.0
0.0
0.0
0.0
0.0
0.0
0.0
0.0
0.0
0.0
0.0
0.0
0.0
0.0
0.0
0.0
0.0
0.0
0.0
0.0
0.0
0.0
0.0
0.0
0.0
0.0
0.0
0.0
0.0
0.0
0.0
0.0
0.0
0.0
0.0
0.0
0.0
0.0
0.0
0.0
0.0
0.0
0.0
0.0
0.0
0.0
0.0
0.0
0.0
0.0
0.0
0.0
0.0
0.0
0.0
0.0
0.0
0.0
0.0
0.0
0.0
0.0
0.0
0.0
