-0.21584558871098058
-0.20589659583128095
-0.17511841910476314
-0.14933139653893399
-0.19772129378065287
-0.15981208587597726
-0.1332287031618119
-0.17152091092193264
-0.1820621471293218
-0.1859281104884758
-0.14884520165520174
-0.19885147729684416
-0.2024703338816162
-0.16938614505535465
-0.14144199742982203
-0.18710864883318887
-0.16256810803871743
-0.1219776736779209
-0.1408050086653921
-0.21557981206145463
-0.14098791780063938
-0.08899585282191481
-0.12131179499493265
-0.1721450961984159
-0.19342307267385747
-0.1965691363220697
-0.18336140414898233
-0.19843019385118452
-0.18097436757815144
-0.2056490878177278
-0.10461883486866198
-0.034744163687223634
-0.059100771452799586
-0.0788674938804177
-0.04246165352186491
-0.034170167948747186
-0.05355908510702224
-0.023873292239614045
-0.0646017976667452
-0.049361421869094334
-0.04074052296075664
-0.06373489881490461
-0.03743567568929062
-0.03979541752582129
-0.04761336271847749
-0.056529741339343784
-0.04537472178076054
-0.06456180811336423
-0.05275514934199981
-0.032736843807407316
-0.05270353497863979
-0.07875310149351303
-0.0827020572019085
-0.044007000802654066
-0.043027267568400016
-0.030815590991932307
-0.05955803283490979
-0.06343686216153702
-0.031979189005313234
