3.234527146165235e-16	-2.1818399027353673e-16	1.79424518000773e-16	-4.3648567784172957e-16	-8.261096905679761e-18	2.5594052754333832e-17
-1.4415523903328152e-17	-2.3028706067925378e-17	-1.3319799217895996e-17	-1.4346388449046018e-16	-5.438480149277184e-17	1.603882715196857e-17
3.53090541282101e-17	-1.8986849111005927e-18	-4.006140542418461e-18	-6.747417163873606e-17	-5.846110182769351e-17	7.98902898930206e-17
4.3685733695215495e-18	-1.2513799842916305e-17	1.8913127604972377e-17	4.077631717559037e-17	2.1617882006223224e-17	-5.00315128397907e-17
3.1677527337429183e-17	2.901725812097181e-17	-1.3244055945124988e-17	-2.1176372762081292e-17	1.8169890087819742e-17	-5.82477756305603e-17
-1.5896319099214283e-17	2.8524414844568637e-18	3.1196248186399674e-18	-1.5234553408030797e-17	4.826754623609135e-17	1.7047139819398518e-17
-2.1500255945930557e-18	-7.801785976873717e-18	-1.8619009964871852e-17	-3.592911377989171e-17	-2.2445032631226817e-18	-3.199995705082044e-17
-1.5733570236109945e-17	8.8375330043665e-18	3.785899486323096e-17	-1.420106399879898e-17	2.1086228177889567e-17	-2.2294721786245936e-17
9.827545991310369e-18	-2.1524594965246444e-17	-6.0984576159106765e-18	3.783764716361597e-18	-2.200424583947027e-17	-2.412467953183706e-17
-1.9232375721116764e-17	-3.146591659134548e-17	-1.7787894349991672e-17	1.164167254923151e-17	7.47322863284857e-17	-3.326990358392225e-17
-1.191143738870596e-17	9.531591643514503e-18	-1.7372446413275527e-17	1.1967486099369577e-17	4.252277113537444e-17	3.82947463110679e-17
1.450953229612711e-17	-2.7716278011639568e-17	-9.617267814074614e-18	2.103159425473555e-17	1.611872506533341e-17	6.487494464144082e-17
-5.975354619519704e-18	-3.103902089359974e-17	1.263216344336037e-17	1.119490073640905e-18	1.3133724391696754e-17	2.018704894471537e-17
8.580400890924887e-18	-2.7889172318957777e-18	-1.066107524039662e-17	2.8234950569699566e-18	5.853366654614232e-18	2.5494421347391625e-17
-2.4108910581508833e-17	1.8043804292107777e-17	2.977162945990063e-17	-3.378723945249762e-17	4.676677172686728e-17	-2.7429588620202697e-17
2.5226408072060806e-18	-1.3200226484821112e-17	9.909038522470073e-18	7.461777640475296e-18	-1.468556987293237e-17	5.854276155902646e-18
-4.716123644593701e-19	3.229709329288052e-17	-9.81939255421177e-18	-3.60313460027822e-17	-5.936185562825948e-17	-3.812185221345804e-17
-5.884274679822563e-18	-2.1822864049934064e-17	4.586667868439279e-17	4.7168784343453814e-18	-9.945087643672856e-18	-2.121344528376145e-18
-1.2858257852003367e-17	-2.2757999127184612e-17	5.249520659530049e-17	3.6644160915319985e-17	-3.9415966989693295e-17	-3.59965027813316e-18
-8.683395402956086e-18	-1.605328992168994e-17	3.795558790206939e-17	1.7265624808882462e-17	3.3962753728438853e-18	-8.584541262751588e-18
1.6289125758249224e-18	1.4685033071188983e-17	-1.2809464738079447e-18	-3.008308737418817e-17	2.926407354305842e-18	-2.2339306971832714e-17
-1.2165515350743583e-17	-9.424679295219382e-18	6.181037098075473e-17	2.7098863624741087e-18	-3.508941932559885e-17	-2.7167714850159074e-17
-5.885338740500781e-18	-1.2522778998763432e-17	-1.4296120168129193e-17	3.2631731288842116e-18	2.147043311514861e-17	2.02124073718899e-17
7.686330112748556e-18	-1.6638082880828057e-17	-5.958971439126522e-18	1.0500193304254394e-17	2.106203403506394e-17	3.9886352531556615e-17
-5.753868764191934e-20	5.701263240179266e-19	-7.873695841897331e-18	-3.494157291991291e-19	-4.022500708142563e-18	-1.5996884813966964e-18
-1.467940594453455e-18	1.0535582724838107e-17	7.445115847344844e-18	5.851717834463537e-18	-1.1931128978551129e-17	-1.9338027150782655e-17
-4.615898033774427e-18	1.7469761696594567e-17	7.345023933485445e-20	-1.1332207709464057e-17	3.021458459094325e-18	-3.6169743048199505e-17
4.013505595197476e-18	-2.1296983610231526e-17	1.1456991307841887e-17	1.7019509241827053e-17	1.3669099388149626e-17	2.3548059876855503e-17
7.272278005422941e-19	-4.7803789378729465e-18	3.0490358530712108e-18	4.3126885352721316e-18	1.280057528497693e-17	4.665114091656713e-18
1.9123898313731963e-18	7.196683307154571e-18	-7.453640042541881e-18	3.079259073353965e-18	1.9887038589039907e-18	-5.731927414138148e-18
4.392671003636777e-19	3.344890786769258e-18	-3.1863308189726606e-18	-1.2221526929945857e-18	9.537030075605058e-18	-2.401902238311817e-18
-2.149582536068144e-18	-2.6883255737471232e-18	9.20552130469676e-18	9.090045557113276e-18	-8.936037664862274e-18	1.9868022115603544e-18
2.671054337597765e-19	-7.967297642425303e-19	-5.5700227682629054e-18	-2.2266155481293644e-18	-2.354569318308952e-18	1.019226485734123e-17
3.667696607599091e-19	1.1944962060754051e-18	6.994768334137431e-18	-3.630666141956705e-18	-6.986123859352267e-18	-3.398433312880895e-18
-2.882140465120598e-18	-7.001428248922777e-18	1.514292344313364e-17	-3.878308995994767e-18	-5.445298026193121e-18	-1.3796975909288796e-18
-1.6571896004273135e-18	-3.5967935230175585e-18	8.29180017628854e-18	1.3021293888841818e-18	-4.583568826541526e-18	-1.0360832857648672e-18
-4.582022178986495e-19	-3.3081976787155382e-18	6.0561018477703174e-18	-6.424364307358365e-18	-6.293770751002207e-18	8.210149795633254e-19
-1.419453990899965e-19	-1.380530396765384e-18	2.4868065032924385e-18	-4.702690981223563e-18	-1.5345986670199861e-18	1.6131918016051865e-18
-3.03117675829929e-19	-1.7620241299097627e-18	3.0510682740952205e-18	1.7287105312558504e-18	-2.6287106527728005e-18	1.1561570873490137e-19
-2.925451302505644e-18	-6.3673506509512844e-18	1.3964920791780003e-17	1.4032086278248549e-18	-8.245647373412323e-18	-5.650638084463054e-18
-4.491296320355564e-19	2.104203594382835e-18	7.064947325547625e-19	9.116278061029684e-19	6.0886350144594275e-18	-3.750574579573608e-18
-2.0353639734635914e-18	-3.9040093235368755e-18	1.2655916925349425e-17	4.203877732251974e-18	-6.382421323728897e-18	-2.1516490598618355e-18
1.4712408972171132e-18	7.952572205922758e-19	-1.0426875396282192e-17	-7.518205577687797e-18	6.325364051752546e-18	4.037251612503682e-18
9.040809573801192e-20	1.523297018609704e-19	3.1014765691799582e-18	-1.70159446767422e-19	-1.551110209757805e-18	-2.4080155348597156e-18
-1.6273268677375742e-19	1.1209406146177066e-18	-1.560521107337477e-18	-6.733457227013653e-19	2.2256102759118793e-18	-3.668814695051304e-18
4.667839559484362e-19	2.1472377022056963e-19	-1.0376618446594973e-18	-2.654543008602565e-18	3.580671152309195e-19	1.7985019479783915e-18
1.4992690184046844e-19	8.862387166507241e-20	-1.8946367736024576e-18	-1.7674361961439155e-18	5.028374159758538e-19	1.294597155358281e-18
2.7330510890246443e-19	1.1877611404604697e-18	6.816995831324088e-19	2.8464330435605593e-18	5.157585218317531e-18	-8.520817776571535e-19
-1.330110986294039e-19	1.856143327987555e-18	-3.468736246671362e-18	-1.635973450429146e-18	6.251275454251028e-18	-2.7008622810640462e-18
-1.6830375629263099e-18	-2.376514897492635e-18	4.643494651339971e-18	4.138351973890216e-19	-1.992218241294427e-18	-4.049625454389953e-18
-4.2416541171965304e-20	-1.3949725829087598e-18	2.3406113069330537e-18	2.3878986805223817e-19	-6.837710217033509e-19	2.1265412512835026e-18
2.0567391899142382e-19	2.637496471038638e-19	-7.133177586199352e-19	8.289552572306891e-19	-2.2618798203438645e-18	2.5811216568927375e-19
2.4230808170294246e-19	1.6584300057388056e-19	-6.581059428982865e-19	-4.3350428523495364e-20	1.0361890937561996e-18	1.0255212013538837e-18
-2.82833668135423e-19	1.173589124401513e-19	4.1931609663270136e-19	-1.645432010275993e-19	-1.385989768862036e-18	-1.6543461409446557e-18
1.5910187520538432e-18	4.514441610149018e-18	-8.843182324640747e-18	-7.006028439716924e-19	6.57567293050943e-18	6.075494532776858e-19
3.658450349118309e-21	-8.274285690954378e-20	8.396835154606023e-20	2.4406712865818255e-20	5.917825887178138e-21	1.6213736034215977e-19
2.0408758486114e-19	4.413394681541581e-19	-1.2264950731163762e-18	-1.0646202819491296e-19	6.101516725790392e-19	4.572804325524336e-19
-1.1497008476414328e-19	-1.2307280907964741e-19	7.217897855926713e-19	4.766080518370966e-20	-2.734681639174459e-19	-5.776902304235672e-19
0.0	0.0	0.0	0.0	0.0	0.0
0.0	0.0	0.0	0.0	0.0	0.0
0.0	0.0	0.0	0.0	0.0	0.0
0.0	0.0	0.0	0.0	0.0	0.0
0.0	0.0	0.0	0.0	0.0	0.0
0.0	0.0	0.0	0.0	0.0	0.0
0.0	0.0	0.0	0.0	0.0	0.0
0.0	0.0	0.0	0.0	0.0	0.0
0.0	0.0	0.0	0.0	0.0	0.0
0.0	0.0	0.0	0.0	0.0	0.0
0.0	0.0	0.0	0.0	0.0	0.0
0.0	0.0	0.0	0.0	0.0	0.0
0.0	0.0	0.0	0.0	0.0	0.0
0.0	0.0	0.0	0.0	0.0	0.0
0.0	0.0	0.0	0.0	0.0	0.0
0.0	0.0	0.0	0.0	0.0	0.0
0.0	0.0	0.0	0.0	0.0	0.0
0.0	0.0	0.0	0.0	0.0	0.0
0.0	0.0	0.0	0.0	0.0	0.0
0.0	0.0	0.0	0.0	0.0	0.0
0.0	0.0	0.0	0.0	0.0	0.0
0.0	0.0	0.0	0.0	0.0	0.0
0.0	0.0	0.0	0.0	0.0	0.0
0.0	0.0	0.0	0.0	0.0	0.0
0.0	0.0	0.0	0.0	0.0	0.0
0.0	0.0	0.0	0.0	0.0	0.0
0.0	0.0	0.0	0.0	0.0	0.0
0.0	0.0	0.0	0.0	0.0	0.0
0.0	0.0	0.0	0.0	0.0	0.0
0.0	0.0	0.0	0.0	0.0	0.0
0.0	0.0	0.0	0.0	0.0	0.0
0.0	0.0	0.0	0.0	0.0	0.0
0.0	0.0	0.0	0.0	0.0	0.0
0.0	0.0	0.0	0.0	0.0	0.0
0.0	0.0	0.0	0.0	0.0	0.0
0.0	0.0	0.0	0.0	0.0	0.0
0.0	0.0	0.0	0.0	0.0	0.0
0.0	0.0	0.0	0.0	0.0	0.0
0.0	0.0	0.0	0.0	0.0	0.0
0.0	0.0	0.0	0.0	0.0	0.0
0.0	0.0	0.0	0.0	0.0	0.0
0.0	0.0	0.0	0.0	0.0	0.0
0.0	0.0	0.0	0.0	0.0	0.0
0.0	0.0	0.0	0.0	0.0	0.0
0.0	0.0	0.0	0.0	0.0	0.0
0.0	0.0	0.0	0.0	0.0	0.0
0.0	0.0	0.0	0.0	0.0	0.0
0.0	0.0	0.0	0.0	0.0	0.0
0.0	0.0	0.0	0.0	0.0	0.0
0.0	0.0	0.0	0.0	0.0	0.0
0.0	0.0	0.0	0.0	0.0	0.0
0.0	0.0	0.0	0.0	0.0	0.0
0.0	0.0	0.0	0.0	0.0	0.0
0.0	0.0	0.0	0.0	0.0	0.0
0.0	0.0	0.0	0.0	0.0	0.0
0.0	0.0	0.0	0.0	0.0	0.0
0.0	0.0	0.0	0.0	0.0	0.0
0.0	0.0	0.0	0.0	0.0	0.0
0.0	0.0	0.0	0.0	0.0	0.0
0.0	0.0	0.0	0.0	0.0	0.0
0.0	0.0	0.0	0.0	0.0	0.0
0.0	0.0	0.0	0.0	0.0	0.0
0.0	0.0	0.0	0.0	0.0	0.0
0.0	0.0	0.0	0.0	0.0	0.0
0.0	0.0	0.0	0.0	0.0	0.0
0.0	0.0	0.0	0.0	0.0	0.0
0.0	0.0	0.0	0.0	0.0	0.0
0.0	0.0	0.0	0.0	0.0	0.0
0.0	0.0	0.0	0.0	0.0	0.0
0.0	0.0	0.0	0.0	0.0	0.0
0.0	0.0	0.0	0.0	0.0	0.0
0.0	0.0	0.0	0.0	0.0	0.0
0.0	0.0	0.0	0.0	0.0	0.0
0.0	0.0	0.0	0.0	0.0	0.0
0.0	0.0	0.0	0.0	0.0	0.0
0.0	0.0	0.0	0.0	0.0	0.0
0.0	0.0	0.0	0.0	0.0	0.0
0.0	0.0	0.0	0.0	0.0	0.0
0.0	0.0	0.0	0.0	0.0	0.0
0.0	0.0	0.0	0.0	0.0	0.0
0.0	0.0	0.0	0.0	0.0	0.0
0.0	0.0	0.0	0.0	0.0	0.0
0.0	0.0	0.0	0.0	0.0	0.0
0.0	0.0	0.0	0.0	0.0	0.0
0.0	0.0	0.0	0.0	0.0	0.0
0.0	0.0	0.0	0.0	0.0	0.0
0.0	0.0	0.0	0.0	0.0	0.0
0.0	0.0	0.0	0.0	0.0	0.0
0.0	0.0	0.0	0.0	0.0	0.0
0.0	0.0	0.0	0.0	0.0	0.0
0.0	0.0	0.0	0.0	0.0	0.0
-0.0003447166081138689	0.0004311128488394039	-3.585192013267558e-5	0.0006924059929893684	0.002101897484227175	-0.0003618073663191675
-0.0006894332162277378	0.0008622256976788078	-7.170384026535116e-5	0.0013848119859787367	0.00420379496845435	-0.000723614732638335
-0.0006894332162277378	0.0008622256976788078	-7.170384026535116e-5	0.0013848119859787367	0.00420379496845435	-0.000723614732638335
-0.0006894332162277378	0.0008622256976788078	-7.170384026535116e-5	0.0013848119859787367	0.00420379496845435	-0.000723614732638335
-0.0006894332162277378	0.0008622256976788078	-7.170384026535116e-5	0.0013848119859787367	0.00420379496845435	-0.000723614732638335
0.0	0.0	0.0	0.0	0.0	0.0
0.0	0.0	0.0	0.0	0.0	0.0
0.0	0.0	0.0	0.0	0.0	0.0
0.0	0.0	0.0	0.0	0.0	0.0
0.0	0.0	0.0	0.0	0.0	0.0
0.0	0.0	0.0	0.0	0.0	0.0
0.0	0.0	0.0	0.0	0.0	0.0
0.0	0.0	0.0	0.0	0.0	0.0
0.0	0.0	0.0	0.0	0.0	0.0
0.0	0.0	0.0	0.0	0.0	0.0
0.0	0.0	0.0	0.0	0.0	0.0
0.0	0.0	0.0	0.0	0.0	0.0
0.0	0.0	0.0	0.0	0.0	0.0
0.0	0.0	0.0	0.0	0.0	0.0
0.0	0.0	0.0	0.0	0.0	0.0
0.0	0.0	0.0	0.0	0.0	0.0
0.0	0.0	0.0	0.0	0.0	0.0
0.0	0.0	0.0	0.0	0.0	0.0
0.0	0.0	0.0	0.0	0.0	0.0
0.0	0.0	0.0	0.0	0.0	0.0
0.0	0.0	0.0	0.0	0.0	0.0
0.0	0.0	0.0	0.0	0.0	0.0
-0.0006894332162277378	0.0008622256976788078	-7.170384026535116e-5	0.0013848119859787367	0.00420379496845435	-0.000723614732638335
0.0	0.0	0.0	0.0	0.0	0.0
0.0	0.0	0.0	0.0	0.0	0.0
0.0	0.0	0.0	0.0	0.0	0.0
0.0	0.0	0.0	0.0	0.0	0.0
0.0	0.0	0.0	0.0	0.0	0.0
-0.0006894332162277378	0.0008622256976788078	-7.170384026535116e-5	0.0013848119859787367	0.00420379496845435	-0.000723614732638335
-0.0006894332162277378	0.0008622256976788078	-7.170384026535116e-5	0.0013848119859787367	0.00420379496845435	-0.000723614732638335
-0.0006894332162277378	0.0008622256976788078	-7.170384026535116e-5	0.0013848119859787367	0.00420379496845435	-0.000723614732638335
-0.0006894332162277378	0.0008622256976788078	-7.170384026535116e-5	0.0013848119859787367	0.00420379496845435	-0.000723614732638335
-0.0003447166081138689	0.0004311128488394039	-3.585192013267558e-5	0.0006924059929893684	0.002101897484227175	-0.0003618073663191675
-0.0006894332162277378	0.0008622256976788078	-7.170384026535116e-5	0.0013848119859787367	0.00420379496845435	-0.000723614732638335
-0.004451022150898837	0.012606492538124027	0.004076908469185476	-0.022589266201898515	-0.007208437676662564	0.02156033754672826
-0.005022016640137669	0.015679518555392076	0.005538723239934179	-0.03200727715932856	-0.01523622682867946	0.029750826339241688
-0.005022016640137669	0.015679518555392076	0.005538723239934179	-0.03200727715932856	-0.01523622682867946	0.029750826339241688
-0.005022016640137669	0.015679518555392076	0.005538723239934179	-0.03200727715932856	-0.01523622682867946	0.029750826339241688
0.0	0.0	0.0	0.0	0.0	0.0
0.0	0.0	0.0	0.0	0.0	0.0
0.0	0.0	0.0	0.0	0.0	0.0
0.0	0.0	0.0	0.0	0.0	0.0
0.0	0.0	0.0	0.0	0.0	0.0
0.0	0.0	0.0	0.0	0.0	0.0
0.0	0.0	0.0	0.0	0.0	0.0
0.0	0.0	0.0	0.0	0.0	0.0
0.0	0.0	0.0	0.0	0.0	0.0
0.0	0.0	0.0	0.0	0.0	0.0
-0.005355303555852739	-0.0028165033172101784	-0.0019595134389704836	-0.022831096694276135	0.02160820727142535	-0.01122742276469587
-0.009860245283819609	0.012216345964922779	0.0036329876811627033	-0.05587698284308876	0.003219134216405136	0.019066114624024567
-0.011966003701184117	0.014073560250295805	0.007679198296264053	-0.0630290286676902	0.006555972066932051	0.0034148388517602647
-0.011979483680976014	0.014085825165003002	0.00770303429871085	-0.06306929992461358	0.006581935299651341	0.003321157322137961
-0.0022152101490592294	0.0020155344411591863	0.003917049976949918	-0.0066179102957977815	0.00426662483995047	-0.015394998983853166
0.0	0.0	0.0	0.0	0.0	0.0
0.0	0.0	0.0	0.0	0.0	0.0
0.0	0.0	0.0	0.0	0.0	0.0
-0.0006894332162277378	0.0008622256976788078	-7.170384026535116e-5	0.0013848119859787367	0.00420379496845435	-0.000723614732638335
0.0	0.0	0.0	0.0	0.0	0.0
-0.0060913051124920495	-0.009410007656133621	-0.023944080001542474	-0.005730271882295239	-0.04490725982345262	-0.003042543119836671
-0.008938594676636056	-0.013891504984406503	-0.03480658999960864	-0.008831624982917381	-0.06514045785403595	-0.004068413181423798
-0.013960611316773732	0.0017880135709855795	-0.029267866759674483	-0.040838902142245954	-0.08037668468271532	0.02568241315781788
-0.01395607088445507	0.001795494787878371	-0.029251876247273635	-0.04083224959864875	-0.08034748002156486	0.0256824490835739
-0.005022016640137669	0.015679518555392076	0.005538723239934179	-0.03200727715932856	-0.01523622682867946	0.029750826339241688
-0.005022016640137669	0.015679518555392076	0.005538723239934179	-0.03200727715932856	-0.01523622682867946	0.029750826339241688
-0.005022016640137669	0.015679518555392076	0.005538723239934179	-0.03200727715932856	-0.01523622682867946	0.029750826339241688
-0.005022016640137669	0.015679518555392076	0.005538723239934179	-0.03200727715932856	-0.01523622682867946	0.029750826339241688
-0.005022016640137669	0.015679518555392076	0.005538723239934179	-0.03200727715932856	-0.01523622682867946	0.029750826339241688
0.0	0.0	0.0	0.0	0.0	0.0
0.0	0.0	0.0	0.0	0.0	0.0
0.0	0.0	0.0	0.0	0.0	0.0
0.0	0.0	0.0	0.0	0.0	0.0
0.0	0.0	0.0	0.0	0.0	0.0
0.0	0.0	0.0	0.0	0.0	0.0
0.0	0.0	0.0	0.0	0.0	0.0
0.0	0.0	0.0	0.0	0.0	0.0
-0.0037862334322676505	0.014784245665014692	-0.003471766188894466	-0.005889463957748444	-0.007931440142215748	-0.027116767238320672
-0.01780701569682213	0.039059751681115945	6.818622200809553e-6	-0.07037046330829719	-0.0075788366858003066	-0.032498391299553536
-0.029327262831540055	0.0509248635735235	-0.013853748354645855	-0.11275921826145842	-0.0062948240555519	-0.07940426877175144
-0.03369198845869634	0.042660131689683356	0.006344935456785536	-0.1170726894896457	-0.007162195829254322	-0.0849890798643765
-0.033469009746751543	0.06597196421169801	0.017241655132539516	-0.09538020149028993	-0.008557574837726569	-0.06407944585863258
-0.02958640882988773	0.059661842154859326	-0.010404263619115606	-0.09311349977473307	-0.0013644425689571561	-0.06580784989210992
-0.014611350386308414	0.045752079780993424	-0.00038586011154924035	-0.03869143852926967	-0.024130666424118662	-0.09585422242238134
-0.004979845740858186	0.02186968097864064	-0.0038610798413202317	-0.017146591748878184	-0.02238291255188392	-0.0278468108011947
-0.0003447166081138689	0.0004311128488394039	-3.585192013267558e-5	0.0006924059929893684	0.002101897484227175	-0.0003618073663191675
-0.0006894332162277378	0.0008622256976788078	-7.170384026535116e-5	0.0013848119859787367	0.00420379496845435	-0.000723614732638335
-0.005045084977867644	-0.008232356358737656	-0.018087415775012786	-0.006982174225341289	-0.03318529199279276	-0.0004240102825705675
-0.017079659246945083	0.0014884379729043276	-0.04397589694840785	-0.02202800287927096	-0.062046626034651296	0.008757974784880457
-0.018353005758824138	0.005434414395519393	-0.04262507191309297	-0.030029409226394157	-0.0658278294701391	0.016196950426620792
-0.03282072663859113	0.034948718217887344	-0.06350196620122861	-0.07196357225715383	-0.1142908330763415	-0.04535662428702573
-0.032923331363412016	0.038213558202012866	-0.05510904320996167	-0.08284231641909594	-0.12054572413075232	-0.016824593865545467
-0.02787257077718607	0.0276939380648334	-0.05149621813521002	-0.07099398121522493	-0.11998269857834352	-0.030049321304625776
-0.004979845740858186	0.021869680978640636	-0.003861079841320231	-0.017146591748878188	-0.02238291255188391	-0.027846810801194704
-0.0003447166081138689	0.0004311128488394039	-3.585192013267558e-5	0.0006924059929893684	0.002101897484227175	-0.0003618073663191675
-0.003761588934671099	0.011744266840445218	0.004148612309450824	-0.023974078187877258	-0.011412232645116914	0.0222839522793666
-0.005022016640137669	0.015679518555392076	0.005538723239934179	-0.03200727715932856	-0.01523622682867946	0.029750826339241688
-0.0023091429573503203	0.007209504157643471	0.0025467266794751073	-0.014717071633278598	-0.007005676882240009	0.013679546691969746
0.0	0.0	0.0	0.0	0.0	0.0
0.0	0.0	0.0	0.0	0.0	0.0
0.0	0.0	0.0	0.0	0.0	0.0
0.0	0.0	0.0	0.0	0.0	0.0
0.0	0.0	0.0	0.0	0.0	0.0
0.0	0.0	0.0	0.0	0.0	0.0
-0.00377633478336153	0.014745594044664872	-0.0034626896765233253	-0.005874066667273392	-0.007910704352230218	-0.027045873733426467
-0.017313455967985093	0.05750380435116946	-0.00293262968901635	-0.054791262106177546	-0.041906680530314155	-0.03829610388714551
-0.037664544917774975	0.04558326706788009	-0.021749506308370286	-0.08483716827005372	0.020296364511694996	-0.07686491377671402
-0.04376525943071538	0.033077577737643506	-0.009790308373723168	-0.0718449731124782	0.06613756340472322	-0.10560196712853093
-0.07167320817070907	0.05338796774754251	-0.0069971755906755445	-0.04740111946075292	0.13782563903256856	-0.0705040869982942
-0.0653198461330364	0.05652484835178513	-0.0012298721118977627	-0.1036804239126968	0.11880850504079563	-0.07422993902021655
-0.07243619737129393	0.049237792820392735	0.019896510284325618	-0.11543355208596418	0.12023105870054658	-0.09760701172592251
-0.054877621735640494	0.0833493348472463	-0.0034227909214243303	-0.08898417650452531	0.10064765676315433	-0.09877083265414935
-0.02974479560669167	0.0676636987148233	0.010050450055783903	-0.04295213779373637	0.03945651290464119	-0.09630248162450505
-0.011875400510379256	0.040536523808302874	-0.012639386172036561	-0.025310797091634606	-0.03620156014365382	-0.06473527625325512
-0.008820611132668113	-0.010121024949864487	-0.025477746032844376	-0.022301445910307124	-0.045674082187441116	-0.0054138677427223916
-0.038169760556160025	-0.025839320875717994	-0.07949794516454492	-0.08414297695658113	-0.07877412243320987	0.09549243901986237
-0.04794004564337568	-0.031354141492251915	-0.09625946677707461	-0.12335036896460397	-0.0455945827675212	0.07833018272301123
-0.061561737869387956	0.04253287206045791	-0.08747538951672101	-0.1079677716897747	-0.027625799215531092	0.053455566410325825
-0.07202840181917518	0.024709431211261082	-0.11011760141007199	-0.023058395924918464	-0.034928426384004695	0.029373191337576585
-0.07160058088821178	0.029426732587908216	-0.11354518388969452	0.021888628817904602	-0.08995744386249548	0.00744239564676649
-0.06021535918843818	0.05058131083825425	-0.09662185872010898	0.05584495593621288	-0.12474035991416155	0.0012934646839896369
-0.05959020193809166	0.08157724611403953	-0.05745908437589023	0.0715145275263086	-0.08048256016625895	0.01652577076200441
-0.03126419449497369	0.09881646901856199	0.017117641588447165	-0.01548367160286627	-0.009555320292849109	0.028996176687066035
-0.01838346488273692	0.052713948731200055	0.02596778705502268	0.0010579908926577782	0.026685052868577277	0.08570834819895778
-0.005022016640137669	0.015679518555392076	0.005538723239934179	-0.03200727715932856	-0.01523622682867946	0.029750826339241688
-0.005022016640137669	0.015679518555392076	0.005538723239934179	-0.03200727715932856	-0.01523622682867946	0.029750826339241688
0.0	0.0	0.0	0.0	0.0	0.0
0.0	0.0	0.0	0.0	0.0	0.0
0.0	0.0	0.0	0.0	0.0	0.0
0.0	0.0	0.0	0.0	0.0	0.0
0.0	0.0	0.0	0.0	0.0	0.0
0.0	0.0	0.0	0.0	0.0	0.0
-0.0112639669621875	0.04544039986644619	-0.007127141098528525	-0.03287551092256494	-0.03670747287643743	-0.05668146376773715
-0.03540591586923369	0.061132189857421415	-0.020235235651015836	-0.029450213660465602	-0.01853415803599667	-0.06501868212443054
-0.05609947660163342	0.0613739391701355	-0.021361566429752583	-0.03140546826883465	0.05737460793765733	-0.02616663075828566
-0.082811368260211	0.005529520161009042	-0.036290475053790856	0.05509111991476845	0.16223272842820363	0.030161207090905605
-0.08331609303276677	0.011501295978924691	0.008752183192177028	0.11569800111131123	0.14524933294848724	0.060030189568961875
-0.07378731590269597	-0.0500872005528561	0.02528434440027936	0.014199899715590587	0.174263435168786	0.031385756094087586
-0.06897498801559011	-0.026685509745260388	0.03285163912121769	-0.06070519408616583	0.1318416602087626	0.05870465918711557
-0.07658591831292343	-0.004964755637009554	0.05379230643295969	-0.09359524605677128	0.17053629160295317	0.0025046699919628115
-0.05217879718604604	0.04780917183175329	0.028120818853350667	-0.01905220806399709	0.14989560948726144	-0.0955311103546345
-0.044790234620892384	0.05556092680461613	0.0021279810250778713	-0.05541545450408737	-0.0013356191476506403	-0.08896836959687976
-0.057966144611482	-0.004342560273418991	-0.10584094545547303	-0.15029745006329662	-0.08405005575096432	0.030052328347067205
-0.06128768570805556	-0.023938694275719638	-0.09326666954034052	-0.13389254224396743	-0.0018121973608741459	0.038069062025966986
-0.08881880342760637	0.00651242991937176	-0.10138655506129413	-0.06751849558134095	0.0024546961987005375	0.046741377997853606
-0.09956668490644266	-0.020426618126171657	-0.054659928297594466	0.008346517223244507	0.032359900198121634	0.008631471792456026
-0.09450489553157335	-0.012780199839603996	-0.057141021437298975	0.05433825746989074	0.0996382367392454	0.051103748205876764
-0.09499176003082861	-0.02367015943894903	-0.08129304668689386	0.06912970422526056	0.1397121353921566	0.04258564821377278
-0.08342073436539617	-0.013664789178568585	-0.1114803021986759	0.053589911440055475	0.04785511214226873	0.016926844566154658
-0.07404557700654026	0.0885417148252352	-0.069383446726507	0.08864713744846231	-0.05448710047073492	-0.01690066663242014
-0.06185360729814745	0.1194533248536196	-0.02743645876867952	0.09702583095045546	-0.01371566665476905	0.010807584222562602
-0.026494202538889663	0.08332724767074116	0.02200336485365425	-0.008012567862822397	0.009438662856417722	0.05252513360289472
-0.02522244472611873	0.07383354448557204	0.033130159876803	-0.0279101861902381	0.010361090325503057	0.1253308623235605
-0.010042815895900814	0.03441213904616176	0.01714219932276141	-0.035088915828746466	0.0007746889974120776	0.03952838945642675
0.0	0.0	0.0	0.0	0.0	0.0
0.0	0.0	0.0	0.0	0.0	0.0
0.0	0.0	0.0	0.0	0.0	0.0
0.0	0.0	0.0	0.0	0.0	0.0
0.0	0.0	0.0	0.0	0.0	0.0
-0.004979845740858186	0.021869680978640636	-0.003861079841320231	-0.017146591748878188	-0.02238291255188391	-0.027846810801194704
-0.02610615511994719	0.06791937479569338	0.0008196385947073087	-0.05037315349628975	-0.0341209018507694	-0.06357766086568735
-0.05767914285448688	0.09283040058203104	-0.007999517812774113	0.03861142630924798	0.023874726413981896	0.0076066899530241
-0.08404478097626826	0.030940285478416745	-0.06667570353461626	0.05779249584658337	0.17783795022680488	0.09273754292278424
-0.08019369239767066	-0.009629816788310368	0.013392515698852428	0.06130538018952962	0.12166751276177898	0.0739124639909411
-0.06827558378293105	-0.04436384796931976	0.050807451404878336	0.07283218908798535	-0.026130070043559658	0.12059740567183269
-0.06339242784771279	-0.04545282401055791	0.01680527013053775	0.09120575388414164	-0.03842917015225796	0.14287205438782938
-0.07808820563088485	-0.042564322002107316	0.05498149094047464	0.07061350895635315	-0.04515114511948526	0.14210946053709939
-0.0730835527537565	-0.07584716997561075	0.05057912540209177	-0.06750090176915828	0.015903212593689882	0.06160445829932
-0.0904747755528921	-0.045259565586247705	0.053610358415307445	-0.1166676722850224	0.11312892922403149	0.015304585869890844
-0.0902197232412244	-0.0043447464090746275	-0.02163725992818595	-0.1229447418619137	0.09116211444233374	0.03409202515377624
-0.09874759242038093	0.00031091886307207294	-0.025719466738776727	-0.1377667326131048	0.06785669421789864	-0.03393585253240517
-0.1159515026251999	-0.03175335366656441	0.010868608321167043	-0.02590344438883958	0.01531990588183978	0.003324676013511208
-0.09140830982053602	-0.007437692849222185	0.08220376574583667	0.13149140135809753	-0.008802823554514496	-0.08149804125743511
-0.09261521174611682	-0.01608951152829873	0.12003203592185621	0.16411177950238623	0.05131416541560589	0.004812337120119178
-0.0813643088913716	-0.043071345874883184	0.1449231854785205	0.08574289317074388	0.0917736351352512	-0.06226521949213135
-0.07837034897052524	-0.053776924985978546	0.07864322667424017	-0.029698149268913652	0.1803686459452978	-0.03591571853424956
-0.0741092606708426	-0.07403894692903197	-0.03384459224240564	-0.08171986731880977	0.11668732337536637	-0.02462109007463333
-0.0732160744751804	-0.040085332700063446	-0.1357613315550968	0.08432541428748762	-0.011777193395488394	-0.054762151528533594
-0.05307710988179442	0.0378936701982553	-0.0757924847804683	0.12125672406067596	-0.03160451315996473	-0.0709939577154383
-0.03293673522377531	0.0916174830036325	0.015936240543410224	-0.0055429301713450395	0.0052540237035423425	0.0107137402624837
-0.02522782870220496	0.07384845929054673	0.033132594266943274	-0.027897388857665694	0.010351473658057938	0.12536605150025343
-0.013254706532815162	0.04149131428656578	0.019558291670356342	-0.04272264634636182	0.002266846069394958	0.07298524622780503
-0.002387340829928136	0.00890717741758539	0.0055173391347664085	-0.0014652889796663519	0.007613033528933837	0.004649135418043591
0.0	0.0	0.0	0.0	0.0	0.0
0.0	0.0	0.0	0.0	0.0	0.0
0.0	0.0	0.0	0.0	0.0	0.0
0.0	0.0	0.0	0.0	0.0	0.0
-0.005751668493962199	0.0240052065641338	-0.0023359540973750376	-0.016370829680632012	-0.0197627857987707	-0.027561136710686336
-0.04686754601562338	0.12844941679139815	0.018890892577767784	-0.025621282478838135	-0.0250251657120429	0.018164151683264164
-0.08266758734617913	0.0819583204266505	-0.03431504598017234	0.055856823914922756	0.12435782227045356	0.06959419989806442
-0.06936939963484581	-0.013816179696958164	-0.08090403477264393	0.03938367423664847	0.15406997978989234	0.07411962911901043
-0.05674415993009813	-0.061574583212178194	0.05090360395549183	-0.025384823559998555	-0.005643739305326658	0.08466913260111408
-0.05998630965971866	-0.09409148549421828	0.13325600335390808	0.0067884712805234655	-0.0737684378704088	-0.00038020312306490806
-0.0608850931639554	-0.046220998588861785	0.0638022877961394	0.12131835144923511	-0.16417137967822373	-0.00198315582979125
-0.0699031126138996	-0.03429213483647205	0.006901118385034677	0.0849751853695895	-0.14150379538091298	0.08157770180692558
-0.09988393042392867	-0.0770315176472469	0.03607508932231224	0.057612915707181	-0.11224165610191877	0.135535199218959
-0.1109469602977317	-0.10030738535930524	0.010899231515372983	-0.05527938320361045	0.0008277647302438489	0.05826359507602895
-0.12854103414611168	-0.018356667222604962	-0.00016095771904703002	-0.1314888219257005	0.04335378881603843	-0.04150650103757873
-0.1170674998360956	0.026189092137426706	0.11423079590772367	-0.018477838871182924	0.0260904769705565	-0.06349084166736665
-0.09978520546096707	0.04520794086413238	0.12233272285186658	0.10266812598355513	0.0004836370416694733	-0.1279684413494222
-0.08387975615418733	0.04707914356869465	0.13208307304373815	0.09819107017543195	-0.03441507210918272	-0.10437442297510596
-0.0473935492183652	-0.005685788692376696	0.10927322543263801	0.058429178282638015	-0.003555417325242182	-0.04826371567587525
-0.040922631234231226	-0.009221192333439624	0.13891641015534106	0.004962615711866843	-0.009619914680732767	-0.049169509647213845
-0.030106510282722244	-0.055136482445852814	0.12497084995948568	-0.013044133732977005	-0.016942279373874856	-0.05472394969371873
-0.05660793717230085	-0.1063456609664726	-0.011588815654008863	-0.1038530637976069	0.06002686848377754	-0.012573930452229265
-0.07113169201009559	-0.08926760125016993	-0.14028867601984046	-0.02997127255569458	0.039236325595996775	-0.03910652940038425
-0.059960732344963394	0.006345588008592824	-0.08650682559836737	0.12047470138464823	-0.003433177715925472	-0.08866468838395754
-0.034727473203321244	0.07602250664469899	-0.008426163250016399	0.043830971554964446	0.019806859621124117	-0.07854979180596389
-0.025186875187300003	0.07698551977841755	0.017668038342795817	-0.04196234193712599	-0.028042354719917513	0.08774167758187369
-0.020148737231931748	0.059795323719967416	0.023096283305633458	-0.033002403562071084	-0.006890650118744836	0.1234861317511351
-0.00502079925576315	0.018732620490769736	0.011603476082827233	-0.0030816386694178925	0.01601091582609154	0.009777563117185067
0.0	0.0	0.0	0.0	0.0	0.0
0.0	0.0	0.0	0.0	0.0	0.0
0.0	0.0	0.0	0.0	0.0	0.0
0.0	0.0	0.0	0.0	0.0	0.0
-0.022307642745682515	0.07021065349227738	0.018690354058641567	-0.0525452850568553	-0.016679338369854992	0.06318638238750814
-0.059555705921178204	0.14592427587107792	0.017029541501245454	0.0008195791799691671	0.006285728042170754	0.017640977477535666
-0.07200130896786483	0.04181248839911371	-0.045780712745438115	0.09128490576723527	0.13999175928529248	0.04895215125063677
-0.07058213927599225	-0.07121594303923925	-0.09953934110900334	0.012326005154303729	0.04973679338540774	0.04173160815628359
-0.0686011129603546	-0.1362607881097714	0.07919307393850414	-0.011529228917947174	-0.05084073905762957	-0.018993930910968796
-0.054958380915244194	-0.10454057398571168	0.08039343525580284	-0.013558526401158682	-0.07990522790811456	-0.06742322894157192
-0.03728025499805466	-0.05720500713402748	0.011044630874563623	-0.040346597042892236	-0.04485985406295836	-0.029945076232208358
-0.05528431686847186	-0.04616705409333958	-0.035326715411417575	-0.003977404125846272	-0.02965594254631006	0.08827363948332365
-0.09744238741983174	-0.07117641355040283	-0.048430207200077284	-0.008470898302887853	-0.001525546933569302	0.1443375305484228
-0.1285858114216706	-0.07935427333183208	0.017178090594055395	-0.03496633063720954	-0.056314153764879034	-0.010296752494419168
-0.14049199809133428	-0.045455301440704636	0.07255830706905074	-0.048806131865639285	-0.09089196923708884	-0.02057704341549923
-0.12097198343813803	0.05041091472215452	0.14748204450694746	0.06074182953455507	-0.10311963030518642	-0.07553456036181193
-0.0891066783609801	0.06366752655723178	0.0720151060631045	0.07565812676646937	0.04072872464058045	-0.1380022808242644
-0.05558078019323367	0.06273054452623089	0.015054215996387092	0.02804759441484123	0.03366374741752753	-0.1117234525550426
-0.016731289334586247	-0.009771844130932163	0.033391714138961484	0.0001648962065960499	-0.002521359376513042	-0.051348755312139865
-0.011521335904387196	-0.023148696965538423	0.0567784084440747	-0.00452664117313992	-0.0279578847216954	-0.01300957212591654
-0.025891424747576854	-0.062494776126562734	0.1268682552044351	0.0031990291762376893	-0.04801169103326082	-0.022191255124500965
-0.04667763096130067	-0.10650500131310786	0.08270892582106174	-0.0598649075828425	-0.050893071001972316	0.01100691939989131
-0.0667262891996842	-0.09493627013382683	-0.1432733752427329	-0.03800514959900441	0.027583524590553625	-0.015647090916741702
-0.06416661102280906	-0.01613423001549179	-0.10844090513960092	0.10843667168417777	0.039185238411781474	-0.08159149831365119
-0.03979557961059609	0.0827663363713038	-0.008802747750920208	0.04881929172295376	0.01942529953258888	-0.09479198221405387
-0.02637297303457348	0.07962161649048707	0.019301038344676613	-0.04086811897652181	-0.023789588603567433	0.08624651897888395
-0.017573722821244833	0.05175572745298641	0.020256330119168896	-0.0165908291213577	0.0009216504886996716	0.10823154140567368
-0.00502079925576315	0.018732620490769736	0.011603476082827233	-0.0030816386694178925	0.01601091582609154	0.009777563117185067
0.0	0.0	0.0	0.0	0.0	0.0
0.0	0.0	0.0	0.0	0.0	0.0
0.0	0.0	0.0	0.0	0.0	0.0
-0.004614265400740685	0.01017008269277735	0.003471005891785896	-0.010966767735233581	0.0021436622625282615	0.048064779928503144
-0.03547519227183179	0.10742517309207235	0.03652374630856566	-0.04018448358706951	0.0068553008392847085	0.09087916912638921
-0.06101194078816302	0.14335664230151252	0.005536491455705211	0.02468708182709442	0.017659256438218536	0.03187715077315946
-0.05599552334248143	0.010734560216735065	-0.06618456377609629	0.10782794160467972	0.06327131486759738	-0.028106739025177768
-0.06680943238409473	-0.09356936277996537	-0.09609610161460173	0.011330758324692852	0.049676395635971884	-0.01114554234005307
-0.07574311012244755	-0.122962173455169	0.025890905614931427	0.014984820939864082	-0.09732394098465622	-0.035483565769265306
-0.05845932980934678	-0.09471260720215031	0.0716234096659767	-0.018572358279455522	-0.06634643424811323	-0.017892038261916432
-0.0546161890971917	-0.07930836648272431	0.057933308499917645	-0.07365906999923459	0.03473031365078381	0.005930700190036227
-0.05926458425358858	-0.042510650642340025	0.05653240689633212	-0.12984306027177417	0.026911117961438896	0.02513061448552841
-0.10223650835202723	-0.07950251016203608	0.02712613369124584	-0.14222639765118913	-0.013972091682157198	-0.08362926942647031
-0.14664348773798633	-0.04652489976239485	0.07345410022143607	-0.03689277227592859	-0.06652186136930827	-0.04617373233653169
-0.14395984981960547	-0.029920604711402704	0.06013266139473123	0.02786769718808216	-0.08248736475436547	-0.0662822782598276
-0.11542824686646784	-0.01054348664333266	0.07546886896255203	0.06434136373375862	-0.08105193410994797	0.06796818800836182
-0.08091199704470096	0.07085139961891529	0.08654392957373369	0.013358461037870235	0.0233894187572818	-0.02331849732035558
-0.05555784077396949	0.06545834932533354	0.08421405713235212	-0.017942885941898575	0.04202635383608099	-0.13873684366365946
-0.018215436010884066	0.014537801904336846	0.008482758132760015	0.016614855995902702	0.0036560370714585964	-0.06580355686621586
-0.01109137598990914	-0.008080164225934465	0.022274651076618017	0.015450117657248857	-0.012466149325318665	-0.0201170874178673
-0.03305621363185737	-0.06491189713870392	0.12060754143122933	0.010088655335798561	-0.024898627207239052	-0.028006389226561686
-0.061894225243236685	-0.12329465771211427	0.08674720840350295	0.0028788299598518216	-0.025130090476511373	-0.006115845938725498
-0.06837226619444568	-0.09265986069648945	-0.13840784712939658	-0.010011217082643471	0.022516803632588983	-0.028986472562496462
-0.06686399828343159	-0.0009122843674444263	-0.10078347159998696	0.08545035040827738	0.06415730814595093	-0.07830209312295427
-0.04493471413273586	0.09872607805405555	0.007422262863796049	0.004590120434132225	0.0013941036646538006	-0.07629271056164692
-0.025186875187300003	0.07698551977841755	0.017668038342795817	-0.04196234193712599	-0.028042354719917513	0.08774167758187369
-0.015126720591794072	0.04411580516457533	0.017557560065699276	-0.000995126402742522	0.008345576709934617	0.09373530541189344
-0.00502079925576315	0.018732620490769736	0.011603476082827233	-0.0030816386694178925	0.01601091582609154	0.009777563117185067
0.0	0.0	0.0	0.0	0.0	0.0
0.0	0.0	0.0	0.0	0.0	0.0
-0.00502079925576315	0.018732620490769736	0.011603476082827233	-0.0030816386694178925	0.01601091582609154	0.009777563117185067
-0.00963506465650383	0.028902703183547086	0.015074481974613129	-0.01404840640465146	0.018154578088619783	0.057842343045688235
-0.03292171508946815	0.10175008244061708	0.033008160934907244	-0.04254016897065227	-0.0023002180455962825	0.09409800422125525
-0.05137136908708813	0.12907762256043517	0.006104978252838447	0.017331032989198695	0.015190503783459134	-0.010483649187612503
-0.05624999775134122	0.0018474195005980458	-0.09209563990644767	0.11430588863714525	0.0259703767043847	-0.04323807650715668
-0.055915154698812454	-0.07018673744464397	-0.1370517224639847	0.02519770160546384	-0.01677282891373228	-0.012473443561272134
-0.06571165728520527	-0.11463172032883259	0.03444950193232865	-0.017605408212234323	-0.030529340915093836	0.0297194123783183
-0.05801188596768497	-0.08376835871625851	0.0926682348170606	0.0035745588719538306	-0.005477399291381984	0.03822722480670258
-0.07528605253671025	-0.07050263187496675	0.14018054013650535	-0.07854907301189482	-0.009948388108226762	0.03154449211475935
-0.10657835035414097	-0.042802545611843115	0.09692642232394569	-0.10038161284575392	-0.012368029800300134	-0.09512635872025207
-0.1251839150402838	-0.025653997786494184	0.08410085663165887	0.04407526032856797	-0.12459802514309594	-0.10106553311304499
-0.09015940686965336	0.0322209424796593	0.05176245154161547	0.056385724506148684	-0.06418721595982525	-0.004660859898765522
-0.10272483273084926	-0.06140367233228295	-0.008775822504357666	0.053407051319617295	0.027429119355173896	0.09651623519915059
-0.0939773395600857	-0.08106016674221432	-0.05648239526509686	0.04722206457567176	-0.06028136443366041	0.06296234096372771
-0.10081850502504484	0.02507161246948692	0.05298848149132566	0.03631861794487999	-0.12865628840507848	0.05374198274483218
-0.08292464494639966	0.09901961316914357	0.11973785178843109	-0.000477083746333165	-0.0325166928801415	-0.016232979918703407
-0.061966581559029774	0.056808021359118624	0.11251352056662711	0.0023885393939611925	0.007539456770971739	-0.010524996384282517
-0.029711255861324393	-0.034600314908026564	0.05918202328637323	0.07733918926113076	-0.025928863227430304	-0.024354470706705773
-0.052793136766833594	-0.08622742330888822	0.1098029842594678	0.06523602346926688	0.000385627228970251	-0.03691272588189623
-0.07456567352108692	-0.12570346677349514	0.019757792106343527	-0.002582785381487706	0.010880231873099944	-0.028285850084150653
-0.07008202380521604	-0.09245405258255415	-0.13288793385721842	0.00045372389621929014	0.016557155257081898	-0.019797763045469756
-0.05866788482334181	0.03659954788342528	-0.048745176846207584	0.07064678751364398	0.0847951731627516	-0.08132331203322324
-0.042920772716258986	0.1054107427784345	0.0070561065151382996	-0.01312354124782609	-0.014140751709596742	-0.046299237922148205
-0.022183679314639534	0.0695493340516569	0.012037190675460462	-0.046447104700114566	-0.03842378492367332	0.08805867219512092
-0.01281054031274587	0.039010822480761945	0.01581525122630653	0.004509760929740079	0.007269542319582729	0.06960867078673282
-0.00502079925576315	0.018732620490769736	0.011603476082827233	-0.0030816386694178925	0.01601091582609154	0.009777563117185067
0.0	0.0	0.0	0.0	0.0	0.0
0.0	0.0	0.0	0.0	0.0	0.0
-0.00502079925576315	0.018732620490769736	0.011603476082827233	-0.0030816386694178925	0.01601091582609154	0.009777563117185067
-0.01579917159246218	0.046851957287465607	0.019476385838533516	-0.021110390831535437	0.00404828856167702	0.09661214982744536
-0.02512858297278994	0.08166500469860807	0.01923520346431322	-0.05014899531094928	-0.02927356267062875	0.0956393209499404
-0.03870571065770716	0.10374917012078042	0.01583399117025217	0.015725979150303382	0.018307063414808925	-0.04488906792289922
-0.06860613129638894	0.05397263143015125	-0.07847650977721003	0.07267120637630499	0.03056724454390158	-0.07957743048957824
-0.06267651793079791	-0.023846782601368438	-0.13293389831966435	0.06327626141096146	-0.024622534248530746	-0.0014919212555944104
-0.05978729196598618	-0.019731648822800506	-0.04181177437024497	0.015910146064090126	0.0254756253729647	0.056092444335129873
-0.07292814286253146	-0.023039234126679468	0.054085857735794274	-0.029937436478330033	0.01824338959339594	0.07770116197184251
-0.0949266116619976	0.02110917281231225	0.05051283564957379	-0.020444610364831105	-0.05078511349465676	-0.0030785840652102145
-0.09793444681611	0.0218913568691084	0.010064715289032855	0.02327221714083854	-0.10274935818498945	-0.012557680495904062
-0.07716590613587473	0.05143025245919586	-0.05421843333463906	0.09605101743319985	-0.06865028353180005	-0.01812258304389121
-0.03587104104144086	-0.01851924480004057	-0.04853937419630022	0.1007934974100181	-0.039147376518032476	-0.0022921643725174676
-0.03564524559857994	-0.04279778590349568	-0.039336033642984145	0.02351578314606773	0.08457236225110205	-0.024693611452361056
-0.0713851671271506	-0.11915736998119594	-0.052459527039906584	0.009879622331782717	0.017526373765751835	0.006941961658535875
-0.082881057923345	-0.10154683942125696	-0.032580084307089405	0.08232842529743441	-0.07054460534673912	0.0643862096472077
-0.1108389664555334	0.01849056551802271	0.03476242853694683	0.022460682232370164	-0.06880056866449705	0.08102912400118613
-0.10193390089387742	0.04370496973959155	0.09212775688085703	0.07129453556941646	0.0218374473999005	0.06123615055065663
-0.07303786935546011	0.0474209961495838	0.082114904158961	0.04336969265578164	0.02308015534652828	0.0685675743865296
-0.07777099891894669	-0.005871870736258879	0.10178553844888474	0.02516417805059694	0.0177176476772572	0.0912010252480423
-0.0841344285283018	-0.10698321746987301	-0.034063404349940915	-0.04708742162949764	0.03305528586348169	0.026895863033332343
-0.05975934650207016	-0.055786618572846176	-0.10100196827577997	-0.028503170262378776	0.03290193977793068	0.02502379389179717
-0.04622463679926966	0.059500621209003755	-0.01004117323623939	0.03694415032325138	0.05723335080557361	-0.02122366174262847
-0.04569789227701569	0.12196384945618059	0.01947060093304534	-0.03490655556646771	-0.020306858110258945	0.012305098176548856
-0.02512858297278994	0.08166500469860807	0.01923520346431322	-0.05014899531094928	-0.02927356267062875	0.0956393209499404
-0.00502079925576315	0.018732620490769736	0.011603476082827233	-0.0030816386694178925	0.01601091582609154	0.009777563117185067
0.0	0.0	0.0	0.0	0.0	0.0
0.0	0.0	0.0	0.0	0.0	0.0
0.0	0.0	0.0	0.0	0.0	0.0
0.0	0.0	0.0	0.0	0.0	0.0
-0.020148737231931748	0.059795323719967416	0.023096283305633458	-0.033002403562071084	-0.006890650118744836	0.1234861317511351
-0.02512858297278994	0.08166500469860807	0.01923520346431322	-0.05014899531094928	-0.02927356267062875	0.0956393209499404
-0.02663985220208705	0.07763999816026165	0.009145570375308897	-0.008763831327333932	-0.008499459267964504	-0.004349935591378494
-0.05494148619723305	0.07324536478546317	-0.06421363137453968	0.032844659736282124	-0.06424534561668528	-0.048620557982143264
-0.07566576900447014	0.07637587092754194	-0.10056708623669547	0.07830974944947823	-0.06673282553930819	0.004404092154108499
-0.08786578412523684	0.10000406649150184	-0.07964595573642477	0.04021952934722359	0.00501340040860084	0.04429016595682826
-0.08151116659936755	0.09116740403258666	-0.07927342325314127	0.0657230545697265	0.008631189662558377	-0.006224859162867372
-0.07146247384747761	0.053651743584990995	-0.08594963950427184	0.06074479667426605	-0.06271261303633108	-0.009649836304062756
-0.06089805095900883	0.03976153327949924	-0.09264829358906865	0.10272925247705356	-0.09170121915723607	-0.036970590236021963
-0.03368732231456819	0.0008101145915882722	-0.06942097594776986	0.12612314722008244	-0.03547565790537311	-0.01149837447457076
-0.012649917388230212	-0.002185671096326995	-0.02407192268201542	0.04326972058736723	0.020324422953753037	-0.00849731535283092
-0.02148805582117116	-0.017015350645987328	-0.04900660196330617	0.018739664438571255	0.04315682804489777	-0.017962322767603366
-0.0307786266672939	-0.04742492496815784	-0.024374774608219928	-0.0018230810121343964	0.08153413785901324	-0.027099883853880104
-0.052955203869736706	-0.11059203207783383	-0.06354959436841005	-0.04674763186416839	-0.03432593368308725	0.00612976748528964
-0.08109886406821556	-0.07966952955632335	-0.03893901358870026	-0.001290408394682365	-0.05965359036730685	-0.06559556442082741
-0.08894291894109407	-0.031241124019758888	0.0006360103000577592	0.01743026630981914	0.0244924629355148	-0.011491685453518932
-0.10418515823912312	0.02437365458284223	0.019038990277530032	-0.021099364737124295	0.09751296698927976	0.05024640257447037
-0.09555482475282061	-0.005110726992970383	-0.04004717490161512	-0.018176723190934857	0.007918382466778002	0.11357159875860713
-0.08937381307801394	-0.007943028829662606	-0.0467339931951284	-0.08420529951783415	0.011557514276853753	0.13342655005615114
-0.07514655240560858	0.07305895101240266	-0.03538198909592087	-0.01693099963622246	0.015673616683119236	0.08256592692320494
-0.05318130020992653	0.1175509959281284	0.02612548307705076	0.008168092364776856	0.028146505841861937	0.056294800128758316
-0.0388561788223258	0.1096254470307781	0.029988085581911218	-0.05700686291785013	-0.00934995098800016	0.03896498470381462
-0.02010656633265227	0.06598548614321598	0.01369648022437904	-0.01814171815162071	-0.014037335841949305	0.06588849461069875
-0.00502079925576315	0.018732620490769736	0.011603476082827233	-0.0030816386694178925	0.01601091582609154	0.009777563117185067
0.0	0.0	0.0	0.0	0.0	0.0
0.0	0.0	0.0	0.0	0.0	0.0
0.0	0.0	0.0	0.0	0.0	0.0
0.0	0.0	0.0	0.0	0.0	0.0
-0.006717969189134472	0.020377682349134833	0.006305556171122367	-0.02797611720450586	-0.018265477220057988	0.040835417532370515
-0.021374886685636994	0.06519992090234979	0.02213177819613924	-0.03723392726829371	-0.012446693454592282	0.11648478597647911
-0.023088909890716727	0.0811913103158928	0.009104907116683911	-0.012676661909339151	-0.017619303773626655	-0.02154428098689576
-0.03795991352839283	0.08588201533736786	-0.01347646635224799	-0.02787653622333913	-0.06169873966975193	0.019015941811324488
-0.05993675553308663	0.08072104992606086	-0.0726519667925082	-0.002068601445360548	-0.09557437355285946	0.017082635134592426
-0.05691089071344118	0.07639975296942136	-0.06321061350023044	0.0356217301636204	-0.05431463653869489	-0.01612064541547647
-0.0520783020783035	0.06644781968791938	-0.061357361457630585	0.04686731720096065	-0.07134145550784093	-0.030141325891181427
-0.038698248275754896	0.005629572197499595	-0.08943375573428698	0.07135433213755253	-0.06521322985487575	-0.05832097603814351
-0.02375391122817479	0.00012112536325769086	-0.05687408890824506	0.08286889591258924	-0.043958377671251006	-0.019562739279601084
-0.008536973211689227	0.0011438324291664593	-0.01990888967226695	0.0335141134215699	0.010443677240624817	-0.005515263529552675
-0.004392394442050407	0.003646400824533817	-0.01335720515341848	0.010809492915851777	0.014548855212576248	-0.009485462731197108
-0.004392394442050407	0.003646400824533817	-0.01335720515341848	0.010809492915851777	0.014548855212576248	-0.009485462731197108
-0.005028025465468971	-0.006828005747972985	-0.017118801884325664	-0.017844593892605343	0.015667656894275232	-0.0027970646565542816
-0.019334917828104425	-0.031339048462493406	-0.03937021229786123	-0.03307307945231785	0.07827021928748931	-0.015363055287431962
-0.046202858981107174	-0.05692507288824713	-0.10486832827484203	-0.09077314017549644	-0.030238554478114993	-0.037551798101824095
-0.06708609993719467	-0.07204526649098093	-0.06818410970615595	-0.11915722765700494	-0.03677530899896535	-0.059865796559594536
-0.07990387688968331	-0.050501892507922176	-0.08185130128832281	-0.10064799282333828	-0.04282608434292282	-0.0944965547221914
-0.07707276495640665	-0.0058652088999270905	-0.06894492062839673	-0.07325431210903445	-0.02935237125512565	-0.038782991292592627
-0.07341759906806664	0.04731721546791432	-0.02514625599676559	-0.05090154950916045	0.005643616335497894	-0.017121370594490357
-0.049497187602082944	0.11417417774377489	0.014331215045612536	-0.05236093096931932	1.78255125520399e-5	-0.021553445343595042
-0.03574227843325036	0.10473168484264664	0.010293135266709167	-0.0370002730231423	-0.042624181149836404	-0.02120237958061112
-0.01776310562831788	0.06387345621034192	0.01452022413684396	-0.04572166490924261	-0.026503107576369322	0.029592870661641697
-0.010000644996621332	0.04060230146941038	0.007742396241506997	-0.020228230418296075	-0.006371996725792383	-0.018069247684009634
0.0	0.0	0.0	0.0	0.0	0.0
0.0	0.0	0.0	0.0	0.0	0.0
0.0	0.0	0.0	0.0	0.0	0.0
0.0	0.0	0.0	0.0	0.0	0.0
0.0	0.0	0.0	0.0	0.0	0.0
-0.005022016640137669	0.015679518555392076	0.005538723239934179	-0.03200727715932856	-0.01523622682867946	0.029750826339241688
-0.005022016640137669	0.015679518555392076	0.005538723239934179	-0.03200727715932856	-0.01523622682867946	0.029750826339241688
-0.001626126541137469	0.0069533925758764464	-0.0013154685706366948	-0.0048703318826811915	-0.006382479916800988	-0.009699248597896993
-0.01498366549077596	0.045210255879257	-0.0020095560409777377	-0.05226696953955595	-0.04785264411377116	0.0021116845416041356
-0.016445651985787093	0.012701413197879326	-0.031194621308166776	-0.049395387633619496	-0.09154619692805167	0.011786308550496418
-0.012705107156739313	-0.002131866067862434	-0.03065254756965801	-0.0328370828524138	-0.0765676279755455	0.01824470657300746
-0.008938594676636056	-0.013891504984406503	-0.03480658999960864	-0.008831624982917381	-0.06514045785403595	-0.004068413181423798
-0.006503550656582064	-0.004437462886661596	-0.02517486895528447	0.0033587163486241203	-0.028077274098668177	-0.008774500273711032
-0.00546078701039292	0.0020935108094600526	-0.017945004561246376	0.010301997212030935	0.005780246844372139	-0.010485499529464842
0.0	0.0	0.0	0.0	0.0	0.0
0.0	0.0	0.0	0.0	0.0	0.0
0.0	0.0	0.0	0.0	0.0	0.0
0.0	0.0	0.0	0.0	0.0	0.0
-0.005028025465468971	-0.006828005747972985	-0.017118801884325664	-0.017844593892605343	0.015667656894275232	-0.0027970646565542816
-0.014310342440468294	0.008759571069312565	-0.039472362732053304	-0.03702040536771972	-0.042045013331959334	-0.034648343572585574
-0.02339579418167994	-0.0108746527385113	-0.06818083533121298	-0.06079138406208221	-0.08740443910422005	-0.0323179644870821
-0.03873633447204397	0.007346058898245021	-0.06170334398563961	-0.10755121150741696	-0.071989393932329	-0.11216306910099869
-0.03256787234390571	0.01993552761234528	-0.01682717511820779	-0.07604642568537223	-0.07263010816183352	-0.11599939658534708
-0.023908461967012608	0.034442509080626404	-0.01858399333128779	-0.06969294208314014	-0.036515010270227286	-0.10639467472775022
-0.01927722072593341	0.04207335076610442	-0.0022736697102543734	-0.06290734720952455	-0.006726254121147667	-0.1063580304544389
-0.0062419235516140694	0.026797762866978877	-0.005018335237618384	-0.019109746401461	-0.02502672593262251	-0.036885733213968264
-0.002465511863350484	0.010827636177187452	-0.0019116130598209875	-0.008489243959111336	-0.011081736122913731	-0.013786901434217957
0.0	0.0	0.0	0.0	0.0	0.0
0.0	0.0	0.0	0.0	0.0	0.0
0.0	0.0	0.0	0.0	0.0	0.0
0.0	0.0	0.0	0.0	0.0	0.0
0.0	0.0	0.0	0.0	0.0	0.0
0.0	0.0	0.0	0.0	0.0	0.0
-0.005022016640137669	0.015679518555392076	0.005538723239934179	-0.03200727715932856	-0.01523622682867946	0.029750826339241688
-0.005022016640137669	0.015679518555392076	0.005538723239934179	-0.03200727715932856	-0.01523622682867946	0.029750826339241688
-0.005022016640137669	0.015679518555392076	0.005538723239934179	-0.03200727715932856	-0.01523622682867946	0.029750826339241688
-0.005022016640137669	0.015679518555392076	0.005538723239934179	-0.03200727715932856	-0.01523622682867946	0.029750826339241688
-0.0055530105047269605	-0.002371527812278176	-0.01712244580959129	-0.009985090035895585	-0.039130883459340786	0.003347602726568628
-0.004307353435556864	-0.006260663298928507	-0.018496266378575228	-0.00204603010930177	-0.03535170170495629	-0.004031768908112476
-0.004307353435556864	-0.006260663298928507	-0.018496266378575228	-0.00204603010930177	-0.03535170170495629	-0.004031768908112476
-0.001068392568342513	-0.0015528900150737657	-0.004587799407827903	-0.0005074957038208358	-0.008768608368204108	-0.0010000367982677264
0.0	0.0	0.0	0.0	0.0	0.0
0.0	0.0	0.0	0.0	0.0	0.0
0.0	0.0	0.0	0.0	0.0	0.0
0.0	0.0	0.0	0.0	0.0	0.0
0.0	0.0	0.0	0.0	0.0	0.0
0.0	0.0	0.0	0.0	0.0	0.0
0.0	0.0	0.0	0.0	0.0	0.0
-0.004070871300249175	-0.005916940628494411	-0.017480785147729865	-0.0019336990511728126	-0.03341082407997733	-0.0038104169028214787
-0.0018647164198303716	-0.0029281319361629185	-0.007141169245851277	-0.0019962188380314508	-0.013313452855142398	-0.0007045513931943398
-0.009297111580704195	-0.011309570700366978	-0.01819813321973855	-0.031001503553870494	-0.012384343846108628	-0.01054045230536885
-0.006886141812461816	-0.007337044189171022	-0.009707170405761325	-0.027469002600407848	0.0031233325564791864	-0.010521375727291
-0.004665870339625002	-0.003678729014888985	-0.0018878095987051322	-0.024215908680254875	0.017404412302971004	-0.010503808032057537
0.0	0.0	0.0	0.0	0.0	0.0
0.0	0.0	0.0	0.0	0.0	0.0
0.0	0.0	0.0	0.0	0.0	0.0
0.0	0.0	0.0	0.0	0.0	0.0
0.0	0.0	0.0	0.0	0.0	0.0
0.0	0.0	0.0	0.0	0.0	0.0
0.0	0.0	0.0	0.0	0.0	0.0
0.0	0.0	0.0	0.0	0.0	0.0
0.0	0.0	0.0	0.0	0.0	0.0
-0.005022016640137669	0.015679518555392076	0.005538723239934179	-0.03200727715932856	-0.01523622682867946	0.029750826339241688
-0.005022016640137669	0.015679518555392076	0.005538723239934179	-0.03200727715932856	-0.01523622682867946	0.029750826339241688
0.0	0.0	0.0	0.0	0.0	0.0
0.0	0.0	0.0	0.0	0.0	0.0
0.0	0.0	0.0	0.0	0.0	0.0
0.0	0.0	0.0	0.0	0.0	0.0
0.0	0.0	0.0	0.0	0.0	0.0
0.0	0.0	0.0	0.0	0.0	0.0
0.0	0.0	0.0	0.0	0.0	0.0
0.0	0.0	0.0	0.0	0.0	0.0
0.0	0.0	0.0	0.0	0.0	0.0
0.0	0.0	0.0	0.0	0.0	0.0
0.0	0.0	0.0	0.0	0.0	0.0
0.0	0.0	0.0	0.0	0.0	0.0
0.0	0.0	0.0	0.0	0.0	0.0
0.0	0.0	0.0	0.0	0.0	0.0
0.0	0.0	0.0	0.0	0.0	0.0
0.0	0.0	0.0	0.0	0.0	0.0
0.0	0.0	0.0	0.0	0.0	0.0
0.0	0.0	0.0	0.0	0.0	0.0
0.0	0.0	0.0	0.0	0.0	0.0
0.0	0.0	0.0	0.0	0.0	0.0
0.0	0.0	0.0	0.0	0.0	0.0
0.0	0.0	0.0	0.0	0.0	0.0
0.0	0.0	0.0	0.0	0.0	0.0
0.0	0.0	0.0	0.0	0.0	0.0
0.0	0.0	0.0	0.0	0.0	0.0
0.0	0.0	0.0	0.0	0.0	0.0
0.0	0.0	0.0	0.0	0.0	0.0
0.0	0.0	0.0	0.0	0.0	0.0
0.0	0.0	0.0	0.0	0.0	0.0
0.0	0.0	0.0	0.0	0.0	0.0
0.0	0.0	0.0	0.0	0.0	0.0
0.0	0.0	0.0	0.0	0.0	0.0
0.0	0.0	0.0	0.0	0.0	0.0
0.0	0.0	0.0	0.0	0.0	0.0
0.0	0.0	0.0	0.0	0.0	0.0
0.0	0.0	0.0	0.0	0.0	0.0
0.0	0.0	0.0	0.0	0.0	0.0
0.0	0.0	0.0	0.0	0.0	0.0
0.0	0.0	0.0	0.0	0.0	0.0
0.0	0.0	0.0	0.0	0.0	0.0
0.0	0.0	0.0	0.0	0.0	0.0
0.0	0.0	0.0	0.0	0.0	0.0
0.0	0.0	0.0	0.0	0.0	0.0
0.0	0.0	0.0	0.0	0.0	0.0
0.0	0.0	0.0	0.0	0.0	0.0
0.0	0.0	0.0	0.0	0.0	0.0
0.0	0.0	0.0	0.0	0.0	0.0
0.0	0.0	0.0	0.0	0.0	0.0
0.0	0.0	0.0	0.0	0.0	0.0
0.0	0.0	0.0	0.0	0.0	0.0
0.0	0.0	0.0	0.0	0.0	0.0
0.0	0.0	0.0	0.0	0.0	0.0
0.0	0.0	0.0	0.0	0.0	0.0
0.0	0.0	0.0	0.0	0.0	0.0
0.0	0.0	0.0	0.0	0.0	0.0
0.0	0.0	0.0	0.0	0.0	0.0
0.0	0.0	0.0	0.0	0.0	0.0
0.0	0.0	0.0	0.0	0.0	0.0
0.0	0.0	0.0	0.0	0.0	0.0
0.0	0.0	0.0	0.0	0.0	0.0
0.0	0.0	0.0	0.0	0.0	0.0
0.0	0.0	0.0	0.0	0.0	0.0
0.0	0.0	0.0	0.0	0.0	0.0
0.0	0.0	0.0	0.0	0.0	0.0
0.0	0.0	0.0	0.0	0.0	0.0
0.0	0.0	0.0	0.0	0.0	0.0
0.0	0.0	0.0	0.0	0.0	0.0
0.0	0.0	0.0	0.0	0.0	0.0
0.0	0.0	0.0	0.0	0.0	0.0
0.0	0.0	0.0	0.0	0.0	0.0
0.0	0.0	0.0	0.0	0.0	0.0
0.0	0.0	0.0	0.0	0.0	0.0
0.0	0.0	0.0	0.0	0.0	0.0
0.0	0.0	0.0	0.0	0.0	0.0
0.0	0.0	0.0	0.0	0.0	0.0
0.0	0.0	0.0	0.0	0.0	0.0
0.0	0.0	0.0	0.0	0.0	0.0
0.0	0.0	0.0	0.0	0.0	0.0
0.0	0.0	0.0	0.0	0.0	0.0
0.0	0.0	0.0	0.0	0.0	0.0
0.0	0.0	0.0	0.0	0.0	0.0
0.0	0.0	0.0	0.0	0.0	0.0
0.0	0.0	0.0	0.0	0.0	0.0
0.0	0.0	0.0	0.0	0.0	0.0
0.0	0.0	0.0	0.0	0.0	0.0
0.0	0.0	0.0	0.0	0.0	0.0
0.0	0.0	0.0	0.0	0.0	0.0
0.0	0.0	0.0	0.0	0.0	0.0
0.0	0.0	0.0	0.0	0.0	0.0
0.0	0.0	0.0	0.0	0.0	0.0
0.0	0.0	0.0	0.0	0.0	0.0
0.0	0.0	0.0	0.0	0.0	0.0
0.0	0.0	0.0	0.0	0.0	0.0
0.0	0.0	0.0	0.0	0.0	0.0
0.0	0.0	0.0	0.0	0.0	0.0
0.0	0.0	0.0	0.0	0.0	0.0
0.0	0.0	0.0	0.0	0.0	0.0
0.0	0.0	0.0	0.0	0.0	0.0
0.0	0.0	0.0	0.0	0.0	0.0
0.0	0.0	0.0	0.0	0.0	0.0
0.0	0.0	0.0	0.0	0.0	0.0
0.0	0.0	0.0	0.0	0.0	0.0
0.0	0.0	0.0	0.0	0.0	0.0
0.0	0.0	0.0	0.0	0.0	0.0
0.0	0.0	0.0	0.0	0.0	0.0
0.0	0.0	0.0	0.0	0.0	0.0
0.0	0.0	0.0	0.0	0.0	0.0
0.0	0.0	0.0	0.0	0.0	0.0
0.0	0.0	0.0	0.0	0.0	0.0
0.0	0.0	0.0	0.0	0.0	0.0
0.0	0.0	0.0	0.0	0.0	0.0
0.0	0.0	0.0	0.0	0.0	0.0
0.0	0.0	0.0	0.0	0.0	0.0
0.0	0.0	0.0	0.0	0.0	0.0
0.0	0.0	0.0	0.0	0.0	0.0
0.0	0.0	0.0	0.0	0.0	0.0
0.0	0.0	0.0	0.0	0.0	0.0
0.0	0.0	0.0	0.0	0.0	0.0
0.0	0.0	0.0	0.0	0.0	0.0
0.0	0.0	0.0	0.0	0.0	0.0
0.0	0.0	0.0	0.0	0.0	0.0
0.0	0.0	0.0	0.0	0.0	0.0
0.0	0.0	0.0	0.0	0.0	0.0
0.0	0.0	0.0	0.0	0.0	0.0
0.0	0.0	0.0	0.0	0.0	0.0
0.0	0.0	0.0	0.0	0.0	0.0
0.0	0.0	0.0	0.0	0.0	0.0
0.0	0.0	0.0	0.0	0.0	0.0
0.0	0.0	0.0	0.0	0.0	0.0
0.0	0.0	0.0	0.0	0.0	0.0
0.0	0.0	0.0	0.0	0.0	0.0
0.0	0.0	0.0	0.0	0.0	0.0
0.0	0.0	0.0	0.0	0.0	0.0
0.0	0.0	0.0	0.0	0.0	0.0
0.0	0.0	0.0	0.0	0.0	0.0
0.0	0.0	0.0	0.0	0.0	0.0
0.0	0.0	0.0	0.0	0.0	0.0
0.0	0.0	0.0	0.0	0.0	0.0
0.0	0.0	0.0	0.0	0.0	0.0
0.0	0.0	0.0	0.0	0.0	0.0
0.0	0.0	0.0	0.0	0.0	0.0
0.0	0.0	0.0	0.0	0.0	0.0
0.0	0.0	0.0	0.0	0.0	0.0
0.0	0.0	0.0	0.0	0.0	0.0
0.0	0.0	0.0	0.0	0.0	0.0
0.0	0.0	0.0	0.0	0.0	0.0
0.0	0.0	0.0	0.0	0.0	0.0
0.0	0.0	0.0	0.0	0.0	0.0
0.0	0.0	0.0	0.0	0.0	0.0
0.0	0.0	0.0	0.0	0.0	0.0
0.0	0.0	0.0	0.0	0.0	0.0
0.0	0.0	0.0	0.0	0.0	0.0
0.0	0.0	0.0	0.0	0.0	0.0
0.0	0.0	0.0	0.0	0.0	0.0
0.0	0.0	0.0	0.0	0.0	0.0
0.0	0.0	0.0	0.0	0.0	0.0
0.0	0.0	0.0	0.0	0.0	0.0
0.0	0.0	0.0	0.0	0.0	0.0
0.0	0.0	0.0	0.0	0.0	0.0
0.0	0.0	0.0	0.0	0.0	0.0
0.0	0.0	0.0	0.0	0.0	0.0
0.0	0.0	0.0	0.0	0.0	0.0
0.0	0.0	0.0	0.0	0.0	0.0
0.0	0.0	0.0	0.0	0.0	0.0
0.0	0.0	0.0	0.0	0.0	0.0
0.0	0.0	0.0	0.0	0.0	0.0
0.0	0.0	0.0	0.0	0.0	0.0
0.0	0.0	0.0	0.0	0.0	0.0
0.0	0.0	0.0	0.0	0.0	0.0
0.0	0.0	0.0	0.0	0.0	0.0
0.0	0.0	0.0	0.0	0.0	0.0
0.0	0.0	0.0	0.0	0.0	0.0
0.0	0.0	0.0	0.0	0.0	0.0
0.0	0.0	0.0	0.0	0.0	0.0
0.0	0.0	0.0	0.0	0.0	0.0
0.0	0.0	0.0	0.0	0.0	0.0
0.0	0.0	0.0	0.0	0.0	0.0
0.0	0.0	0.0	0.0	0.0	0.0
0.0	0.0	0.0	0.0	0.0	0.0
0.0	0.0	0.0	0.0	0.0	0.0
0.0	0.0	0.0	0.0	0.0	0.0
0.0	0.0	0.0	0.0	0.0	0.0
0.0	0.0	0.0	0.0	0.0	0.0
0.0	0.0	0.0	0.0	0.0	0.0
0.0	0.0	0.0	0.0	0.0	0.0
0.0	0.0	0.0	0.0	0.0	0.0
0.0	0.0	0.0	0.0	0.0	0.0
0.0	0.0	0.0	0.0	0.0	0.0
0.0	0.0	0.0	0.0	0.0	0.0
0.0	0.0	0.0	0.0	0.0	0.0
0.0	0.0	0.0	0.0	0.0	0.0
