-0.18671336555154996
-0.18070756783703357
-0.15109045941880253
-0.17583191198485604
-0.16254660385721867
-0.172873431043063
-0.15298374252163813
-0.164073095439459
-0.16807635125258719
-0.21383257674892522
-0.14917051835557027
-0.19990262017558405
-0.1812964559029245
-0.16723297731993347
-0.17034313872037865
-0.18052106106227017
-0.15820266728609714
-0.1884833382365622
-0.14065713913107225
-0.1643549331171903
-0.11298335986515606
-0.1254710856151496
-0.14918445201415528
-0.17926381842067848
-0.17072231505720362
-0.19391755974746455
-0.15916835411228752
-0.1504882295505285
-0.22475075438520667
-0.17746950925221927
-0.16905180569302178
-0.046740324064436074
-0.04578838480031711
-0.06589789998850745
-0.0631418871655082
-0.05937562018471836
-0.03458783348247547
-0.053342610046523575
-0.05318148560098722
-0.08408775730453168
-0.06419542056314927
-0.045353778633212105
-0.04371305055575301
-0.06080604740819734
-0.07455317907148755
-0.06188976278657189
-0.04232816431486401
-0.060983724099360405
-0.05556378231299302
-0.043909624394740034
-0.04816118970556044
-0.05517655766533325
-0.07294035690912187
-0.05326678822757901
-0.06009719658217402
-0.06234631384893106
-0.07391362193857651
-0.06776092166512787
-0.07112236095674995
