-2.940377779829185e-17
-1.1070834229247495e-17
2.0895730027320394e-17
-3.8833342301249924e-17
2.460177292219296e-18
4.9347437527973326e-18
5.399669233927757e-18
3.8297018481581204e-18
5.659512761061473e-18
1.4108162500118734e-17
1.1990483599924489e-17
-2.091579793430058e-17
3.623567510299356e-18
3.7165338080057015e-18
2.4416587815206284e-18
-8.503090375237763e-18
1.0233108657056675e-17
2.50251560640984e-18
3.3921692474818955e-18
-1.482082907674501e-17
-2.595720425729489e-19
1.350265811107462e-17
-1.0322753237863485e-17
1.761560609064858e-18
1.7973733436173616e-18
2.8297600661238245e-18
8.460715873471308e-18
1.7344213961837645e-18
2.0083991176075786e-18
2.1059785649424283e-19
-6.29202236016611e-18
6.4750580092362986e-18
-3.998435971104301e-18
-9.954200982192348e-18
3.789968474596041e-18
-2.9732933192602403e-18
-4.759633224071375e-18
1.3085914013909197e-18
-3.248484301139609e-18
7.552466915455106e-19
-6.402673461480438e-19
-9.426043933455014e-19
1.8080337950894447e-18
-1.4326364355856228e-18
-1.7621431368639218e-18
2.289404900370871e-18
-2.586266613976211e-19
9.714023968817586e-19
3.536164554943782e-19
1.9876442344530346e-19
1.3549436591840937e-18
-1.1492418615654954e-18
-2.995271589983653e-19
-7.571339351434463e-19
2.836678564673941e-20
-2.1668481244479165e-19
-1.1568869395596782e-18
1.8147619324674363e-19
0.0
0.0
0.0
0.0
0.0
0.0
0.0
0.0
0.0
0.0
0.0
0.0
0.0
0.0
0.0
0.0
0.0
0.0
0.0
0.0
0.0
0.0
0.0
0.0
0.0
0.0
-0.0036394693243598686
-0.0036466195583618405
0.0
0.0
0.0
-0.0025686368057688392
0.0
0.0
0.0
0.0
0.0
0.0
0.0
0.0
0.0
0.0
0.0
0.0
0.0
0.0
0.0
0.0
0.0
0.0
0.0
0.0
0.0
0.0
-0.0018233097791809203
-0.0036466195583618405
0.0
0.0
0.0
-0.0051372736115376785
-0.0051372736115376785
0.0
0.0
0.0
0.0
0.0
0.0
0.0
0.0
0.0
0.0
0.0
-0.005675101979560412
-0.004256326484670312
0.0
0.0
0.0
0.0
0.0
0.0
0.0
0.0
-0.0018197346621799343
-0.0036466195583618405
0.0
-0.005106105371614196
-0.013464913791216823
-0.018474702469512178
-0.0051372736115376785
0.0
0.0
0.0
0.0
0.0
0.0
0.0
0.0
0.0
0.0
-0.005675101979560417
-0.005675101979560412
-0.004256326484670312
0.0
0.0
0.0
0.0
0.0
0.0
0.0
0.0
0.0
-0.006484170548142047
-0.011648525860600722
-0.01660765500463055
-0.03218116450589571
-0.03126835474932596
-0.010812375591098091
-0.005675101979560412
-0.007233673204267724
-0.011756777183478269
0.0
0.0
0.0
0.0
0.0
-0.004811798870132588
0.0
-0.005675101979560412
-0.005675101979560412
0.0
0.0
0.0
0.0
-0.004318032819092193
0.0
0.0
0.0
0.0
0.0
-0.0036466195583618405
-0.012604517130355535
-0.01660765500463055
-0.04121805095764032
-0.046256833530080164
-0.016540332205456185
-0.007233673204267724
-0.01743187916303869
-0.015403396741840115
-0.0033248590282730435
0.0
0.0
0.0
-0.0008372604838165355
-0.004937660804711518
-0.010612762784271937
-0.005675101979560412
-0.0027358013072371736
-0.004937660804711518
-0.004937660804711518
-0.004937660804711518
-0.004937660804711518
-0.004937660804711518
0.0
0.0
-0.0018233097791809203
-0.003628743973356907
0.0
-0.0036466195583618405
-0.008752724929976035
-0.010932553025070145
-0.04179057620049748
-0.059743297414247006
-0.03432465698634989
-0.022243990622297025
-0.021909471185336024
-0.009702741071621732
-0.0036466195583618405
0.0
0.0
-0.0017592315964634593
-0.00801794819809986
-0.004937660804711518
-0.010612762784271937
-0.010612762784271937
-0.006656884874465107
-0.010242335000395744
-0.013888954558757587
-0.013884113715119927
-0.01380666021691752
-0.004188794045778749
-0.0036466195583618405
-0.0036466195583618405
-0.0036466195583618405
-0.0036466195583618405
0.0
-0.0036466195583618405
-0.008752724929976035
-0.010932553025070145
-0.029213873334592584
-0.09088519697745875
-0.08165936252613437
-0.03979629938308697
-0.030244772381999196
-0.018234295799881256
-0.01221554017760626
0.0
-0.0003543037118680221
-0.025927151251574278
-0.03068405911377805
-0.004937660804711518
-0.013445580961885393
-0.013837566439044926
-0.014307337567739444
-0.01006764106580145
-0.009498051928284262
-0.0062157460855451156
-0.0036466195583618405
-0.008429870035676357
-0.005141265008466355
-0.0014943990150901492
0.0
0.0
0.0
-0.0036466195583618405
-0.008752724929976035
-0.01219098929085625
-0.029213873334592584
-0.08851964887663559
-0.09524427114341913
-0.04883563234751273
-0.04564124335849976
-0.021440295980230024
-0.02064013892748309
-0.005424785654341297
-0.007653047052219528
-0.05633457290996936
-0.05583643674056282
-0.03566908503248462
-0.029826964523469206
-0.02190547258083937
-0.022870469139367453
-0.02354829759767426
-0.01338532834034349
-0.016978608934992385
-0.027189415540009962
-0.033693569954443246
-0.022691090905803013
-0.01049188844397119
0.0
0.0
0.0
-0.0036466195583618405
-0.008752724929976035
-0.016998096468776213
-0.031611726090025744
-0.08109294791344043
-0.09277744090521067
-0.06763744613704469
-0.04632334632355973
-0.020753702100509284
-0.01023723310459721
-0.010362446459052816
-0.021685334962153135
-0.08625219302877687
-0.1020471021240408
-0.09249774172796242
-0.06073842143079949
-0.027788515839083903
-0.025679426299740488
-0.05271211611281476
-0.060782254048973736
-0.057424003209584726
-0.05528301529968089
-0.045308243463196826
-0.012212399554145624
-0.005675101979560412
-0.002837550989780206
0.0
0.0
-0.0036466195583618405
-0.008752724929976035
-0.017015988926242596
-0.03942602472610186
-0.07511311188008368
-0.08919422684928627
-0.06400816248817229
-0.045545618998806416
-0.019336539623890855
-0.008584280363073361
-0.012434545238434644
-0.03154983497893243
-0.1175730083106205
-0.13323000695147283
-0.10367939242853111
-0.09111941101014279
-0.0651850080574227
-0.0834976710828249
-0.08331888385830977
-0.09203742686832572
-0.07920453337829696
-0.04044496471143187
-0.007253992956802047
0.0
-0.0007121696177315111
0.0
0.0
0.0
-0.0036466195583618405
-0.008752724929976035
-0.016958866893829142
-0.04298763938745858
-0.07172238531058474
-0.08520998649072344
-0.07085129322937439
-0.04781487549941584
-0.025186062243390168
-0.018378321223650247
-0.03231467187420398
-0.0588779449084127
-0.13427769575210124
-0.14116555821967536
-0.1341061335521274
-0.1323613870314286
-0.11288618089447888
-0.11852798556118806
-0.08730320399566137
-0.07073378662086566
-0.05438858043678905
-0.02085741182981085
0.0
0.0
0.0
0.0
0.0
0.0
-0.0036466195583618405
-0.008752724929976035
-0.016958866893829142
-0.04314618285443124
-0.07340753372046545
-0.07385382192197279
-0.0859693447708693
-0.06306599217493458
-0.03064707455922185
-0.053177302586794366
-0.07549238971598432
-0.11928541087542203
-0.15341824084042283
-0.16737602519319927
-0.14763813855051186
-0.1255351402789578
-0.10441437664071512
-0.0778767629536943
-0.06623463736972283
-0.050777052850891284
-0.02970833616244989
-0.0218570424764859
-0.004410737731823877
0.0
0.0
0.0
0.0
0.0
-0.0036466195583618405
-0.008752724929976035
-0.016958866893829142
-0.042536946102632714
-0.07908263570002583
-0.10003037695957505
-0.11589764491380887
-0.09506508209974927
-0.09165771161868695
-0.1333881979209231
-0.14070605116857568
-0.1385328941404333
-0.1562041004704986
-0.16244844964468116
-0.11040071730780357
-0.07032974196409147
-0.0366684472499722
-0.030314346158408095
-0.03023599710538735
-0.029736612904675743
-0.021953414006339274
-0.019739902400305803
0.0
0.0
0.0
0.0
0.0
0.0
-0.0036466195583618405
-0.008752724929976035
-0.022599695653941477
-0.039474244048406944
-0.06637887973150954
-0.08383779259848746
-0.12029803349317526
-0.13318022684216838
-0.1218157650729565
-0.10973522658916977
-0.10239315868654826
-0.07703362029652723
-0.11468244635874075
-0.11310483503092439
-0.08155718986535605
-0.047967395577208076
-0.01794263461285094
-0.01232007744223706
-0.006968368936003807
-0.006963918141391063
-0.0035428377205353
-0.004819021293124083
0.0
0.0
0.0
0.0
0.0
0.0
-0.0036466195583618405
-0.01442782690953645
-0.022599695653941477
-0.03771768826453161
-0.06705674474066954
-0.08001561956478132
-0.11507177067329746
-0.11339167460812517
-0.08504580065652359
-0.052030491917391335
-0.045394768551721
-0.05475921734380147
-0.08680457401911745
-0.086132785308139
-0.06125918310597851
-0.02817220843260468
-0.004539810775593475
-0.0014509591114032472
0.0
0.0
0.0
0.0
0.0
0.0
0.0
0.0
0.0
0.0
-0.0036466195583618405
-0.01442782690953645
-0.013816961149272038
-0.031832375503019254
-0.059615391102401084
-0.08470321524137774
-0.0918693250512344
-0.06493500142724015
-0.04239310272867635
-0.0263695656920254
-0.018790483562951706
-0.037400614370341305
-0.07358546726113271
-0.07519596936381671
-0.04136712957283575
-0.01697980065056707
0.0
0.0
0.0
0.0
0.0
0.0
0.0
0.0
0.0
0.0
0.0
0.0
-0.0036466195583618405
-0.0064571560209976024
-0.01078120735117461
-0.021353631012011903
-0.03784267483591495
-0.03633087074382111
-0.04634381791946021
-0.02473012850496257
-0.007855767114146747
-0.00914456741574404
-0.009262212435402544
-0.0271445066355148
-0.05042259944319809
-0.050619710840259784
-0.018560408745085553
-0.005096981271888012
0.0
0.0
0.0
0.0
0.0
0.0
0.0
0.0
0.0
0.0
0.0
-0.0018018590771750008
-0.0036466195583618405
0.0
-0.0061009274298046475
-0.013690385734687553
-0.020923043419358925
-0.018618927654512323
-0.009778037262482685
0.0
0.0
-0.0036466195583618405
-0.008752724929976035
-0.016430500882452344
-0.027263207349119516
-0.03343088755568097
-0.021435622267864024
-0.005096981271888012
0.0
0.0
0.0
0.0
0.0
0.0
0.0
0.0
0.0
0.0
0.0
-0.0036430444413608548
-0.0036466195583618405
-0.0036466195583618405
-0.0036466195583618405
-0.008584280363073361
0.0
-0.0062588293260960794
-0.0015585712247073128
0.0
0.0
0.0
0.0
-0.01060405322899639
-0.02020822254716673
-0.007528178712386642
-0.01689581149227054
-0.016855519152620877
0.0
0.0
0.0
0.0
0.0
0.0
0.0
0.0
0.0
0.0
0.0
-0.0036466195583618405
-0.0036466195583618405
-0.0036466195583618405
-0.0036466195583618405
0.0
0.0
0.0
0.0
0.0
0.0
0.0
0.0
-0.005106105371614196
-0.012360098328416235
-0.007253992956802047
-0.01689581149227054
-0.016815226812971217
-0.0007066057925929836
0.0
0.0
0.0
0.0
0.0
0.0
0.0
0.0
0.0
0.0
-0.0036466195583618405
-0.0036466195583618405
-0.0036466195583618405
0.0
0.0
0.0
0.0
0.0
0.0
0.0
0.0
0.0
0.0
0.0
-0.0038126628690035923
-0.0051372736115376785
-0.009125133791717015
-0.0007066057925929836
0.0
0.0
0.0
0.0
0.0
0.0
0.0
0.0
0.0
0.0
-0.0036466195583618405
-0.0036466195583618405
0.0
0.0
0.0
0.0
0.0
0.0
0.0
0.0
0.0
0.0
0.0
0.0
0.0
-0.0051372736115376785
0.0
0.0
0.0
0.0
0.0
0.0
0.0
0.0
0.0
0.0
0.0
0.0
0.0
0.0
0.0
0.0
0.0
0.0
0.0
0.0
0.0
0.0
0.0
0.0
0.0
0.0
0.0
0.0
0.0
0.0
0.0
0.0
0.0
0.0
0.0
0.0
0.0
0.0
0.0
0.0
0.0
0.0
0.0
0.0
0.0
0.0
0.0
0.0
0.0
0.0
0.0
0.0
0.0
0.0
0.0
0.0
0.0
0.0
0.0
0.0
0.0
0.0
0.0
0.0
0.0
0.0
0.0
0.0
0.0
0.0
0.0
0.0
0.0
0.0
0.0
0.0
0.0
0.0
0.0
0.0
0.0
0.0
0.0
0.0
0.0
0.0
0.0
0.0
0.0
0.0
0.0
0.0
0.0
0.0
0.0
0.0
