-0.18672841124270134
-0.2113820692898296
-0.20712641078540872
-0.1785670108049378
-0.19750873647729414
-0.18257986759214812
-0.18096113968111674
-0.11734630242738822
-0.1666461886755397
-0.1353005435319334
-0.14788465753756883
-0.1551433641363395
-0.20622902127388762
-0.11393394019100604
-0.15224440707824097
-0.20435181973104372
-0.1731314572306547
-0.21136074654151427
-0.19965855939703542
-0.2238497393704909
-0.1832890408053767
-0.05376115307263533
-0.14017139726080638
-0.20226285810347266
-0.20876519546207997
-0.13189583171354327
-0.1843825928702997
-0.03517867571023396
-0.17111810115421586
-0.18463735512533283
-0.14970598216000514
-0.0522603666337212
-0.08285566544360659
-0.04964636424780815
-0.03271569634519085
-0.06604093757486147
-0.04455694874579565
-0.020803018411022896
-0.0017789893943642191
-0.02972873221022518
-0.05189258228250244
-0.054477188967690285
-0.042212460099721384
-0.0299655794937531
-0.026511148366539235
-0.06463672381340149
-0.05121154442593164
-0.04397590169630782
-0.04601863578308307
-0.054442309104347344
-0.04544152427322109
-0.05954588218901821
-0.04102325207347612
-0.06644596365862611
-0.04470098692489005
-0.051879794972865934
-0.0020292256416138046
-0.07525327117131005
-0.058824114013100094
-0.038600096572410286
