2.0154638315963045e-16
-1.983583657083912e-17
-2.421802274537138e-17
-1.7690571288599096e-17
1.8969052558921384e-17
9.131438883841341e-18
1.996983489726901e-18
-5.537526710348128e-17
6.383473655220165e-18
1.0106936714779374e-17
1.0368022210565152e-17
-1.068421315453716e-17
1.250986271199269e-17
-1.1926428602059344e-17
1.0312822885966736e-17
5.78138814451166e-18
-2.9707390032915304e-18
2.461821225588628e-18
4.804902010330638e-19
3.1017504638469217e-18
-7.91830495407444e-20
6.420782761736452e-19
4.52680947976961e-19
1.3607759095121833e-18
-3.874826188606946e-18
-5.053341964774591e-19
-4.682075407962378e-19
-7.602398019207663e-20
-3.2428083452178933e-18
-1.0012529040106142e-17
-3.4821387837354934e-18
1.4982915297655782e-18
4.58376415627156e-19
-3.2693877629644984e-19
-3.949259970146033e-18
-3.1475148572596163e-18
-6.10646598136525e-19
-8.506033449822549e-20
1.6602575782961047e-19
-1.84494276349351e-18
-6.4429224573429725e-18
2.298864035914056e-18
-2.6860388802826143e-18
1.7817396695756236e-18
-2.3406303830670893e-18
-2.24230274339789e-19
-3.0142000054967e-19
2.439435415103592e-18
9.929139243324759e-19
-3.1880698675808963e-18
-1.3555175567477617e-18
-4.68692682049116e-19
-9.785178892566092e-20
2.1899226274385286e-18
4.639682505104541e-19
1.5584583061845988e-18
9.643770417000192e-19
-8.047073883685702e-20
3.093598777127859e-20
0.0
0.0
0.0
0.0
0.0
0.0
0.0
0.0
0.0
0.0
0.0
0.0
0.0
0.0
0.0
0.0
0.0
0.0
0.0
0.0
0.0
0.0
0.0
0.0
0.0
0.0
0.0
0.0
0.0
0.0
0.0
0.0
0.0
0.0
0.0
0.0
0.0
0.0
0.0
0.0
0.0
0.0
0.0
0.0
0.0
0.0
0.0
0.0
0.0
0.0
0.0
0.0
0.0
0.0
0.0
0.0
0.0
0.0
0.0
-0.0010127170386518424
0.0
0.0
0.0
0.0
0.0
0.0
0.0
0.0
0.0
0.0
0.0
0.0
0.0
0.0
0.0
0.0
0.0
0.0
0.0
0.0
0.0
0.0
0.0
0.0
0.0
0.0
-0.0010127170386518424
-0.0010127170386518424
0.0
0.0
0.0
0.0
0.0
-0.0010127170386518424
-0.0010127170386518424
-0.0010127170386518424
-0.0010127170386518417
-0.0010127170386518417
-0.0009948455625643851
0.0
0.0
0.0
0.0
0.0
0.0
0.0
0.0
0.0
0.0
0.0
0.0
0.0
0.0
-0.0010127170386518424
-0.0010127170386518424
-9.53145391331014e-5
0.0
0.0
0.0
-0.000756559199640972
-0.0010127170386518424
-0.0010127170386518424
-0.0010127170386518424
-0.0010127170386518424
-0.0010127170386518424
-0.0010127170386518424
-0.0010127170386518424
-0.0010127170386518424
-0.0010127170386518424
0.0
0.0
0.0
0.0
0.0
0.0
0.0
0.0
0.0
0.0
0.0
-0.0004964299214995562
-0.0010127170386518424
-0.0010127170386518424
0.0
0.0
-0.0031929565870479773
-0.0052699924880491465
-0.009464435524767384
-0.009763872197338059
-0.013060862555586344
-0.01384500204309676
-0.01643117725788745
-0.011800394319291474
-0.0101260335124515
-0.007237181354734144
-0.007950461720815307
-0.005322424435551963
-0.0010127170386518424
-0.0010127170386518424
0.0
0.0
0.0
0.0
0.0
0.0
0.0
0.0
0.0
-0.0010127170386518424
-0.0010127170386518424
0.0
0.0
-0.004856148794538665
-0.01490442540840394
-0.014423026486556155
-0.028849129417536354
-0.042585497415578
-0.05775485668901667
-0.0702007395023152
-0.07426254504429686
-0.0759105948314053
-0.07013593619395005
-0.0611183904536228
-0.04897285830080937
-0.02408595556744472
-0.02238875717977761
-0.00587301482154061
-0.0010127170386518424
0.0
0.0
0.0
0.0
0.0
0.0
0.0
-0.0009342811158235602
-0.0010127170386518424
-0.00035147237814397113
-0.005589708219921896
-0.009697265333033857
-0.030774540466642426
-0.04020912768219003
-0.06096442446259115
-0.08435301444681956
-0.10026774460746998
-0.11910193713144361
-0.12291252935034845
-0.12059232272955303
-0.12403407947271343
-0.12601143448064406
-0.11602160918747183
-0.10541897051296575
-0.08329050724481836
-0.05610691669560556
-0.033822743000118415
-0.017709200776364193
-0.0010127170386518424
0.0
0.0
0.0
0.0
0.0
0.0
-0.0010127170386518424
-0.0010127170386518424
-0.005739426556207236
-0.02728765878758625
-0.035153317201083036
-0.05186507522293173
-0.09414861632962782
-0.10990428900670582
-0.12576358440717592
-0.11031221255550609
-0.09235106473360646
-0.0858758191575862
-0.08009181328793723
-0.07440377996702145
-0.08575956251148042
-0.09363190386964856
-0.1041877610619858
-0.09858520762401565
-0.0950926862154271
-0.08051269959016875
-0.03134168140079817
-0.012930936402739483
-0.0010127170386518424
0.0
0.0
0.0
0.0
0.0
-0.0010127170386518424
-0.007942195126425772
-0.010688781301874846
-0.03241619970388045
-0.06617375270527234
-0.09129164896458848
-0.11170717548807492
-0.10419082673070951
-0.07816365336278877
-0.049896509222335114
-0.022077069531280535
-0.01617002693259048
-0.014092962198031928
-0.014109975110704293
-0.017536828273805517
-0.03657062495740648
-0.051891757023696895
-0.0868574410510043
-0.09341007082664513
-0.08301808910976148
-0.0744719562943942
-0.03244431887289359
-0.0016115903837932008
-0.0010107313190865685
0.0
0.0
0.0
0.0
-0.0010127170386518424
-0.00675214359485908
-0.027309050502795806
-0.06731880552865765
-0.08229817881507048
-0.09552671647108693
-0.08788626886423229
-0.05153172024195856
-0.025907514710157033
-0.005733082096223452
-0.0027164241256610534
-5.121320899323839e-5
0.0
0.0
-0.0008246643411418962
-0.007985995911507046
-0.025175704487194965
-0.04333751202614172
-0.05891112614554589
-0.08344329716388163
-0.08589544237016099
-0.043229501825605
-0.015221989814273815
-0.0010127170386518424
0.0
0.0
0.0
0.0
-0.0033979502075959086
-0.006452706922288401
-0.04828647454555402
-0.07608389208956888
-0.09062691497879609
-0.07248862102745551
-0.056260785850604594
-0.027512422213454738
-0.0025304087052897373
-0.00042437866324905506
0.0
0.0
0.0
0.0
0.0
0.0
-0.013898321893710893
-0.03473674681561013
-0.059462196783686555
-0.07056003382413878
-0.07682924543262294
-0.05684555482835306
-0.018584489353620313
-0.0033979502075959086
0.0
0.0
0.0
0.0
-0.0033979502075959086
-0.01314449946998376
-0.056794557737393114
-0.07120229500068263
-0.07420429933218828
-0.06978713142396756
-0.03791550273709051
-0.020405096719676094
-0.0015300681189692944
0.0
0.0
0.0
0.0
0.0
-1.4604240644664654e-5
-0.0015428714212176045
-0.01679806747806631
-0.03911614792906103
-0.06129239172107999
-0.065229419012846
-0.07475311673940323
-0.052431376903997094
-0.020028109731451665
-0.0033979502075959086
0.0
0.0
0.0
0.0
-0.0010127170386518424
-0.02081324483805678
-0.057688219141645784
-0.08251570277013304
-0.08253376729063162
-0.08825409951381646
-0.05994326422493821
-0.02121391919699985
-0.004006984753109397
0.0
0.0
0.0
-0.0007994395392933786
-0.00197351949502375
-0.0034867691391553346
-0.008659862151078303
-0.028365713890870583
-0.062489569377234246
-0.08183481273677023
-0.07337889202266562
-0.07001262530749179
-0.04162363976949082
-0.011744525273500672
-0.0033979502075959086
0.0
0.0
0.0
0.0
-0.0010127170386518424
-0.013442678084012793
-0.03589719711044421
-0.08085931058653367
-0.09303079075469249
-0.11243383560136719
-0.09798080875329386
-0.09272278548592237
-0.05152222121145044
-0.04033942579556186
-0.022255635487362382
-0.011714039523194058
-0.016070809618537796
-0.028180467654573122
-0.03935321828843485
-0.04829509176049005
-0.0710652677758841
-0.09275988819535347
-0.10507283918663098
-0.08994478347217551
-0.058256111420992844
-0.016694524031343746
-0.0054062394184507066
-0.0010127170386518424
0.0
0.0
0.0
0.0
-0.0010127170386518424
-0.0010127170386518424
-0.00608461305047067
-0.038539586047660564
-0.0682196313687071
-0.09373914104873442
-0.11601848204120191
-0.11009380663976849
-0.10628818681105634
-0.10232820210150685
-0.09706004080224351
-0.08767653012241153
-0.08253516084080696
-0.0933286158624663
-0.10217372199983922
-0.11930010890585803
-0.11873475577245728
-0.11933194703558561
-0.0910757440176038
-0.06255635300236652
-0.024824868530155437
-0.0073693086955023265
-0.0010127170386518424
-0.0010127170386518424
0.0
0.0
0.0
0.0
-0.000502387080195375
-0.0010127170386518424
-0.00010623599674210266
-0.01269127784079252
-0.0297166228736376
-0.05079369407924617
-0.07378572062454483
-0.08213889023808683
-0.10331003720255935
-0.10623057674314434
-0.11447473489288902
-0.12276425665240936
-0.11844018872383799
-0.11160932845991045
-0.10732142710451056
-0.10800921527699868
-0.09970842729353876
-0.06629494529629451
-0.03266333691546156
-0.012146059728808521
0.0
-0.0010127170386518424
-0.0010127170386518424
0.0
0.0
0.0
0.0
0.0
0.0
-0.0010127170386518424
-0.0010127170386518424
0.0
-0.0050902610626122
-0.010485965053066724
-0.03679518994807028
-0.04580762627950064
-0.06070752709183121
-0.06286595695492263
-0.0625033125579287
-0.06694629966895402
-0.0729709931190078
-0.06811687692548307
-0.05380263423189795
-0.03758562622443107
-0.02117807397529613
-0.001761170581996967
0.0
0.0
-0.0007327305648576965
-0.0010127170386518424
-0.0010127170386518424
0.0
0.0
0.0
0.0
0.0
0.0
-0.0010127170386518424
-0.0010127170386518424
-0.0007357091442056057
0.0
0.0
0.0
-0.0021379528861362527
-0.008566982846297429
-0.00871670118258277
-0.01384500204309676
-0.013060862555586344
-0.013060862555586344
-0.013060862555586344
-0.008751155158686219
-0.004194443036718239
0.0
0.0
0.0
-0.0010127170386518424
-0.0010127170386518424
-0.0010127170386518424
0.0
0.0
0.0
0.0
0.0
0.0
0.0
0.0
-0.0010127170386518424
-0.0010127170386518424
-0.0010127170386518424
0.0
0.0
0.0
0.0
0.0
0.0
0.0
0.0
0.0
0.0
0.0
0.0
-0.0007585449192062449
-0.0010127170386518424
-0.0010127170386518424
-0.0010127170386518424
0.0
0.0
0.0
0.0
0.0
0.0
0.0
0.0
0.0
0.0
-0.0009829312451727478
-0.0010127170386518424
-0.0010127170386518424
-0.0010127170386518424
-0.0010127170386518424
-0.0010127170386518417
-0.0010127170386518417
-0.0010127170386518424
-0.0010127170386518424
-0.0010127170386518424
-0.0010127170386518424
-0.0010127170386518424
-0.0010127170386518424
-0.0010127170386518424
-0.0010127170386518424
-0.0010127170386518424
-0.0007575520594236086
0.0
0.0
0.0
0.0
0.0
0.0
0.0
0.0
0.0
0.0
0.0
0.0
0.0
-0.0010127170386518424
-0.0010127170386518424
-0.0010127170386518424
-0.0010127170386518424
-0.0010127170386518424
-0.0010127170386518424
-0.0010127170386518424
-0.0010127170386518424
-0.0010127170386518424
-0.0010127170386518424
-0.0010127170386518424
-0.0010127170386518424
0.0
0.0
0.0
0.0
0.0
0.0
0.0
0.0
0.0
0.0
0.0
0.0
0.0
0.0
0.0
0.0
0.0
0.0
0.0
0.0
0.0
0.0
0.0
0.0
0.0
0.0
0.0
0.0
0.0
0.0
0.0
0.0
0.0
0.0
0.0
0.0
0.0
0.0
0.0
0.0
0.0
0.0
0.0
0.0
0.0
0.0
0.0
0.0
0.0
0.0
0.0
0.0
0.0
0.0
0.0
0.0
0.0
0.0
0.0
0.0
0.0
0.0
0.0
0.0
0.0
0.0
0.0
0.0
0.0
0.0
0.0
0.0
0.0
0.0
0.0
0.0
0.0
0.0
0.0
0.0
0.0
0.0
0.0
0.0
0.0
0.0
0.0
0.0
0.0
0.0
0.0
0.0
0.0
0.0
0.0
0.0
0.0
0.0
0.0
0.0
0.0
0.0
0.0
0.0
0.0
0.0
0.0
0.0
0.0
0.0
0.0
0.0
0.0
0.0
0.0
0.0
0.0
0.0
0.0
0.0
0.0
