2.0499587098497583e-18	5.657022044110402e-17	3.61270666042962e-17	-4.4044446958506643e-17	1.6353657155315077e-17	-3.0368918925335163e-18	1.8468249641864087e-17	-8.521780157032195e-17	3.5470525328928285e-17
-6.722189010105525e-17	-7.713679902119536e-17	-6.164379723198305e-17	5.737870801444825e-17	-1.8169442886539625e-17	2.1375976755803113e-17	-9.9309230006017e-17	5.304786782138388e-17	4.44076532799787e-17
-7.217992798627299e-17	4.022860180236733e-17	4.4689473424250306e-17	-5.117007068287517e-17	-3.080281441219066e-17	1.785288779396829e-17	1.1937108737742e-17	1.4598882208732576e-16	-3.8341260749966025e-17
-5.1322909091533674e-18	9.46881847405564e-18	-1.0401908907301379e-17	5.542341978105127e-18	1.8422209696288248e-17	-8.529170971963732e-18	-2.7284632489888702e-17	-1.722379470644912e-17	8.844376651784698e-18
-3.3866192846993596e-18	5.4112717362431345e-17	3.632958814391152e-18	-5.5178886124841664e-18	-6.451491620775035e-17	-1.4250794657968156e-17	-4.862313234784699e-17	-3.5671719850529995e-17	-3.6006582389925644e-17
-3.898097704080621e-18	-1.8209607550209084e-17	-1.3302030978419444e-17	-1.03628236425997e-17	-5.3711338531876995e-18	-4.6252287457912515e-18	2.54590037310604e-17	-1.1083859671100561e-17	-1.78422110257548e-17
2.274918171505784e-17	-3.070969495527663e-17	-1.4391955409694255e-18	-7.710041008957294e-17	-4.087038058934898e-18	5.52365052432258e-18	-2.9999382437755936e-17	-6.185983609504878e-18	4.637636454353031e-18
2.4347466118056398e-17	8.847462711695995e-17	8.779495085479842e-18	-1.635732676505574e-16	-1.5543713738713264e-18	-6.382900139942308e-17	-6.938214337569515e-17	-4.969519219405704e-17	-6.976387810941801e-18
2.186395278402789e-17	-1.2676386135911909e-17	2.0507111286055025e-17	-1.905622535055706e-17	1.7819524922975148e-17	-8.552804650855721e-18	-1.0351795368936103e-17	-8.67292453725586e-18	-1.1426370445209542e-17
-5.399527227307552e-18	-1.89710603465008e-17	2.347374444729377e-17	9.337336922678092e-18	-2.7692039130203527e-17	-2.44478354967893e-17	-6.655912256847558e-17	2.416703097754683e-18	1.2051901430540025e-16
5.014512693142102e-17	-5.100953220620389e-17	3.489511144183749e-17	-3.820870155771942e-17	5.225637116846976e-17	-9.442279500373489e-17	1.658825177375178e-16	5.914565438830137e-17	-7.420200114555708e-17
-1.0199906543614936e-17	4.931154540805422e-17	-8.249348083547091e-17	-2.6743700838008475e-17	2.309721672727778e-17	-6.547539117116078e-18	-1.0872890985808605e-17	8.443414508359839e-17	-1.4408349101151218e-17
-1.6236994215734e-17	2.3141608475942044e-17	-2.376990867305804e-17	1.490921251878153e-17	7.28079567199248e-18	2.3807305939902787e-17	4.4120518699765314e-17	-7.280254897561131e-17	-2.3066315721317114e-17
-1.7054747759008087e-17	2.4391837947731645e-17	-4.546451447171104e-17	-4.1867151507822033e-17	6.773962980170571e-17	4.9663986319918184e-17	1.0268946359172567e-17	-2.996645135475578e-17	-5.428915683500567e-17
-1.047522502307426e-17	3.080144373102933e-17	3.362498289661744e-17	7.193685546283892e-18	5.688748158070471e-17	-2.6530555023739535e-17	-2.7714494116095678e-17	1.810082826803568e-17	8.781991378617598e-18
-3.590432009712935e-17	9.873262732189238e-17	-1.317468197743231e-16	-5.870428996604771e-17	4.529959569236862e-17	4.850809961273896e-17	4.549454046271982e-17	-4.855918106950577e-17	-1.1506849681542852e-16
-1.0739143599769556e-17	2.3491815351117373e-17	-1.0244823205658062e-17	-1.4099418733662746e-17	2.119822063787778e-17	1.7670026453743322e-17	7.747105375370949e-18	-1.3035764496487491e-17	7.811940160519201e-18
-7.877943673231992e-19	2.1380681517677933e-17	8.465449173323514e-18	5.673022307052132e-18	1.702210267009149e-17	1.576501678489471e-17	-2.6877613464344998e-17	-8.661540453185796e-18	2.699376370166596e-17
-1.266701740663576e-17	3.205529346804507e-17	2.86954743383406e-17	9.287383536286726e-18	1.2639697814695275e-17	1.3016655146734387e-17	-1.7846048819563843e-17	7.709888415137379e-18	4.2725922325992455e-18
1.9258482625746968e-18	1.5089434955493216e-17	-6.725372832121667e-18	4.3806103742162595e-17	-9.039344169401224e-18	-2.328487517664681e-17	1.8920287570100582e-17	1.8394867026555135e-17	-4.189184706348858e-17
3.9126703399573946e-18	-3.935000443862012e-17	2.6641145543384334e-17	-4.7096991474549716e-17	-7.545443048107945e-18	2.9680435169479017e-17	7.919823265341708e-18	-3.8686617225746095e-17	-3.331255498889186e-17
9.844341003481762e-18	-3.0611916259526056e-17	-2.3646693096201907e-18	-2.6521718604253143e-17	-1.872457262865269e-17	3.337602739151522e-17	2.2702396560016044e-17	-2.1350277664098143e-17	-8.88917714139837e-18
-1.5252185310703805e-18	5.580476304669593e-18	1.3958320530078213e-17	-1.8226857368064928e-17	-3.78269277205218e-18	-2.8833240244946797e-17	-2.065378788269856e-18	2.1760410504980787e-17	-9.019248860497623e-18
-1.557370361437041e-17	2.9697586081177835e-17	2.230377038196408e-17	4.0704946209954823e-17	1.914681057792935e-17	-5.445757982474808e-18	-1.9945918495332026e-17	-1.4359080101533036e-17	-6.739246769640985e-18
-2.451916025904243e-18	3.998721409092948e-19	1.379818320056336e-17	8.75709203540344e-18	-1.879292510755675e-18	7.478796213800399e-18	1.836437514504299e-17	-2.45396379250448e-17	-1.951974371419364e-17
-8.383126601640755e-18	4.4549161469800716e-17	-3.991615123822097e-17	4.470966017844033e-17	-1.4508709883558586e-19	-7.89206877931027e-17	-1.1768634867350922e-17	1.177766141964404e-16	4.7967941366734e-17
9.762054360120327e-18	-2.6407518334178392e-17	6.648451095541685e-18	-2.954345307603288e-17	-1.7691737253091395e-17	2.0929646298259232e-17	1.8271841221904544e-17	-3.014581698616422e-17	-2.670847215784475e-17
-2.362336727293824e-18	4.3716904221621165e-18	5.282543342973087e-18	-2.680343488613587e-18	-1.986597338418141e-18	-1.728809611881641e-17	-2.361486824437009e-18	1.2127203066183776e-17	-1.536088266728604e-17
1.6763087204698481e-18	1.4140822867712353e-17	5.598152242588714e-18	-1.5140597626606846e-17	-2.212264456011032e-18	-3.142663476978341e-17	6.0689348172175525e-18	8.030468971261833e-18	-1.5932575843534608e-17
-1.0919334462741226e-18	-1.6970235374667684e-18	-2.923133788150352e-18	1.1143658978725026e-17	4.005714644235652e-18	2.8818632964045226e-17	3.4639217090747643e-18	-7.36896169998633e-18	2.5161180614138016e-17
-3.544035571950257e-21	7.161010354492071e-18	9.974828329764907e-18	-3.140238297215942e-17	-7.542709596360295e-18	-3.6173066903494895e-17	1.1583196807510519e-17	-2.0536357664533267e-17	4.8542991110369065e-18
5.164795108058231e-19	1.4930270450128183e-18	-2.5228362932551006e-18	7.988492136033445e-18	3.4051315585858804e-18	1.4293002806738963e-17	1.8431155451877133e-18	-5.878733472036751e-19	9.003140387840985e-18
-1.3331967873908257e-19	-1.915147163986609e-18	-5.153930482020777e-18	1.5982936983562728e-17	4.74974440428007e-18	2.164138951752342e-17	-1.2452191162327205e-17	-7.256742544406433e-18	9.796432365933721e-18
-2.1972253275409356e-19	-5.953658752064473e-19	3.3584306604058243e-18	-1.6836742556492312e-17	-6.169862135999155e-18	-3.630713422153932e-17	2.5381485756215543e-18	1.640011540294152e-17	-3.280697244882428e-17
1.81853709864592e-18	3.848908646284326e-18	5.8382524990260465e-18	-1.2068189358547528e-17	1.0124574933723856e-18	-1.858792339006632e-17	8.335033700508841e-18	3.148109052494401e-18	-1.0294766212843682e-17
1.6429387752185361e-19	-2.538365366249165e-18	-2.8942703264204283e-18	1.3373514581810665e-17	-6.233705396117071e-19	-5.45579588862011e-18	-2.338849628615761e-17	1.1833317632758077e-17	-2.0614348749300804e-17
2.576095721612111e-18	4.738026541023532e-18	4.994001296899426e-18	-1.4634748153247585e-17	-9.96287646746573e-18	-2.5603199654772835e-17	1.3454829661305932e-17	1.0441525214104636e-17	-2.3325781574269974e-17
8.721385585556913e-19	-7.2215079830366e-18	-5.798404778282162e-18	2.543220205382549e-17	8.57969397109462e-18	1.7905032037373088e-17	-4.302907032384833e-18	2.644168470890521e-18	-1.2409130155904925e-17
4.796976097370979e-19	-1.5708734848269106e-18	-4.6820296866502515e-18	1.0813570895237784e-17	2.305052282992051e-18	7.254755333513918e-18	-4.479976099589215e-18	7.881857910357206e-18	-8.174940148782775e-18
-7.920702772385453e-19	-7.029307320860394e-19	7.763589335708407e-20	-2.3982038311463055e-19	8.549544759808862e-19	5.109794737432938e-19	-5.853140953302431e-18	-3.234927748089467e-19	7.039536029957829e-18
1.9745511751232586e-18	5.3334070995580504e-18	1.268935077403119e-18	-1.2104000368422937e-18	-2.2476140228580417e-18	5.845174331049907e-18	-2.7238387954828217e-18	-6.1327598811163625e-18	7.492734954631423e-18
-4.6844649218345826e-20	5.298945855802173e-19	3.6317727931143854e-18	-1.178174499224864e-17	-1.551869025752856e-18	-1.39925796053618e-17	1.1954117089976359e-17	1.9892993384955433e-19	-2.5091283390716103e-18
4.724720113802729e-19	-5.974619140241376e-20	6.596606774216782e-19	4.164983885891584e-18	1.2463888413076498e-18	2.3483121755108937e-18	5.097197210416084e-19	2.4719576013764198e-18	-2.6860374974790355e-18
-2.4364374333511053e-19	4.457812297095281e-19	-1.004543648024417e-18	-1.0652788182845168e-18	-1.034647071486921e-18	1.4654726315066573e-18	-4.970141310017043e-19	-1.0104215055261508e-18	4.417649676912303e-18
2.889007384333427e-19	9.12381964132547e-19	2.2521574753256775e-18	-3.110215790930624e-18	-2.713776895542925e-18	-2.921669757154555e-18	4.041517457687546e-18	4.961377691512171e-18	-2.1352916198793045e-18
-1.5403442582991335e-20	1.6125064002899387e-18	1.8204710624621e-18	-3.2949581471111884e-18	-3.2593980816708904e-18	9.897853572817988e-19	-2.277603523094302e-19	-1.8600994652166044e-18	-5.630199136860216e-19
-1.3129584093193031e-18	-1.982497003550709e-18	-4.814472166510257e-18	7.088220457852352e-18	9.195791996189162e-19	1.6260486223421523e-17	-4.298856188147938e-18	-9.898008895470292e-18	1.8133691173903666e-17
3.3316571778848257e-19	1.4420963548952767e-18	2.5220595843284273e-18	-5.0683326925960896e-18	-1.9474578488126192e-18	-5.170605221345846e-18	4.078488188643547e-18	3.704047003094346e-19	-1.736373724785645e-18
3.936186360620493e-19	7.963701821536983e-19	1.199644989824927e-18	-2.3816492019499287e-18	-6.920498616681342e-20	-4.5488727184025804e-18	-5.675327403603476e-19	1.8868836701294444e-19	-6.5005553131882914e-18
1.7726759143403067e-19	9.61781760288493e-19	-1.3875872923532825e-18	-1.0997551090920716e-18	-1.7604394513607104e-18	5.4941941072193675e-18	4.368681018211241e-18	-4.149653688282604e-18	1.078054691486574e-17
3.6070604231654414e-19	7.753859904911846e-19	-1.185727826310049e-19	-1.5595264745248595e-18	-1.2220264481127336e-19	1.0746822879881168e-18	2.0810836619046967e-18	2.3663530433682852e-18	2.8783531799450626e-19
4.526348564047693e-19	1.399547828783666e-18	2.355916043933219e-18	-4.612413064691241e-18	-1.5552014857495148e-18	-4.373424299322514e-18	3.880111948329652e-18	1.0212431908286417e-18	-2.0441665490920838e-18
3.7767838869398103e-19	1.9206920462489348e-18	2.3078051781653024e-18	-5.6427028237350474e-18	-4.180006195688647e-18	-6.4891953307975634e-18	5.204811115805102e-18	8.447984710897634e-19	-1.7950608778329765e-18
-3.8980194413098793e-19	-1.883461653968297e-18	-1.4573808157612229e-18	5.639194013131707e-18	3.790356542378289e-18	8.924755132067374e-18	-2.5151451363848448e-18	1.0872390203127778e-18	2.457744136400864e-18
-2.834925834231704e-19	-1.498998084291028e-19	-9.360029417747647e-19	-1.324320022484829e-19	-1.6573185811343083e-18	-5.933319708755293e-19	-1.3230683225611579e-18	-4.9743718926602475e-18	2.0777852639831536e-18
1.7007418659559018e-19	3.326818316730011e-19	2.914581805134001e-19	-7.33143781237839e-19	4.571434577805047e-20	1.1269436873419217e-18	1.6298254149527851e-18	1.5789409621214209e-18	2.659867074495854e-19
1.678817320714801e-19	2.524102214744775e-19	5.274430527686101e-19	-4.950277080153162e-19	3.780898876403454e-19	-2.95056921729163e-19	9.461283995732835e-19	2.1205546677546915e-18	-9.95768669638245e-19
-3.693398105572562e-19	-5.553024872438505e-19	-1.1603747160909423e-18	1.0890609576336957e-18	-8.317977528087599e-19	6.491252278041585e-19	-2.081482479061224e-18	-4.665220269060322e-18	2.1906910732041388e-18
0.0	0.0	0.0	0.0	0.0	0.0	0.0	0.0	0.0
0.0	0.0	0.0	0.0	0.0	0.0	0.0	0.0	0.0
0.0	0.0	0.0	0.0	0.0	0.0	0.0	0.0	0.0
0.0	0.0	0.0	0.0	0.0	0.0	0.0	0.0	0.0
0.0	0.0	0.0	0.0	0.0	0.0	0.0	0.0	0.0
0.0	0.0	0.0	0.0	0.0	0.0	0.0	0.0	0.0
0.0	0.0	0.0	0.0	0.0	0.0	0.0	0.0	0.0
0.0	0.0	0.0	0.0	0.0	0.0	0.0	0.0	0.0
0.0	0.0	0.0	0.0	0.0	0.0	0.0	0.0	0.0
0.0	0.0	0.0	0.0	0.0	0.0	0.0	0.0	0.0
0.0	0.0	0.0	0.0	0.0	0.0	0.0	0.0	0.0
0.0	0.0	0.0	0.0	0.0	0.0	0.0	0.0	0.0
0.0	0.0	0.0	0.0	0.0	0.0	0.0	0.0	0.0
0.0	0.0	0.0	0.0	0.0	0.0	0.0	0.0	0.0
0.0	0.0	0.0	0.0	0.0	0.0	0.0	0.0	0.0
0.0	0.0	0.0	0.0	0.0	0.0	0.0	0.0	0.0
0.0	0.0	0.0	0.0	0.0	0.0	0.0	0.0	0.0
0.0	0.0	0.0	0.0	0.0	0.0	0.0	0.0	0.0
0.0	0.0	0.0	0.0	0.0	0.0	0.0	0.0	0.0
0.0	0.0	0.0	0.0	0.0	0.0	0.0	0.0	0.0
0.0	0.0	0.0	0.0	0.0	0.0	0.0	0.0	0.0
0.0	0.0	0.0	0.0	0.0	0.0	0.0	0.0	0.0
0.0	0.0	0.0	0.0	0.0	0.0	0.0	0.0	0.0
0.0	0.0	0.0	0.0	0.0	0.0	0.0	0.0	0.0
0.0	0.0	0.0	0.0	0.0	0.0	0.0	0.0	0.0
0.0	0.0	0.0	0.0	0.0	0.0	0.0	0.0	0.0
0.0	0.0	0.0	0.0	0.0	0.0	0.0	0.0	0.0
0.0	0.0	0.0	0.0	0.0	0.0	0.0	0.0	0.0
0.0	0.0	0.0	0.0	0.0	0.0	0.0	0.0	0.0
0.0	0.0	0.0	0.0	0.0	0.0	0.0	0.0	0.0
0.0	0.0	0.0	0.0	0.0	0.0	0.0	0.0	0.0
0.0	0.0	0.0	0.0	0.0	0.0	0.0	0.0	0.0
0.0	0.0	0.0	0.0	0.0	0.0	0.0	0.0	0.0
0.0	0.0	0.0	0.0	0.0	0.0	0.0	0.0	0.0
0.0	0.0	0.0	0.0	0.0	0.0	0.0	0.0	0.0
0.0	0.0	0.0	0.0	0.0	0.0	0.0	0.0	0.0
0.0	0.0	0.0	0.0	0.0	0.0	0.0	0.0	0.0
0.0	0.0	0.0	0.0	0.0	0.0	0.0	0.0	0.0
0.0	0.0	0.0	0.0	0.0	0.0	0.0	0.0	0.0
0.0	0.0	0.0	0.0	0.0	0.0	0.0	0.0	0.0
0.0	0.0	0.0	0.0	0.0	0.0	0.0	0.0	0.0
0.0	0.0	0.0	0.0	0.0	0.0	0.0	0.0	0.0
0.0	0.0	0.0	0.0	0.0	0.0	0.0	0.0	0.0
-0.004126873575226892	0.004982011696253637	-0.03425663980964891	0.015746273283059845	-0.04511528195280825	-0.04238410931152743	0.030833847038586003	-0.04133822877102421	0.0077080416834459705
-0.004126873575226892	0.004982011696253637	-0.03425663980964891	0.015746273283059845	-0.04511528195280825	-0.04238410931152743	0.030833847038586003	-0.04133822877102421	0.0077080416834459705
-0.004126873575226892	0.004982011696253637	-0.03425663980964891	0.015746273283059845	-0.04511528195280825	-0.04238410931152743	0.030833847038586003	-0.04133822877102421	0.0077080416834459705
-0.004126873575226892	0.004982011696253637	-0.03425663980964891	0.015746273283059845	-0.04511528195280825	-0.04238410931152743	0.030833847038586003	-0.04133822877102421	0.0077080416834459705
-0.004126873575226892	0.004982011696253637	-0.03425663980964891	0.015746273283059845	-0.04511528195280825	-0.04238410931152743	0.030833847038586003	-0.04133822877102421	0.0077080416834459705
-0.003556393965277082	0.004293321810935809	-0.02952116290187248	0.013569582459622342	-0.03887875738231692	-0.03652512921258389	0.02657152091902283	-0.03562382628317638	0.0066425182229151005
0.0	0.0	0.0	0.0	0.0	0.0	0.0	0.0	0.0
0.0	0.0	0.0	0.0	0.0	0.0	0.0	0.0	0.0
0.0	0.0	0.0	0.0	0.0	0.0	0.0	0.0	0.0
0.0	0.0	0.0	0.0	0.0	0.0	0.0	0.0	0.0
0.0	0.0	0.0	0.0	0.0	0.0	0.0	0.0	0.0
0.0	0.0	0.0	0.0	0.0	0.0	0.0	0.0	0.0
0.0	0.0	0.0	0.0	0.0	0.0	0.0	0.0	0.0
0.0	0.0	0.0	0.0	0.0	0.0	0.0	0.0	0.0
0.0	0.0	0.0	0.0	0.0	0.0	0.0	0.0	0.0
0.0	0.0	0.0	0.0	0.0	0.0	0.0	0.0	0.0
0.0	0.0	0.0	0.0	0.0	0.0	0.0	0.0	0.0
0.0	0.0	0.0	0.0	0.0	0.0	0.0	0.0	0.0
0.0	0.0	0.0	0.0	0.0	0.0	0.0	0.0	0.0
0.0	0.0	0.0	0.0	0.0	0.0	0.0	0.0	0.0
0.0	0.0	0.0	0.0	0.0	0.0	0.0	0.0	0.0
0.0	0.0	0.0	0.0	0.0	0.0	0.0	0.0	0.0
0.0	0.0	0.0	0.0	0.0	0.0	0.0	0.0	0.0
0.0	0.0	0.0	0.0	0.0	0.0	0.0	0.0	0.0
0.0	0.0	0.0	0.0	0.0	0.0	0.0	0.0	0.0
0.0	0.0	0.0	0.0	0.0	0.0	0.0	0.0	0.0
0.0	0.0	0.0	0.0	0.0	0.0	0.0	0.0	0.0
-0.004126873575226892	0.004982011696253637	-0.03425663980964891	0.015746273283059845	-0.04511528195280825	-0.04238410931152743	0.030833847038586003	-0.04133822877102421	0.0077080416834459705
-0.004126873575226892	0.004982011696253637	-0.03425663980964891	0.015746273283059845	-0.04511528195280825	-0.04238410931152743	0.030833847038586003	-0.04133822877102421	0.0077080416834459705
-0.004126873575226892	0.004982011696253637	-0.03425663980964891	0.015746273283059845	-0.04511528195280825	-0.04238410931152743	0.030833847038586003	-0.04133822877102421	0.0077080416834459705
-0.004126873575226892	0.004982011696253637	-0.03425663980964891	0.015746273283059845	-0.04511528195280825	-0.04238410931152743	0.030833847038586003	-0.04133822877102421	0.0077080416834459705
-0.004126873575226892	0.004982011696253637	-0.03425663980964891	0.015746273283059845	-0.04511528195280825	-0.04238410931152743	0.030833847038586003	-0.04133822877102421	0.0077080416834459705
-0.004126873575226892	0.004982011696253637	-0.03425663980964891	0.015746273283059845	-0.04511528195280825	-0.04238410931152743	0.030833847038586003	-0.04133822877102421	0.0077080416834459705
-0.004126873575226892	0.004982011696253637	-0.03425663980964891	0.015746273283059845	-0.04511528195280825	-0.04238410931152743	0.030833847038586003	-0.04133822877102421	0.0077080416834459705
-0.004126873575226892	0.004982011696253637	-0.03425663980964891	0.015746273283059845	-0.04511528195280825	-0.04238410931152743	0.030833847038586003	-0.04133822877102421	0.0077080416834459705
0.0	0.0	0.0	0.0	0.0	0.0	0.0	0.0	0.0
0.0	0.0	0.0	0.0	0.0	0.0	0.0	0.0	0.0
0.0	0.0	0.0	0.0	0.0	0.0	0.0	0.0	0.0
0.0	0.0	0.0	0.0	0.0	0.0	0.0	0.0	0.0
0.0	0.0	0.0	0.0	0.0	0.0	0.0	0.0	0.0
0.0	0.0	0.0	0.0	0.0	0.0	0.0	0.0	0.0
0.0	0.0	0.0	0.0	0.0	0.0	0.0	0.0	0.0
0.0	0.0	0.0	0.0	0.0	0.0	0.0	0.0	0.0
0.0	0.0	0.0	0.0	0.0	0.0	0.0	0.0	0.0
0.0	0.0	0.0	0.0	0.0	0.0	0.0	0.0	0.0
0.0	0.0	0.0	0.0	0.0	0.0	0.0	0.0	0.0
0.0	0.0	0.0	0.0	0.0	0.0	0.0	0.0	0.0
0.0	0.0	0.0	0.0	0.0	0.0	0.0	0.0	0.0
0.0	0.0	0.0	0.0	0.0	0.0	0.0	0.0	0.0
0.0	0.0	0.0	0.0	0.0	0.0	0.0	0.0	0.0
0.0	0.0	0.0	0.0	0.0	0.0	0.0	0.0	0.0
0.0	0.0	0.0	0.0	0.0	0.0	0.0	0.0	0.0
0.0	0.0	0.0	0.0	0.0	0.0	0.0	0.0	0.0
0.0	0.0	0.0	0.0	0.0	0.0	0.0	0.0	0.0
0.0	0.0	0.0	0.0	0.0	0.0	0.0	0.0	0.0
-0.0009022478579872391	0.0010892045272225433	-0.007489441904795157	0.0034425676197607645	-0.009863439177967458	-0.009266329860109696	0.006741125439623111	-0.009037671661553738	0.0016851895197160507
0.0	0.0	0.0	0.0	0.0	0.0	0.0	0.0	0.0
0.0	0.0	0.0	0.0	0.0	0.0	0.0	0.0	0.0
0.0	0.0	0.0	0.0	0.0	0.0	0.0	0.0	0.0
-0.0044910069564908645	-0.0025308686589102154	-0.006780882086275902	-0.0073362950751429045	-0.02355809039651629	0.005859602475245101	-0.011582225752214514	0.04204147728849149	-0.018761967601969798
-0.005988009275321146	-0.0033744915452136215	-0.009041176115034539	-0.009781726766857212	-0.03141078719535508	0.007812803300326805	-0.01544296766961936	0.05605530305132195	-0.02501595680262639
-0.01011488285054804	0.0016075201510400148	-0.043297815924683444	0.005964546516202639	-0.07652606914816329	-0.03457130601120062	0.015390879368966642	0.014717074280297775	-0.017307915119180436
-0.004126873575226892	0.004982011696253637	-0.03425663980964891	0.015746273283059845	-0.04511528195280825	-0.04238410931152743	0.030833847038586003	-0.04133822877102421	0.0077080416834459705
-0.0006691599305296009	-0.0005490096681538709	-0.002738039985134871	-0.0016969623905179318	-0.002571672706609892	0.0031606725068991036	-0.003926751121881195	-0.0021089098709842864	0.001639889045989715
0.0	0.0	0.0	0.0	0.0	0.0	0.0	0.0	0.0
0.0	0.0	0.0	0.0	0.0	0.0	0.0	0.0	0.0
0.0	0.0	0.0	0.0	0.0	0.0	0.0	0.0	0.0
0.0	0.0	0.0	0.0	0.0	0.0	0.0	0.0	0.0
0.0	0.0	0.0	0.0	0.0	0.0	0.0	0.0	0.0
0.0	0.0	0.0	0.0	0.0	0.0	0.0	0.0	0.0
-0.004118781666738176	0.004972243046451084	-0.03418946993167284	0.015715398239247082	-0.04502682062091857	-0.04230100321979167	0.030773388518584546	-0.04125717342532406	0.007692927877124374
-0.004126873575226892	0.004982011696253637	-0.03425663980964891	0.015746273283059845	-0.04511528195280825	-0.04238410931152743	0.030833847038586003	-0.04133822877102421	0.0077080416834459705
-0.008460698190582	0.021836452209480207	-0.055229763085042786	0.03770726584180075	-0.046163152910034706	-0.06310031905265216	0.023115936727007024	0.004420010632389212	0.03922213326261492
-0.002403979239773873	0.0038136888408988896	-0.018778538877316273	0.009597988899705307	-0.02264676507219905	-0.022823373447381338	0.014816339100849252	-0.017086590359226526	0.006326899548091882
0.0	0.0	0.0	0.0	0.0	0.0	0.0	0.0	0.0
0.0	0.0	0.0	0.0	0.0	0.0	0.0	0.0	0.0
0.0	0.0	0.0	0.0	0.0	0.0	0.0	0.0	0.0
-0.002059390833369088	0.002486121523225542	-0.01709473496583642	0.007857699119623541	-0.022513410310459284	-0.021150501609895834	0.015386694259292273	-0.02062858671266203	0.003846463938562187
-0.004126873575226892	0.004982011696253637	-0.03425663980964891	0.015746273283059845	-0.04511528195280825	-0.04238410931152743	0.030833847038586003	-0.04133822877102421	0.0077080416834459705
-0.004126873575226892	0.004982011696253637	-0.03425663980964891	0.015746273283059845	-0.04511528195280825	-0.04238410931152743	0.030833847038586003	-0.04133822877102421	0.0077080416834459705
-0.004126873575226892	0.004982011696253637	-0.03425663980964891	0.015746273283059845	-0.04511528195280825	-0.04238410931152743	0.030833847038586003	-0.04133822877102421	0.0077080416834459705
-0.004126873575226892	0.004982011696253637	-0.03425663980964891	0.015746273283059845	-0.04511528195280825	-0.04238410931152743	0.030833847038586003	-0.04133822877102421	0.0077080416834459705
-0.0030627875474652988	0.0036974341729800113	-0.025423800345332415	0.011686204787043826	-0.03348261613704753	-0.031455657616702534	0.02288355119893366	-0.03067945019546757	0.005720576037298114
0.0	0.0	0.0	0.0	0.0	0.0	0.0	0.0	0.0
0.0	0.0	0.0	0.0	0.0	0.0	0.0	0.0	0.0
0.0	0.0	0.0	0.0	0.0	0.0	0.0	0.0	0.0
-0.005505676899560948	0.0003946085344674026	0.004984600606757427	0.020212528952251924	-0.009548368858574746	-0.007768925952941073	-0.04886687473692268	-0.033499728541178095	-0.06076233930910581
-0.012360290624752013	0.012047259626938065	0.01186353392958324	0.016073828138486415	-0.02672357796100491	0.008884695249653973	-0.023654521280923786	0.002518477617978266	-0.07990588037733228
-0.007269711498291184	-0.0008415689805199055	-0.007361769487326329	-0.010394517872860064	-0.03419368065213119	0.01110270729854819	-0.009749905837321557	0.062147751318605504	-0.02837886390649931
-0.005988009275321146	-0.0033744915452136215	-0.009041176115034539	-0.009781726766857212	-0.03141078719535508	0.007812803300326805	-0.01544296766961936	0.05605530305132195	-0.02501595680262639
-0.01011488285054804	0.0016075201510400148	-0.043297815924683444	0.005964546516202639	-0.07652606914816329	-0.03457130601120062	0.015390879368966642	0.014717074280297775	-0.017307915119180436
-0.007045503720627578	-0.0015965116328581972	-0.03751372830848487	-0.004761182639477911	-0.04170440241502755	0.0023399610317959597	-0.013818743510287236	-0.03637048808345969	0.01606341446660926
-0.004982066933014129	-0.004087517480985009	-0.020385408403660422	-0.012634319281007835	-0.019146761438623424	0.02353201568755968	-0.029235667029580244	-0.015701373697947576	0.012209393624886275
0.0	0.0	0.0	0.0	0.0	0.0	0.0	0.0	0.0
0.0	0.0	0.0	0.0	0.0	0.0	0.0	0.0	0.0
0.0	0.0	0.0	0.0	0.0	0.0	0.0	0.0	0.0
0.0	0.0	0.0	0.0	0.0	0.0	0.0	0.0	0.0
0.0	0.0	0.0	0.0	0.0	0.0	0.0	0.0	0.0
-0.004126873575226892	0.004982011696253637	-0.03425663980964891	0.015746273283059845	-0.04511528195280825	-0.04238410931152743	0.030833847038586003	-0.04133822877102421	0.0077080416834459705
-0.008456019757114706	0.021796620247053807	-0.0552350497515504	0.03767345892593192	-0.046248272088332015	-0.06312225068970224	0.023198917162700124	0.004204610635703365	0.03914451411744766
-0.019046532190117142	0.055030079279452755	-0.04714417132220888	0.07333264787786835	-0.04136990599307729	-0.06203566130297572	0.020575933248150997	0.011972419767487027	0.04144427401426995
-0.011078562096198417	0.02996388977083187	-0.04797040916245633	0.047377990762313006	-0.049597073933975284	-0.05820043781635727	0.02688196357148749	-0.0013973218319733517	0.02951589522379501
-0.011048215911973048	0.029869498277421122	-0.04805560129465334	0.047265899491280426	-0.04955817324217336	-0.05825837952606046	0.02683887557025286	-0.0013306209391741738	0.029628934192079234
-0.011048215911973048	0.029869498277421122	-0.04805560129465334	0.047265899491280426	-0.04955817324217336	-0.05825837952606046	0.02683887557025286	-0.0013306209391741738	0.029628934192079234
-0.008468790099070724	0.021846220859282763	-0.055296932963018824	0.03773814088561353	-0.04625161424192433	-0.0631834251443879	0.023176395247008486	0.004338955286689072	0.039237247068936484
-0.008468790099070724	0.021846220859282763	-0.055296932963018824	0.03773814088561353	-0.04625161424192433	-0.0631834251443879	0.023176395247008486	0.004338955286689072	0.039237247068936484
-0.008468790099070724	0.021846220859282763	-0.055296932963018824	0.03773814088561353	-0.04625161424192433	-0.0631834251443879	0.023176395247008486	0.004338955286689072	0.039237247068936484
-0.008468790099070724	0.021846220859282763	-0.055296932963018824	0.03773814088561353	-0.04625161424192433	-0.0631834251443879	0.023176395247008486	0.004338955286689072	0.039237247068936484
-0.008468790099070724	0.021846220859282763	-0.055296932963018824	0.03773814088561353	-0.04625161424192433	-0.0631834251443879	0.023176395247008486	0.004338955286689072	0.039237247068936484
-0.008468790099070724	0.021846220859282763	-0.055296932963018824	0.03773814088561353	-0.04625161424192433	-0.0631834251443879	0.023176395247008486	0.004338955286689072	0.039237247068936484
-0.007374797406805754	0.01759710149370617	-0.04999560420036406	0.03219705267852071	-0.04596530306725044	-0.057942813216382345	0.025105772805363958	-0.007169903828396382	0.03129312375490465
-0.0020189312909254984	0.0024372782742127707	-0.016758885575956086	0.007703323900559727	-0.022071103651010966	-0.020734971151217037	0.015084401659284956	-0.020223309984161303	0.003770894906954239
0.0	0.0	0.0	0.0	0.0	0.0	0.0	0.0	0.0
-0.00431003127771668	-0.013322435847657943	-0.0027636810568640205	0.025292421005191783	0.013900873247224063	-0.0010492165944601794	0.021121635103615186	0.013291510955922339	-0.01406494673116764
-0.018290494436291497	0.019836350503239317	0.012241163604284268	0.0238783275135098	-0.0017443165476067023	0.025458950905834776	-0.0574040207700225	-0.019576828990053474	-0.04204371652587077
-0.020365343926701352	0.019552599234069667	0.016323909906387605	0.013731954342038593	-0.01290178323946493	-4.78855684584497e-5	-0.07508415016899189	-0.01609497095579336	-0.06397491853461876
-0.00686632859776762	0.010934236664038156	0.0056254589153619475	-0.0006878096919970588	-0.014969745732194806	0.017011793015148793	0.02286735951883157	0.019473376669860844	-0.01153709741565135
0.0	0.0	0.0	0.0	0.0	0.0	0.0	0.0	0.0
-0.010652164546593705	0.0011667094685807048	-0.04549624219012019	0.004602021969071454	-0.07859091584690117	-0.03203353976478529	0.012238013504682463	0.013023788982427193	-0.01599121588517407
-0.013709187416251866	-0.0041553208453207835	-0.052163589744984674	-0.011964843013331703	-0.08050171149543951	0.0032134050406143616	-0.024213424300324415	0.012916692985912635	-0.007690539393305593
-0.002476380329342182	-0.0020317366309708924	-0.010132747121863747	-0.006279999880127615	-0.009517066718437045	0.011696796037059412	-0.014531846263946003	-0.007804506340850043	0.006068786833333872
0.0	0.0	0.0	0.0	0.0	0.0	0.0	0.0	0.0
0.0	0.0	0.0	0.0	0.0	0.0	0.0	0.0	0.0
0.0	0.0	0.0	0.0	0.0	0.0	0.0	0.0	0.0
0.0	0.0	0.0	0.0	0.0	0.0	0.0	0.0	0.0
0.0	0.0	0.0	0.0	0.0	0.0	0.0	0.0	0.0
-0.004126873575226892	0.004982011696253637	-0.03425663980964891	0.015746273283059845	-0.04511528195280825	-0.04238410931152743	0.030833847038586003	-0.04133822877102421	0.0077080416834459705
-0.006841641882643076	0.013567497773623077	-0.037427808635328366	0.024032014724397734	-0.039356577250961956	-0.04674382146383987	0.025861385792482053	-0.03183328315761124	0.018440912877193554
-0.02122474129273753	0.06525753451069446	0.0015776504744629011	0.07077674753222421	0.010617298271681374	-0.023420814663715473	-0.008234364177056561	0.041163727134320996	0.02871230467168558
-0.03478852774749484	0.08954867646614721	0.02300038664269954	0.0656132054452227	0.031089294135685046	-0.0106569374579965	0.004973111092758784	0.027611629903385188	0.010725882218596543
-0.04248473953328607	0.09029926155427295	-0.00852845330795653	0.06281908328504002	0.009887210207824283	-0.025434050982098028	0.05273399990885644	-0.02036281587333973	0.0010048349170290426
-0.04357673677682428	0.08977277378567736	-0.03343265102685392	0.06659079301334239	-0.026404012715615394	-0.030671951767733116	0.07979908200868024	-0.05207792786013847	0.012560992530706059
-0.04362272984771098	0.07479015495666069	-0.01751210274378003	0.04508067626174567	-0.006090788709631289	-0.01190324762552901	0.10365447614907349	-0.028093398540249878	0.008971637781935396
-0.04139861829019348	0.08150223718271339	-0.00126980788076102	0.04085313762401123	0.00918139331576838	0.018142574227213822	0.08915121213354786	0.01966947699802571	-0.006738228014114858
-0.037625439455129424	0.08269446249833282	-0.01071195701733325	0.026344872171127187	0.024276565503106258	0.023603409300518862	0.08866944812116351	0.025385736146563892	-0.0647616339201514
-0.03091159199790379	0.07131293730617647	-0.02173693431561292	0.02381800420448756	0.05177556135302891	0.0029496205783646427	0.06083285786773346	-0.003455384318420433	-0.08056902644707514
-0.016671371762099704	0.052860326973901604	-0.05371603546998292	0.010268475054537422	0.0376045808237966	0.013136418961666563	0.021215668309040828	0.00788303600783916	-0.05447150872238077
-0.01464871446988765	0.03902652147991633	-0.02987410252318792	0.029769707215367813	0.030595098833829822	-0.002748790286117901	0.004602293719944206	0.022715669421187443	-0.015397337458787116
-0.006120802366041851	0.0037791485804371657	-0.040908137186695434	0.017177159085143796	-0.032891542225577594	-0.037189074432430726	0.03283104182826421	-0.041006503577682374	-0.0018679987818105504
-0.007074086193046662	0.001121666944602617	-0.044904959441246034	0.012245488031569069	-0.05278152352784518	-0.028481903380963486	0.01672443553581076	-0.04692926668069894	0.011992194930570809
-0.00865590799875076	-0.02746052069432819	-0.008027306945436876	0.0492713280565772	0.02725507881673871	-0.00036127565637531465	0.03968138138435618	0.02300196821982223	-0.01771447548574698
-0.01256084249106181	-0.027191199478070947	-0.007869405819543838	0.05512280863563492	0.03678155564050363	-0.0021889384940047708	0.03243656570029674	0.025493520438229705	-0.013413485184790021
-0.010573528471177467	-0.0010390901483365799	-0.0020760046149485858	0.02567309878412587	0.026691794102523307	0.01797490813607234	-0.021324400145901225	-0.0010121196405525898	0.014273506591470694
-0.01819460121801845	0.01196047640049892	0.019958475988434424	0.012215333796549216	-0.02157149547010803	-0.0041456569006803395	-0.09155925630788311	-0.047745846097962605	-0.0373340901604829
-0.024596915265360193	0.040920204299934974	0.030211492157248294	0.02617059029150094	-0.0016964303974826398	-0.006734953713819553	-0.05497698018139983	-0.02210674150420897	-0.05877772301961966
-0.011538584523711825	0.02924378050279574	0.001662310669672365	0.01365070287807228	-0.0017468489771326802	0.006961426348950349	0.017190231725694567	0.048048663010304776	0.0054369330100216265
-0.015096949783562175	-0.0024799973299449948	-0.06368322432834388	-0.006669772764805194	-0.09567283058678676	-0.011039290323640975	-0.013844787660613585	-0.000984299417649795	-0.005098521494294144
-0.012572274212091814	-0.005527816216817399	-0.0427262213788836	-0.016302786903662585	-0.06807289369267187	0.0148898115610611	-0.03270784681998993	0.024304969672770554	-0.009814029296347759
0.0	0.0	0.0	0.0	0.0	0.0	0.0	0.0	0.0
0.0	0.0	0.0	0.0	0.0	0.0	0.0	0.0	0.0
0.0	0.0	0.0	0.0	0.0	0.0	0.0	0.0	0.0
0.0	0.0	0.0	0.0	0.0	0.0	0.0	0.0	0.0
0.0	0.0	0.0	0.0	0.0	0.0	0.0	0.0	0.0
0.0	0.0	0.0	0.0	0.0	0.0	0.0	0.0	0.0
-0.004054046398828432	0.004894093848030647	-0.033652110907864304	0.01546839788874498	-0.04431912996580128	-0.0416361544859056	0.030289720358572848	-0.0406087306597229	0.007572017426551656
-0.012527147118093987	0.0323571251429037	-0.06556642379657744	0.018461476523388642	-0.023026120268878302	-0.031019857969310602	0.038525410531715244	-0.03286535778118042	-0.013463366738500248
-0.04868284708314634	0.12063222262210545	0.014191987982288767	0.0557630268648928	0.03933993198430657	-0.0008442420229765324	-0.002702830198890334	0.0498298670179011	0.008842340884837215
-0.05260624473636431	0.09857781349109404	0.0010618631859298363	-0.02095461078088264	0.07177928297785809	0.030131785334988226	0.045430295287804665	-0.017390996228052152	-0.04900430407486933
-0.0781183618000907	0.07560210332471001	-0.0023917765893951837	-0.08710956829443718	0.11188243288194664	0.0177208760249429	0.08442196156157818	-0.03657964147680925	-0.019364264876987343
-0.08608436503915803	0.07731508020345888	-0.0065756650064806785	-0.08273688061063812	0.1345764966699632	0.005950964513321787	0.09058313186086316	-0.03699153982674831	0.003080963809320207
-0.08856005067808828	0.08068416607376133	-0.0030603159304279162	-0.08669002038614938	0.1227882618776907	0.018853554408894385	0.090938042296103	-0.050849627431693585	0.0344596658938533
-0.08927450036712908	0.09388487536291024	0.006447308254043738	-0.075304053492314	0.10542446376844497	0.025386479817125947	0.09277017468758751	-0.03840234345443729	0.017094819994252372
-0.08763019240518549	0.09049992493040583	0.002445689605250762	-0.07724345442231434	0.10450019635767979	0.023381088314153635	0.09209625712183273	-0.03511269990795819	0.01777468840765924
-0.0925924094223878	0.09174606918703125	0.02119027350002945	-0.07933312479656224	0.06689833141896485	0.045895538871104646	0.09311977809917811	-0.036765606119974883	0.009163212315598804
-0.08239647324423673	0.09440741958341466	-0.018783956720700334	-0.04836863267218248	0.08142007880084114	-0.003215598993778757	0.010373919503602464	-0.00859161719364079	0.053358736033450635
-0.05115392024032673	0.07320816771978209	-0.13982278050020236	-0.025877900401180987	0.05706093165342373	-0.039583798421851245	-0.019597961202362894	0.01130243231418402	0.04225875564639189
-0.020873617069877833	0.030611449639617053	-0.09478862086361264	-0.00376550427255334	-0.01126394277581477	-0.009982867464390158	-0.0063048081402580685	-0.05073535641448908	0.011558184183450872
-0.004982066933014129	-0.004087517480985009	-0.020385408403660422	-0.012634319281007835	-0.019146761438623424	0.02353201568755968	-0.029235667029580244	-0.015701373697947576	0.012209393624886275
-0.006986955049795987	-0.016121295527207792	-0.015164353093066157	0.018481226002351723	0.003886388693852491	0.009095475161709127	0.007394487554822233	0.0012935821154488143	0.0023173557835811124
-0.02560880630392588	-0.05749824524696911	-0.0048561035444126665	0.06034704118768347	0.0419010934834148	0.013109509533556666	0.06872602146638777	-0.008640401203079214	-5.098833054770213e-5
-0.055338390470863814	-0.06513477226166674	0.0205159234065068	0.0843243564604363	0.07936593866262115	0.018510855722783007	0.10401790916527102	-0.03711671609955677	-0.017654473614095598
-0.06854716946107763	-0.02449030630138486	0.06582421827260798	-0.006357418573069126	0.018585734744394393	-0.034540279014114515	-0.04910222436339824	-0.13082112544797775	-0.015346689977943737
-0.048610747165670404	0.049618083782361086	0.05334053206828791	0.03255941565440361	-0.008852587663015363	-0.021440008510153402	-0.09792762233799442	-0.06174756689282922	-0.0244487037301436
-0.03582466863865722	0.05938497464133447	-0.008855948710218078	0.040978921523985	-0.053035357929777045	-0.03733528693319743	-0.0010271373977476786	-0.03816224487425324	0.03970491596049582
-0.023096678564523885	0.027084482552175868	-0.08114665106777294	-0.01891530043619781	-0.06898463566793321	0.013905442965992248	0.01309042653365433	0.0067520344758453844	-0.012690223645536552
-0.01433456209070222	0.0015280643426170244	-0.05104167389840161	-0.042784185105006894	-0.03793908852847374	0.05027845720138542	-0.04125375075628517	0.04533622723378324	-0.02968359951334667
0.0	0.0	0.0	0.0	0.0	0.0	0.0	0.0	0.0
0.0	0.0	0.0	0.0	0.0	0.0	0.0	0.0	0.0
0.0	0.0	0.0	0.0	0.0	0.0	0.0	0.0	0.0
0.0	0.0	0.0	0.0	0.0	0.0	0.0	0.0	0.0
0.0	0.0	0.0	0.0	0.0	0.0	0.0	0.0	0.0
0.0	0.0	0.0	0.0	0.0	0.0	0.0	0.0	0.0
-0.0050341737156481756	0.012695147140038028	-0.04209576624039407	-0.005983143000817055	-0.011985888696166744	-0.001108379008922036	0.03305340950463015	-0.031206134622494237	-0.03878312996771838
-0.016407145679886524	0.04201521611723487	-0.08819184750792991	-0.0009428321790011614	0.00066797874571631	-0.01861660387742112	0.042300396757797794	-0.03775427083617618	-0.03440567161833293
-0.06077235811893289	0.14308201015682898	-0.027752845535134414	0.0170740730881965	0.07871053655001763	0.035210671322804116	0.007226241545346618	0.06869042688271323	-0.04656147773453288
-0.0898145687967518	0.08399200453700108	0.017447891448330786	-0.08707542677555448	0.05396181710914234	0.08326902660687246	0.05422038291056936	-0.07878328832005917	0.04139308464432179
-0.0922188662062292	-0.023854674047818027	-0.012684358284440606	-0.1688856414415236	0.04247677265276263	0.00967920096374321	0.02775582250771288	-0.0047261201565238185	0.06033949838829442
-0.11900170363804292	-0.061978319393637966	-0.01921528665028971	-0.12446298435024541	0.028437949198051697	-0.014767668816776106	-0.002413866574518112	0.08686164043705909	-0.014099748198223804
-0.11877423173025353	-0.04793757904528423	-0.008838012662808821	-0.11481216297707597	0.058896461096787034	-0.005224128482145833	0.010780160588844633	0.09239860743426752	0.02874025301145875
-0.1076475055146107	-0.0513510321967391	-0.009221971002998819	-0.1316203925131219	0.017173659543616493	0.0068783567555927815	-0.06917341091030989	0.04313498651234508	0.10152810626380232
-0.1282882862090677	-0.024605801217405004	0.042349085406643644	-0.1416304645765934	-0.04730588822474874	0.012335460142641981	-0.05577604107603216	0.01874455163056572	0.06680148062147824
-0.1372330283322488	0.018743109159778858	0.08222002063000594	-0.08720908614657512	-0.041604717810867456	-0.012202705898663714	-0.055734901153768564	-0.0016781185772978546	0.04193947329326218
-0.12309437002512552	0.025652168809746915	0.02821670458478997	-0.027931380750210403	-0.013149929171086355	-0.03950242042502571	-0.14275410153025675	0.018736417258554346	0.07289754187213554
-0.09436226700519816	0.05563115174781555	-0.1195625176046192	-0.0635674121206228	0.037068265150157924	-0.10303830867051472	-0.1238344121234505	0.010513928572146187	-0.0031808665888075974
-0.04652639195410031	0.009459082466686615	-0.12874490371341177	-0.039842404015017194	-0.03412152827669455	-0.023997553455691753	-0.06113021517452769	-0.02680267996305132	-0.11357802636454127
-0.011507280039610525	-0.0093079018272597	-0.03190181817040209	-0.01690422211068193	-0.04845891536501983	0.0371798176123581	-0.049534419350506786	0.04226241266141886	-0.013783243871816368
-0.014008414945100666	-0.004249780822257771	0.012560542932930316	0.01970529070161881	0.0018772243909503097	0.050011729822009576	0.002376232761251964	-0.004724050790906072	0.021998729025431527
-0.0335068293470992	-0.05408973546200046	0.01321884625350665	0.07232890576197945	0.023284717729553636	0.059483278079645714	0.0874707474532552	-0.0017781263382322344	-0.00970822143141594
-0.061148380297317194	-0.09117144465777534	0.012187733389339026	0.08330530469065671	0.1015252444882528	0.016514153395436167	0.07676286542870842	-0.02592019365974686	0.0019042884229336764
-0.08059516405562879	-0.025662459216630882	0.04505532832227759	-0.003143766109087393	0.1124518624357159	-0.04110640535166704	0.03121746913209688	-0.11913429355369752	-0.019642840443477916
-0.08726854197362026	0.026055981903427745	0.0935345325414508	-0.025218139825286853	0.02410563213183742	-0.03273270613488616	-0.0733261482403227	-0.13756114146233678	-0.05384483958184391
-0.05756187389749885	0.09759214639356445	-0.05109414857823099	0.048102067576185514	-0.060550920183637655	-0.0045193038967111425	-0.02901322244370058	-0.04250554205413666	0.07495322835658176
-0.027684279073620248	0.04045407839824038	-0.10402864309679194	-0.033558180560248875	-0.06195959202145024	0.03812450446447802	0.03782626092671069	0.003954721508364895	-0.05958791642690531
-0.012827715344447783	0.01716772743707872	-0.058864757003083024	-0.04706021836930063	-0.00632851697472086	0.049669095786057244	0.0061319418223829605	0.05124764457271594	-0.0870607482021991
-0.0018261294442751162	0.006272545606732609	-0.015347635959103507	-0.008517536508942563	0.006498518241160925	0.012345553422069932	0.010841251558641246	-0.006477168250103258	-0.026209307117822742
0.0	0.0	0.0	0.0	0.0	0.0	0.0	0.0	0.0
0.0	0.0	0.0	0.0	0.0	0.0	0.0	0.0	0.0
0.0	0.0	0.0	0.0	0.0	0.0	0.0	0.0	0.0
0.0	0.0	0.0	0.0	0.0	0.0	0.0	0.0	0.0
0.0	0.0	0.0	0.0	0.0	0.0	0.0	0.0	0.0
-0.006944382560727975	0.01783488003582093	-0.054322323882705296	-0.017786874112303567	-0.00446524573029934	0.010027247685729634	0.034841245697958344	-0.02809828770620575	-0.048532291681748836
-0.021936210849101637	0.054177084806060455	-0.11606307067975409	-0.025134813270593158	0.024206745718996375	0.005901393689637498	0.04560679751720441	-0.04331527742926217	-0.04009740343365069
-0.07430180104119229	0.13510819729196555	0.02395025333808317	0.008994016573517213	0.0652641810468901	0.037233396492566635	0.0191177362928655	0.05074317365874194	0.03530132394115878
-0.09874535620383802	0.0477546566428876	0.058400735276400384	-0.10711027235713493	0.02984834263007974	0.058216339093700255	0.03639451784465633	-0.07614066209554003	0.09061759949350318
-0.1017364089892912	-0.11381341920245337	-0.016139211158415254	-0.08318957551699142	-0.022858346840650946	-0.009388838529541567	-0.03351381781565323	-0.01695791928859572	-0.08924768526977099
-0.08256792735926628	-0.12042149149380975	-0.05349391135439179	0.0249862819969898	-0.028751648886784106	0.04521404543700177	-0.08956937312887694	0.038732897889744516	-0.11455388985062077
-0.06554849354032592	-0.11949381680903291	-0.03238149162576697	0.084526601813742	-0.06888213606231085	0.08911461322944655	-0.10629943634550358	0.0785372472884126	-0.1476575406342187
-0.07906608473481203	-0.12195243835548333	-0.020093777044466875	0.053386128804248874	-0.07865416189906317	0.09779391566996806	-0.09056021200380973	0.05040110323516342	-0.10390456146893846
-0.11221123409819828	-0.11182170091743998	0.0307831287650812	0.05885915190179096	-0.0935719582062474	0.1503977372874245	0.005616881444565671	0.036688103479966545	-0.12437631234193453
-0.12720707145662877	-0.033085220303851345	0.07105333401457346	0.0779205134894835	-0.0477804510995365	0.10732771579382448	-0.06614899316155798	0.014526109666730642	-0.07007398379094319
-0.1167095296310254	-0.04021140938082071	-0.027663532565573256	0.06642717171469968	-0.006846269907231134	-0.031012902319629387	-0.2241574537597873	0.07768074452005466	0.03292795484945632
-0.09135107288964699	-0.01768888628809331	-0.1634243066712563	-0.015303606463174154	0.03196600818980156	-0.04309998407383084	-0.12711947673689686	-0.026658293282671976	-0.0666778772710559
-0.05019138720635769	-0.024566405966153976	-0.12333830173694173	-0.0535024097386341	-0.04582029796541255	-0.01836303178305783	-0.05656261393178504	-0.05316386753319664	-0.09116451200735623
-0.014329859635867793	-0.02028588273679866	-0.028459817899612546	-0.014545799655628619	-0.0340158908104163	0.02272345294797867	-0.03932008027079998	0.039260050465691455	-0.0262178715919069
-0.007985933597068331	0.009613505365192235	0.012143579574663318	0.0209530943296256	0.008626184516967714	0.043407085416972635	0.0056224063263680575	-0.023677606001460065	0.020667840723308045
-0.01932500079109225	-0.022982768031583178	0.005626835352325065	0.04445154455317469	0.00757377193603459	0.08015946985039638	-0.013502062338819018	-0.0014793622521427558	0.026332073531342523
-0.03778792929024169	-0.09619229772745674	-0.027198081870872096	0.07321582214172717	0.04103241230852338	0.04091607648476779	0.04874220440786723	0.07420752899933211	-0.006623088355671143
-0.08125000521395855	-0.08245990963715924	0.02014342288647014	0.009089958239018777	0.12401809543935288	-0.04806486689046339	0.09100664469385193	-0.01988475266926327	-0.0060816284962512054
-0.09842430430266814	0.023052239384518756	0.08458881828135605	-0.031557595257333516	0.05186636343190879	-0.025238438614150545	-0.0951845591153217	-0.194029253355362	-0.004697670896781386
-0.06359671184447672	0.10081469741701722	-0.043956244748283295	0.051119244634798666	-0.060236727650636486	-0.008996687129013171	-0.05644404260721141	-0.07048895960055804	0.03003822313916149
-0.04303099340589234	0.07500478023319194	-0.15697658194755926	-0.027665884189380298	-0.04099465366512691	0.028464876219049254	0.022522553201273304	0.07138523386149478	-0.043689687357495274
-0.017027582028864258	0.026913149119763266	-0.08105571632085738	-0.06398284848630369	0.02845376185845253	0.05367106369708774	0.010043615291175421	0.03532966921155048	-0.11120768574691448
-0.0029707369280347275	0.01020414129191121	-0.024967446335569608	-0.013856279642346975	0.010571752280237368	0.02008367564684168	0.017636485985337153	-0.010537020236982133	-0.04263715080944138
-0.0005854099334281824	0.0020108161103114908	-0.004920055680206846	-0.0027305022085394788	0.002083257100347538	0.003957665558487762	0.003475425235116134	-0.0020764128446552916	-0.00840202691169786
0.0	0.0	0.0	0.0	0.0	0.0	0.0	0.0	0.0
0.0	0.0	0.0	0.0	0.0	0.0	0.0	0.0	0.0
0.0	0.0	0.0	0.0	0.0	0.0	0.0	0.0	0.0
-0.0007951089982021827	0.002731108393866571	-0.006682463551787581	-0.0037085924779358317	0.0028294983932966103	0.005375336696117973	0.004720353583407003	-0.0028202024641089465	-0.0114117079659145
-0.012479932464534882	0.03202646032983152	-0.08397077848556274	-0.04870536392077484	0.044118431977447685	0.031065376067795636	0.03624819952105498	-0.03515348537439724	-0.08350147141904507
-0.020130032558730766	0.05023066849525587	-0.09826140317907209	-0.0003601675734764239	0.014184802731646205	-0.02854434602142646	0.02511901774427596	-0.013346754616734237	0.007402111626148528
-0.06686190019116986	0.13397428208227385	0.013907841747804562	0.011624205042262584	0.06350676747835692	0.027672522235793452	-0.0011003454442932788	0.04505008808427606	0.03453104755050803
-0.11086038195158622	0.0034153744493523553	0.12441327022496129	-0.08689796633688035	-0.04471256049625276	0.031237519129788702	0.03260980134570757	-0.002325411091539332	0.06182735479673429
-0.09348087125020194	-0.12741058475191275	0.0027762763591875073	-0.05350225151165472	-0.054905470413405356	-0.024215618750243854	-0.03527410368235868	0.0078242112499531	-0.09025127720918708
-0.057883007176341046	-0.10151941580075818	-0.053250767936208226	0.09974074967819112	-0.012473798514925614	0.056079581508696054	-0.08326812906287474	0.0030115061292210667	-0.048882226362975095
-0.041662677977578964	-0.0713643070174476	-0.03817188735132656	0.13737851025853184	-0.011614517005725333	0.19630878983554717	-0.12351793702380835	-0.10378527078655632	0.03248508835987849
-0.04204301642524509	-0.07148603400252725	-0.015192550965834363	0.10972589232708993	0.015580455146855705	0.154107855637948	-0.009295684081189982	-0.10270325404168971	0.0552261282215119
-0.07896540078831604	-0.049042753370149864	0.055610981334112145	0.10209389597912288	-0.017568213634524366	0.20702855718646931	0.15368636708698652	-0.07484602462589451	0.0856762927792015
-0.11213920729507047	-0.03050166931183837	0.07710437350820591	0.12010452706541389	-0.009052215929590178	0.15778060951584966	0.098727437890915	0.0822759106130222	0.03552493100408787
-0.11760713379906626	-0.0640871378183512	-0.0698531686491382	0.1843610524423225	0.052100321516471905	-0.053403613718682484	-0.15077428431384982	0.07306342351797197	0.04791674324537693
-0.080704305979752	-0.008290445044270883	-0.17435749373708748	-0.04483509042568813	0.021294637877576086	-0.04478033158192617	-0.12797938496142916	-0.03230668256076151	-0.04308449555402711
-0.02002784982992368	-0.0018821892088853637	-0.07798597974380372	-0.052347756833576835	0.024670105458971525	0.05344684053878199	-0.01663073844152299	-0.03054355956413187	-0.058526001002694075
-0.006402353019435292	-0.019060664666709894	-0.00846673014934271	0.014959625645260013	0.016116548529345263	0.006815708208546973	-0.011679172245966991	-0.005393616272754076	-0.009786211240642908
-0.0034681314247709673	-0.011966425874924245	-0.0072264621336855335	0.029740806013068666	0.013871067534363896	0.03322713853352609	-0.012560526357126624	-0.005324373020683769	0.0029411664062474565
-0.009531311721277514	-0.023911482615167075	-0.003839640628085639	0.02518222868209337	0.0007206906718797924	0.07287301254301275	-0.0021463087639463038	0.009256122895237185	0.027129152175073095
-0.027407175377226756	-0.07541996767534913	-0.02954933802260232	0.09510718297542498	0.038097769852204914	0.09128315908601117	0.018757157379680027	0.04436919042423912	0.029473084375380338
-0.07838717832157438	-0.13334690607059296	0.012897488197937877	-0.006316608833725994	0.07792039575332657	-0.081210788899807	0.08955236906169342	0.04694437001595456	0.009728129201423803
-0.10623399177792527	-0.007048505920572178	0.060517617168392754	-0.0187403303589827	-0.04830125338982093	-0.05759509193900292	-0.09839362502454424	-0.22382963522655816	0.04411931635688153
-0.07344615263249575	0.10641890176268269	0.005056014527467678	0.07047270446031742	-0.10617774676956536	0.0071463460107071	-0.05965012459790361	-0.06166459780358298	0.041380527036456935
-0.035774151063585946	0.0674423737128259	-0.08121810807680309	-0.028351767916324187	-0.0037109750368087254	0.05587913387256176	0.023824785487406002	0.13279241642786233	0.013747390759564826
-0.01960482996567921	0.023209389386232775	-0.06722709019723505	-0.06564692682059929	0.004973708099814399	0.06567840231177571	0.021302648219019917	0.03559859673947332	-0.055229496107822885
-0.007170603612451217	0.019949562974595773	-0.04715840565334396	-0.03077890975935008	0.04535403111341076	0.024085643557872165	0.0215481594541296	-0.026454995598147617	-0.06678408835415672
-0.0018348669053073658	0.006302557785214073	-0.015421069620419356	-0.00855829027016741	0.006529611628367135	0.012404623052804526	0.010893123573153356	-0.006508159484247158	-0.026334710495081758
0.0	0.0	0.0	0.0	0.0	0.0	0.0	0.0	0.0
0.0	0.0	0.0	0.0	0.0	0.0	0.0	0.0	0.0
0.0	0.0	0.0	0.0	0.0	0.0	0.0	0.0	0.0
-0.004387162533093324	0.01349083247538753	-0.032451456029290664	-0.019563519515364298	0.022302246137196332	0.021433358921513046	0.018955717017213537	-0.01590543537404001	-0.05078082373815421
-0.013070641907201691	0.03273957191389349	-0.08887418059874304	-0.04645148525316768	0.037660753404962125	0.024998630107940265	0.04066167240008192	-0.04107052684248303	-0.08239816332785146
-0.016972850281801954	0.04173048397836372	-0.09482124227185709	-0.005674013426899605	0.009168147142515437	-0.031153847991225676	0.030080777409597474	-0.01965311803124291	-0.00982060271242089
-0.06728959142153398	0.11556626758224134	0.06668712654892217	0.04051078074725478	-0.028702475869595106	0.0370972691526366	-0.003409105464027746	0.04229088980979224	0.10791645345971017
-0.11667268010471253	-0.00030428101077409645	0.10406283136962026	-0.10712874107081431	-0.07023137860024058	0.023786670885703326	-0.010680979241489544	0.0024081921889619606	0.07335307404405914
-0.08622585902223759	-0.13644564169090984	-0.010805829436431755	-0.030097061043452434	-0.011088492593214415	-0.06246933529596654	-0.043466370188335136	0.030517013336021828	-0.12601749498092132
-0.03253981458680594	-0.07072727898942001	-0.05657086964579141	0.1407550445892849	0.02602334843268533	0.08996604417886447	-0.0654005190192315	-0.04487321421430741	-0.022159264217630863
-0.014758384821267874	-0.029722068710035302	-0.0181380027898427	0.072576697093186	0.012317365224478453	0.1538925726949671	0.005901715111434644	-0.02718179949987782	0.10116152468354953
-0.016434666647711337	-0.013346371504769968	0.005361140327474152	-0.016846867564601912	-0.011154255592116762	0.05585062587151207	0.03950372609732794	-0.025639754684294504	0.07089912205765285
-0.05239807498163551	0.019923745287124442	0.0868663930303495	0.0019383771493187661	-0.04879151051654791	0.11038708078777182	0.09498252678370553	-0.052352788677261536	0.017185247484424425
-0.10472132381451035	-0.002177021269702546	0.1042929919368645	0.06858044368363106	-0.0559046932635339	0.09386328355779444	0.06856813202786574	0.0644135972110182	-0.04616938203239544
-0.10007831692040854	-0.048800071555966565	-0.08262123703635753	0.1696273683848832	0.04618918688063307	-0.06731504636761923	-0.1433588732340034	0.061892860630475326	0.08736650488443538
-0.06249746287586194	-0.021842346429201756	-0.14825264968305368	0.03853106315597272	0.0811478056457181	-0.08572514888339909	-0.012507528853684275	-0.01957279238630759	0.026780948524370088
-0.023443941166298846	0.0045220289800465665	-0.10465406020400542	-0.04446772611648951	0.05948857913864172	0.0858434285703884	-0.019522377770553368	-0.04439690874054326	-0.07460470020135392
-0.005308196266424702	0.004991689730943558	-0.02814628602942708	-0.00640659924270198	0.022164214361869786	0.04302441880552226	-0.0018773172313965173	-0.003900804329452144	-0.01596527552697246
-0.0014704793623641734	-0.004340052174701451	-0.006132640599607742	0.011860406609304881	0.004553608089088624	0.015419058395397738	-0.00889383414474756	0.004295180797094626	0.0034372125178181853
-0.003485403930636222	-0.010162234931919503	-0.009224193300565746	0.030806021049627555	0.00834691352070496	0.055551548405995056	-0.0060331830270226	-0.009061493346465617	0.03845292053564118
-0.026419193262970302	-0.07713588624667325	-0.029866651767174193	0.09919509914109965	0.040055766312966985	0.05591520668621777	0.035466733512898904	0.04392144832898801	0.004237300700287536
-0.07734493343848939	-0.13651641007965148	-0.062406725055404316	-0.005316286626919821	0.004873512796676673	-0.07513113868772221	0.0792124597394871	-0.05724355679604578	0.061401107794950976
-0.1120409333616717	0.009234464717904818	0.06434053246870947	-0.027549929495568982	-0.06943900218114951	-0.04547452603772419	-0.06355933747686174	-0.19822837801887366	0.03788582896259579
-0.08572810230864876	0.11314106682050745	0.03736650433745822	0.07341904087388343	-0.10880421219092061	-0.013098319922238158	-0.005959178127740858	0.03270590042959855	-0.010715993424225186
-0.03023405647367018	0.05596049174005029	-0.05557759574610534	-0.008177690082438873	-0.03643332308428656	0.04073049905250244	0.020681822008581992	0.14897169783432024	0.020973786864583892
-0.012336974775093148	0.0295565008234761	-0.07397346171537686	-0.05632049587170013	0.05305887843240638	0.047551034460687716	0.022140606601694826	-0.008580318067279866	-0.09161185296789273
-0.007170603612451217	0.019949562974595773	-0.04715840565334396	-0.03077890975935008	0.04535403111341076	0.024085643557872165	0.0215481594541296	-0.026454995598147617	-0.06678408835415672
0.0	0.0	0.0	0.0	0.0	0.0	0.0	0.0	0.0
0.0	0.0	0.0	0.0	0.0	0.0	0.0	0.0	0.0
0.0	0.0	0.0	0.0	0.0	0.0	0.0	0.0	0.0
-0.0029707369280347297	0.010204141291911209	-0.024967446335569604	-0.013856279642346977	0.010571752280237372	0.020083675646841683	0.017636485985337153	-0.010537020236982133	-0.042637150809441374
-0.007170603612451217	0.019949562974595773	-0.04715840565334396	-0.03077890975935008	0.04535403111341076	0.024085643557872165	0.0215481594541296	-0.026454995598147617	-0.06678408835415672
-0.01013227261312184	0.02257450522119251	-0.06417541377507772	-0.03247170543556964	0.02673515579716611	0.004582530094155539	0.02326702049475063	-0.03085772798830148	-0.03970055729312373
-0.012337759240162614	0.03218429854966391	-0.08015306751549774	0.014315928925517056	-0.03174109630152751	-0.04141080830549915	0.02711481875367365	0.010068317045065155	0.019829606478805138
-0.0710841929393367	0.10338701068576396	0.05048954731265626	0.021345703965930957	-0.06623841095243106	0.05084956178144433	-0.019090357881920778	0.10510889430040597	0.08770709449607397
-0.12569235772298837	0.01562264321476824	0.09771330894579307	-0.08702915832205622	-0.05773552941613382	-0.000162160117916965	-0.0429361922055767	0.008493351726621232	0.07693203170896618
-0.07936666714141107	-0.13707457954586327	-0.008592988936691963	-0.00228923336278148	0.037965888106426565	-0.08242392217307745	-0.008238052115289178	-0.03191157471412099	-0.09850279180465994
-0.018293576613618277	-0.060879951725531706	-0.03342387157671528	0.13603855521363972	0.05001002905009907	0.08611508805874662	0.01563504397663952	0.023458099063512736	0.006834399850371171
-0.008421012098516789	-0.017701789718143113	-0.013107271356704708	0.0390360221836795	-0.0025527106546151986	0.08914684304383584	0.018788799914284105	-0.017067010608931718	0.06210958339107464
-0.012246951076054002	-0.002729029180189846	0.006101808418461717	-0.009052888482542732	-0.01641335050536326	0.05243967133968275	0.024180432731182224	-0.008848599906998678	0.05800911130995673
-0.05016992907435277	0.016143144700875384	0.08694588793422475	-0.02539845006211119	-0.05586022633035001	0.07247377667444228	0.07226411427570924	-0.0551243720947791	0.021097277700305252
-0.10320503691554224	0.005892971599374977	0.09568553796851681	0.01889221976648036	-0.14239355014690908	0.006986363489152585	0.06581486189768446	-0.003526743093625841	-0.10188692215485232
-0.10313879755623268	-0.020622998910457296	-0.04158481477815042	0.09754898234446988	0.04576137460240793	-0.1181732765773561	-0.07553738266723513	-0.003948049795248117	0.12995536692186585
-0.0641253192457423	-0.04211114361313209	-0.12054141410061786	0.09123384088028184	0.14852211442532356	0.0022113208826975324	-0.1107914168956203	0.036912826027018286	0.10451480925312086
-0.02308689854015293	0.0046936967453538566	-0.10554453185786773	-0.03736615898921714	0.05975451678478058	0.10903697263710486	-0.017071594851673165	-0.04635308194999541	-0.07638688732043744
-0.008528906943579686	0.015426159497996129	-0.05478254339417195	-0.021601109771298796	0.02983443092195294	0.062290656923176604	0.014257382402630756	-0.002537403155295612	-0.05701378952685804
-0.002156853290977732	-0.004401993168325404	-0.004591877974323401	0.014529653992008576	0.00291121484984619	0.03820247084313998	0.0005655027213356696	-0.00668394907121469	0.03281187265501334
-0.010332752616959453	-0.030561475221779853	-0.028510372497493178	0.06935889638460355	0.031184580600473216	0.12030642257287047	-0.01631804569518335	-0.033754151591587137	0.08928225891296372
-0.04092960862190847	-0.06780586096172199	-0.09036560540469815	0.056944690590959426	-0.01611007522564685	-0.008249592652839002	0.06430543985379306	-0.05912135737426654	0.07497430656001694
-0.08569761464866255	-0.11743513722828985	-0.04554638010206889	-0.040217495419356444	-0.050155502012245216	-0.06447632443289911	0.06872952201892157	-0.08729834004352399	0.10435781895558245
-0.12098733332628762	0.017040153410129644	0.09091235321861522	-0.03627730891356313	-0.11544899214680476	-0.006687714518426813	0.00445643361037265	-0.06951304162067522	-0.04217727283224594
-0.07190961440971541	0.11239025685786576	0.0517707073348962	0.06292111721021186	-0.039623861353198106	0.013526195408823261	-0.04636288445951353	0.08959208232240058	-0.013060485250197429
-0.027121061791795808	0.06013915415678682	-0.08032237850668467	-0.010658817791146257	-0.0057655919046828135	0.031757259817979555	0.00861490229417616	0.13742910487081886	-0.045930262281709947
-0.011039572753543116	0.030287640664976904	-0.07201454020582287	-0.05420112171944654	0.05986454905380761	0.045858260396760955	0.02548658296079476	-0.020725633839771513	-0.08619172894428809
-0.006296857464958786	0.016948344974396026	-0.0398150391497136	-0.02670353343039062	0.04224469223525827	0.01817868018514285	0.016360957740113515	-0.023355872026743545	-0.054243749992910976
0.0	0.0	0.0	0.0	0.0	0.0	0.0	0.0	0.0
0.0	0.0	0.0	0.0	0.0	0.0	0.0	0.0	0.0
0.0	0.0	0.0	0.0	0.0	0.0	0.0	0.0	0.0
-0.0023270772543915494	0.007993243991723303	-0.019557832913256985	-0.010854085692308512	0.008281205931848425	0.01573221255012331	0.01381524732014022	-0.008253999164700824	-0.03339910138268334
-0.007170603612451217	0.019949562974595773	-0.04715840565334396	-0.03077890975935008	0.04535403111341076	0.024085643557872165	0.0215481594541296	-0.026454995598147617	-0.06678408835415672
-0.010200200475646678	0.023024843539852517	-0.06530958090098098	-0.03239321875761863	0.026922305746629648	0.005364077262694382	0.025069601741587892	-0.032528984425583586	-0.04333146090876601
-0.012337759240162614	0.03218429854966391	-0.08015306751549774	0.014315928925517056	-0.03174109630152751	-0.04141080830549915	0.02711481875367365	0.010068317045065155	0.019829606478805138
-0.0789933914403099	0.09947338102962629	0.033387112344054934	0.002758868878941097	-0.08749124459895095	0.07963059952781013	-0.048683334028181015	0.08956066086622978	0.11102107089825644
-0.13045936842363876	0.009495512319801279	0.1018313225628228	-0.07781140357370638	-0.06879568198603098	-0.010098678977077622	-0.07484434033021393	0.0003940909430852821	0.027736212903543826
-0.07507249962320844	-0.13554780996105026	0.0019474021058000536	0.03381893501888582	0.0823322158263121	-0.0819377490181053	0.04061431979179423	-0.05998801115123374	-0.056414428441479716
-0.020531026917814093	-0.06781556984360557	-0.03780096988781673	0.140719230252827	0.056458983849660103	0.10556382172174737	0.020405022124591284	0.022182913332134954	0.009173454549769366
-0.0043926343806656885	-0.004703826876783787	-0.004836349955807879	0.010036005167645173	-0.006636838501923858	0.0399972095727291	0.009605758687341974	-0.00583340773639233	0.03021249303805143
-0.0051001358999762545	0.0019026578104028617	-0.0039860606254658836	-0.008172474253534302	-0.01612086678091737	0.033338675029306465	0.023194275600274993	-0.007494319687256026	0.036504477034091216
-0.0350670795956185	0.02384015940681433	0.06574611080154873	0.004511177201422535	-0.052009012139353765	0.049315992725179864	0.045265001184332625	0.008464228549077973	-0.034011169986126834
-0.10140760635123941	0.012066847834670743	0.09764231437761353	0.024636178823014672	-0.13264860177021626	0.020441862920378806	0.0675519577281445	-0.028748192217148662	-0.08206553215883719
-0.11439644893304035	-0.04060497536934016	-0.009899510448174751	0.07805262620375507	-0.003671929603547944	-0.07794901106549755	0.022605706266813894	0.049564800569985405	0.06876300709405718
-0.08756794081082178	-0.06523312118219775	-0.07525916705091923	0.021636719820308285	0.10911440355562446	0.012747981478033639	-0.056101669514227626	-0.02745676242019131	0.17114809952738805
-0.0508271417215066	-0.012235773253837838	-0.09541793340101268	-0.057576114939200604	0.08324141453148251	0.14836254133632168	-0.08186706556182274	-0.10042073422641722	0.06886292399595575
-0.02447489112426766	0.006501179556690713	-0.09836539489216017	-0.016169560685928133	0.04507278050579097	0.192189025305538	-0.025472247883047843	-0.08027626193665738	0.05873292676147952
-0.02761059675390247	-0.0062093303880021555	-0.10198430556228308	-0.006853658459175402	0.015370622300961912	0.2137890747511799	0.011360224749566944	-0.06509248845550288	0.08979053521571581
-0.028860758952812385	-0.006375929104419634	-0.08688377067371708	0.002401806384812946	-0.08161169777945845	0.09130876249854787	0.03661033292489846	-0.09487307116131377	0.08093892659474344
-0.06368325504608206	-0.07311058518793959	-0.08002287183103236	0.02249124039668806	-0.04642635951661468	0.017581551233950082	0.09027579934621832	-0.11836497024098125	0.10940528760210046
-0.09904282150339687	-0.10227478696285659	-0.020132878465372643	-0.05346108713473372	-0.0663086868942102	-0.05959733889808083	0.1123867692483565	0.0077250144183011165	0.02107335018154938
-0.10331627759359745	0.03627102818191295	0.10860754835908511	-0.03910890689488888	-0.05096948433418181	0.01911189313052883	-0.01933273681357141	0.03524738675058972	-0.15343991396295165
-0.06450147608491044	0.11997306704576523	0.01858703723766863	0.06010914771810004	-0.00617520658361384	0.0026616740062148526	-0.060016095439440656	0.07965086526156338	-0.07751664663552237
-0.01867403490500443	0.05936412213168073	-0.0881058887811196	-0.007027138860053751	0.05254758430979744	0.014303224824297165	0.005893857178769266	0.05206088184075374	-0.020910251198014315
-0.008761939041724233	0.022493164761262494	-0.05294735632659768	-0.043524944124052944	0.05175201702269285	0.030503287138874347	0.012151443792913826	-0.012837717226479124	-0.05385639035935831
-0.0015564211528614222	0.0036115385535367213	-0.008223708293557404	-0.006271327509961854	0.012889903082291907	0.001483082197087851	0.0014496201397309946	-0.005899014284137219	-0.00894857079889435
0.0	0.0	0.0	0.0	0.0	0.0	0.0	0.0	0.0
0.0	0.0	0.0	0.0	0.0	0.0	0.0	0.0	0.0
0.0	0.0	0.0	0.0	0.0	0.0	0.0	0.0	0.0
0.0	0.0	0.0	0.0	0.0	0.0	0.0	0.0	0.0
-0.007170603612451217	0.019949562974595773	-0.04715840565334396	-0.03077890975935008	0.04535403111341076	0.024085643557872165	0.0215481594541296	-0.026454995598147617	-0.06678408835415672
-0.009234040400064661	0.022440568822722582	-0.06428672555816839	-0.022905773117820164	0.022796390137006645	0.002893588902108438	0.03696508297342262	-0.04712410998365973	-0.06293006751243374
-0.027132141064354486	0.03389125231662641	-0.09806601126665693	-0.01279643012188512	-0.0929403120391638	0.00732435006830634	0.03015299526034177	0.06219414347906581	0.023412637023228103
-0.07535689387494111	0.10508047444511201	-0.011028536079445591	-0.01845913735965236	-0.07649568180479728	0.113065485769348	-0.04639686338924885	0.10490905918452631	0.09524659950355177
-0.10210936555365865	0.02284294976818652	0.10877880906367564	-0.03468476503437266	-0.018233328870159604	-0.038590807529713764	-0.09033482385323083	-0.08401686597167574	0.032790711715062995
-0.07859938053696662	-0.1268438516730961	0.01753015220793052	0.03947169562048417	0.08953571197061136	-0.07798201578870453	0.05853562037566895	-0.05050565130585407	-0.04810567555702683
-0.028151052760602206	-0.08623166744513953	-0.049500091732409546	0.13657890800289352	0.08450142953811766	0.08674365468573333	0.023904452346856446	0.02270705691811863	0.017275527824463528
-0.003538235089916004	-0.0018315320431302952	-0.0034729922975388415	0.0045800115522157524	-0.006562104787883081	0.03452387721320249	0.007382111337921241	-0.005700016375512445	0.02848812109596033
-0.00449657700970149	0.0028889159290579275	-0.002302302594894327	-0.010616321836111145	-0.016649872563079558	0.024982968397196985	0.02265358623741914	-0.006538814043395859	0.028431245861829497
-0.013815740176117761	0.015506184361936173	0.029389968791291007	0.005253884503642685	-0.02399852413281696	0.022209902280537996	0.002127403971959346	-0.014134709642526779	-0.007182747882067279
-0.06533854103281683	0.03249688818039453	0.055305363686135346	0.0666297852934325	-0.11072972768900204	0.005815670171214218	0.062334450024852245	-0.05320727517161872	-0.12075310224954657
-0.1107032204357818	-0.03408584881039471	0.051430151104132085	0.0758057582981063	-0.09331589230329944	-0.0709642294527715	0.11018368045347565	0.056522313621027734	-0.09988971902743812
-0.11772709119712582	-0.08318428395396012	0.006127077394642112	0.004513669857603181	0.03847910177877406	-0.061027695177490196	-0.013577069111762489	0.13291869383067004	0.13465717072164732
-0.09628995605973761	-0.07459488062991834	-0.044307680781665006	-0.0990506750695333	0.008733976829457177	0.021917602181952815	-0.07069271006179685	-0.002297024502644338	0.10799075558350081
-0.06393659109951769	-0.03212780525450936	-0.11194341202945049	-0.08944783805469021	-0.00572131836935719	0.09492851310028544	0.0550488436123214	-0.09461604037731008	0.05851982893068414
-0.057190173902809026	-0.0248727010009846	-0.08741046472058184	-0.06071745408251058	-0.11950552807437426	0.1161200506246821	0.056738442400691584	-0.09693310822771747	0.026896300612319013
-0.0729785602064958	-0.0547822559317561	-0.09910826762365446	-0.05792787516043337	-0.12271229004919398	0.08711012531884023	0.0759077390647772	-0.046533344772137726	0.01777407219376065
-0.09684281759607032	-0.11202772927136091	-0.001128187135118714	-0.06955444856411658	-0.032610531043908715	-0.034587078843307605	0.057454991567777614	0.06633794680751232	-0.05010332302455386
-0.09476019524801915	-0.076367059514591	0.03941849184254093	-0.07797384456128764	-0.008307238177672635	-0.024714982052172943	0.073258493158347	0.11270147217402689	-0.10711451879672393
-0.08889355740745256	0.04697648022198026	0.08223995513256582	-0.02789665693176336	-0.014954627343865481	0.0022100657237474463	-0.02281290505656916	0.057390646302699876	-0.1542584501728684
-0.04760050311809746	0.11413305613450833	-0.02299085609298983	0.05689329273014693	0.045307199681978605	0.007079963798683062	-0.06806897786482323	-0.013749734206359266	-0.07200605518378188
-0.01784028896418458	0.05411868069083367	-0.07442972467498211	-0.001781491591870129	0.05967387388814667	-0.003744155387566086	-0.009752277308327785	0.05449846168174978	0.009440369638138978
-0.004199866684416486	0.009745421682684557	-0.022190959317774366	-0.0169226301170031	0.03478227883317338	0.004001967911030481	0.003911673468792446	-0.015917975361165487	-0.02414693754471534
0.0	0.0	0.0	0.0	0.0	0.0	0.0	0.0	0.0
0.0	0.0	0.0	0.0	0.0	0.0	0.0	0.0	0.0
0.0	0.0	0.0	0.0	0.0	0.0	0.0	0.0	0.0
0.0	0.0	0.0	0.0	0.0	0.0	0.0	0.0	0.0
0.0	0.0	0.0	0.0	0.0	0.0	0.0	0.0	0.0
-0.0047736266698016686	0.011716221555020763	-0.02701310344956006	-0.0195987939772428	0.036824078083912644	0.007880873961872124	0.007317936017892425	-0.01795306656029557	-0.032381759953401174
-0.011822964206873126	0.02448545653036442	-0.070875018038085	-0.024844847473448357	0.008325510884562308	0.006584237471221999	0.05165224846608671	-0.05667443316665809	-0.04957084849060998
-0.03686622950821726	0.049852646834760476	-0.1288682957255192	-0.03548490807649638	-0.10160201107684927	0.05063538523376909	0.04978160122277835	0.06229977575432686	-0.02316452746983782
-0.06928819763517108	0.08859883968662789	-0.004645325704311181	-0.0311588123498216	-0.08310427117798153	0.11510761884293508	-0.04267052781129348	0.08899160091707603	0.06870533433363667
-0.08194893561288796	0.0454989258169432	0.09611081826900326	-0.0040372684953747726	0.005624571349588912	-0.05427201837729867	-0.09957897555334415	-0.1011891433030244	0.07059766741160632
-0.07644717804811459	-0.08326317981458566	0.008634624218184062	0.0816178658792236	0.11622861670599934	-0.09199884473205783	0.03100147745315922	-0.06264458813820334	-0.029208820225873698
-0.030189850320567542	-0.07758769561040248	-0.030980093796232143	0.11144442709031908	0.08178278894021793	0.056427634954073144	0.05850028302313608	0.010267547025942184	0.007028125993169564
-0.0021084136629261766	-0.007346903413127746	-0.004478638686203551	0.01408672351182682	0.00577575159701056	0.014866984590397828	-0.004862558784982065	0.006903882679282766	-0.0027554619631048353
-0.00449657700970149	0.0028889159290579275	-0.002302302594894327	-0.010616321836111145	-0.016649872563079558	0.024982968397196985	0.02265358623741914	-0.006538814043395859	0.028431245861829497
-0.01102512745542541	0.01641805854082649	0.013656211432763186	-0.0028570506342865485	-0.013002960359242519	0.033081215141855254	0.02539096254135604	-0.019625367519168494	0.025676869707072024
-0.03789031919278208	0.04884922376744586	0.018704042874355842	0.04739712135636149	-0.11272575568869775	0.0190178971816702	0.034196852003417724	-0.08532858106500021	-0.06307481191195285
-0.06467990157675557	0.031436475663331166	0.03886895546575758	0.12193282939820803	-0.07239866443122289	0.01303475087623079	0.11250030562385109	-0.06287331757973774	-0.10295018632134179
-0.0958613988288122	-0.01721744119649826	0.033418459219181525	0.03631674696215257	-0.021375039812795676	-0.030206937695381082	0.10411263868847215	0.15553708741912725	0.01950134376487629
-0.11508107885419475	-0.046473856546779845	-0.018584502801677436	-0.04219936549034139	-0.03884176739911469	-0.11840664123835276	0.027520338208332034	0.0926326665250756	0.11675438824370879
-0.09784719020663953	-0.08496843770218476	-0.042260024018574184	-0.08675599620787279	-0.051532179607000336	-0.07409887901472836	0.019158574345289187	0.03248704451438689	0.02297789860558247
-0.10109209349269797	-0.08240492402414208	-0.05102777476043473	-0.1112131513545718	-0.022339087422255002	-0.08158000213648144	0.035720169062037864	0.04671285376747866	-0.03775846239000771
-0.08947427144577333	-0.0971483529679181	0.004743114129693606	-0.07858452309447145	-0.009787224337757834	-0.03574025524394649	0.024737702592736024	0.1339778906402825	-0.05806053825729339
-0.09520850238189744	-0.08227547756127099	0.019829755942946673	-0.0607685088962332	0.03107550536911653	-0.037040059868568925	0.07705503559050182	0.14667281444620356	-0.06426731877182203
-0.08458876811556018	0.00336379989939158	0.055156899318962116	-0.042170664137063454	0.02976685859907296	0.00866880229733588	0.036071111898969534	0.0966045962504521	-0.07666010352997366
-0.04655412182143532	0.08390975910759291	0.041728735303601175	0.02358405252468978	0.04305110309741828	0.009012107275175412	-0.0693014353059756	-0.05280401994487978	-0.06580033614776086
-0.032056311643476255	0.0754587086519009	-0.05220607861073487	0.03265193768515105	0.062042908399992845	-0.019288996676645874	-0.06300061489229565	0.006642596518805078	-0.050155987296715346
-0.017834965889389272	0.05410184640541087	-0.0744235066972632	-0.001797738142747512	0.059662582310972934	-0.0037356069328749967	-0.009742527384896955	0.05447982453459906	0.009419324793915405
0.0	0.0	0.0	0.0	0.0	0.0	0.0	0.0	0.0
0.0	0.0	0.0	0.0	0.0	0.0	0.0	0.0	0.0
0.0	0.0	0.0	0.0	0.0	0.0	0.0	0.0	0.0
0.0	0.0	0.0	0.0	0.0	0.0	0.0	0.0	0.0
0.0	0.0	0.0	0.0	0.0	0.0	0.0	0.0	0.0
0.0	0.0	0.0	0.0	0.0	0.0	0.0	0.0	0.0
0.0	0.0	0.0	0.0	0.0	0.0	0.0	0.0	0.0
-0.019037780082283826	0.00360996903406852	-0.06474248556526747	-0.02834907110121262	-0.08924199473636084	0.03731130802222268	0.007348278194659853	-0.002371013237627382	0.0031079014076709557
-0.033015228154021685	0.03955007740211013	-0.10398861809114643	-0.012071286645313147	-0.11615154153957025	0.028908888541112416	0.04592298698846761	0.05665582214316434	-0.003804030433889013
-0.046871740267538146	0.07375141290914924	-0.033709760294610494	-0.03373735992445644	-0.02292403423063411	0.07633789577378738	-0.026743137993155766	0.015823621408534848	-0.0034295197492814067
-0.06770842709274957	0.05747372550089569	0.0408794473311428	0.0005111875420090745	0.022633398273312903	-0.0069669324515181374	-0.09968661848513387	-0.10638448503680657	0.028506929516470884
-0.059663474865095226	-0.044803367550116546	0.030493441414543465	0.052454302065759996	0.07125284593209853	-0.0632393769458861	0.04803546611152263	-0.06434199029035316	-0.014722784248281839
-0.01711353111144095	-0.034375588549973045	0.0010910674434356435	0.06104772563045864	0.03413344830058065	0.0379723555961983	0.06382167284871273	-0.0024253885790307475	-0.01033325458199956
-0.0006300341742399763	-0.0022973029314192804	-0.0014587318326099359	0.004628894732031433	0.001725809089146517	0.004813611170943834	-0.0015296695173783615	0.002091356903523297	-0.0012248339941469068
-0.00221742964485879	0.0014246320720798893	-0.0011353511825416096	-0.005235303811758215	-0.008210672457035184	0.012320032464915481	0.0111713273400722	-0.0032245328103493397	0.014020506549375174
-0.00449657700970149	0.0028889159290579275	-0.002302302594894327	-0.010616321836111145	-0.016649872563079558	0.024982968397196985	0.02265358623741914	-0.006538814043395859	0.028431245861829497
-0.01652302253341371	0.02149833549960782	-0.01935916508824506	0.01792253868316227	-0.060495973381312615	-0.011237509064289948	0.04405599959357826	-0.06930568555632603	0.018253897480582145
-0.04570130326314484	0.033457743123650505	0.009484223113302225	0.11226852994016773	-0.05330017911880688	-0.0010992766489561073	0.0877318693772235	-0.06238806455100268	-0.0858053129253519
-0.06040524506443727	0.05995533698292239	0.031593654038838036	0.12327240660187705	-0.01432992649259937	-0.0266770238908715	0.1256486797581943	-0.02256799172982558	-0.05022149425523795
-0.05582098789567506	0.07731520699953831	0.009785012020049513	0.09601445808250773	-0.014141443049506767	-0.06972836861483817	0.09739942351646616	0.042442521715719626	0.025994213672638898
-0.09891955321140757	0.04355398831039036	-0.014208109996136788	0.023923588491301825	0.08834354280138912	-0.15675534496518068	0.041773667321301236	0.01972354079125792	0.05688288241622391
-0.09220152836718148	0.007500915874654201	0.019950405190632056	0.01913426341540409	0.1442039812651157	-0.10988714227331517	0.045669378943444895	0.05876067546207059	0.012835934503789875
-0.0874521528910516	-0.007084801957304767	0.03367616062149052	-0.0071777797558428445	0.15322939487494183	-0.08682435464209776	0.05562381148758528	0.015925545039052406	-0.02248529545797067
-0.06402578697235276	0.04100525506227271	0.028550219199539605	-0.020494709513622852	0.10468210313377756	-0.006152847499964432	0.0769923810312137	0.012582027217744639	-0.08313477814347675
-0.05676724892667611	0.10463370963377211	0.027892279866566186	0.028929325255416714	0.08903116677831764	-0.00020794955743615607	-0.04335076243799451	-0.057280570782487064	-0.08838053611002097
-0.043673641868350044	0.095677564927728	-0.0007414103210067052	0.032132799514839085	0.06941182836394441	0.0125876940592128	-0.07414462296562689	-0.06674994159115041	-0.08680875129796972
-0.017840288964184565	0.05411868069083366	-0.07442972467498214	-0.0017814915918701242	0.05967387388814668	-0.0037441553875660945	-0.00975227730832778	0.05449846168174979	0.009440369638138976
-0.00736005602157706	0.02386753672380922	-0.03698732572420768	0.00983080102604324	0.023859168153097656	-0.01792339182656785	-0.004846415850316939	0.03423808996938441	0.014176553163595465
0.0	0.0	0.0	0.0	0.0	0.0	0.0	0.0	0.0
0.0	0.0	0.0	0.0	0.0	0.0	0.0	0.0	0.0
0.0	0.0	0.0	0.0	0.0	0.0	0.0	0.0	0.0
0.0	0.0	0.0	0.0	0.0	0.0	0.0	0.0	0.0
0.0	0.0	0.0	0.0	0.0	0.0	0.0	0.0	0.0
0.0	0.0	0.0	0.0	0.0	0.0	0.0	0.0	0.0
0.0	0.0	0.0	0.0	0.0	0.0	0.0	0.0	0.0
-0.012960685819550262	-0.005058921026294802	-0.04595037552173482	-0.01482078480064999	-0.07231903762337567	0.010900719157744584	-0.02980583785991978	0.02041431307916362	-0.009088566592911448
-0.027909941314806	0.034570312886790154	-0.09657043671920296	0.0013842140959370614	-0.10166784177605481	-0.00018926442986457945	0.01965565014390004	0.0653536923222659	-0.023498840377996603
-0.02678456563425099	0.051462499359426844	-0.029570298086528533	0.0201533684627479	-0.004256062613218696	0.0022616239490126956	-0.04992162495455943	0.019132062600841743	-0.06183019836059872
-0.019703562932442447	0.006561591171119489	0.019085288380716495	0.014956925602494484	-0.022471705502413068	-0.006159870846466215	-0.1092831621566176	-0.052939982477525245	-0.048263203083149415
-0.015249252339514775	-0.01926588298819453	0.016867881032764015	0.015811673507482693	0.02276047771982326	-0.009871771712580336	0.06924927645832521	-0.016630924605861828	-0.012047036351682838
-0.006909515030530468	-0.0023640804605754586	0.015064437994898787	0.007050965200619985	0.012449865054626167	0.01039947352713678	0.03465998059897972	-0.012797163808057782	-0.013143774887580461
0.0	0.0	0.0	0.0	0.0	0.0	0.0	0.0	0.0
-0.000948079635822685	-0.003629664202074071	-0.0011255133887745994	0.005644952518483413	0.003562270290270584	0.00419846639905722	0.0010231113962405366	0.004295613176366154	-0.003562979545847718
0.0	0.0	0.0	0.0	0.0	0.0	0.0	0.0	0.0
-0.001031718393806723	0.0012455029240634092	-0.008564159952412227	0.003936568320764961	-0.011278820488202062	-0.010596027327881858	0.007708461759646501	-0.010334557192756052	0.0019270104208614926
-0.020483442938540954	-0.012070172071026708	-0.0284267314090684	0.08816589627649925	-0.030503489042000138	-0.048835043380231605	0.023485252481885786	-0.05983856129204912	-0.07635803218739937
-0.03162923283086711	0.00973181569144313	-0.004017851647476039	0.11747649652312062	-0.027793909672793746	-0.03749160042083256	0.03693171012817017	-0.0782606040387203	-0.0949580176890835
-0.035517971746264206	0.04030148792572113	0.034253896772689085	0.10874943686066557	0.03818087890175483	0.005552603855203388	0.060032269440669056	0.020436147182143864	-0.033164596127687185
-0.05111558663534708	0.0636051069332782	0.038291515726375666	0.12820303652611206	0.053838630258246534	-0.02623699079321372	0.0830549684471603	0.0712986321282735	-0.007099032450371558
-0.05525748698413946	0.09283797500603794	0.05013971440809653	0.09657052845426972	0.056452241484390556	-0.03236059688249524	0.026446744460760428	0.060714736019254326	0.024269350259371634
-0.0541203841573717	0.09667547049877757	0.018330181039430033	0.08137746666966604	0.09451247949778516	-0.0339526216907393	0.005828246554978448	0.03259853897183611	0.013873866512676886
-0.04859090829579745	0.10910613452643211	0.01218710150401392	0.07372067681311911	0.06232412314018178	-0.03405764705972909	-0.08085094384135413	-0.011581989630302086	-0.019045442447598017
-0.03393537782646459	0.07317652267063025	0.009767707112515636	0.048579274475220376	0.05162266482226519	-0.016465405441018176	-0.0805440014600526	-0.06071423509695254	-0.0649248725207575
-0.01511449261825056	0.02726323069982313	-0.023439917156517574	0.01994433578218114	0.03658081802162459	-0.012505999835126114	-0.05491929862914029	-0.030329783389182477	-0.06332516713247578
-0.004341916523843826	0.016864209163029126	-0.021040293153369936	0.02199186760255368	-0.001136332289116108	-0.02079931583286048	-0.007657451791577517	0.04567718405771327	0.03152920538549052
-0.004341916523843826	0.016864209163029126	-0.021040293153369936	0.02199186760255368	-0.001136332289116108	-0.02079931583286048	-0.007657451791577517	0.04567718405771327	0.03152920538549052
0.0	0.0	0.0	0.0	0.0	0.0	0.0	0.0	0.0
0.0	0.0	0.0	0.0	0.0	0.0	0.0	0.0	0.0
0.0	0.0	0.0	0.0	0.0	0.0	0.0	0.0	0.0
0.0	0.0	0.0	0.0	0.0	0.0	0.0	0.0	0.0
0.0	0.0	0.0	0.0	0.0	0.0	0.0	0.0	0.0
0.0	0.0	0.0	0.0	0.0	0.0	0.0	0.0	0.0
-0.0032334590828610736	-0.002652878956254467	-0.013230529586797355	-0.008199920832903376	-0.012426623430294952	0.015272739384281028	-0.01897452089089188	-0.010190499260576795	0.007924135753979171
-0.010970076208335284	-0.00746200902619864	-0.029426584518694947	-0.022416046047865037	-0.05055754863397851	0.031344818987886464	-0.0446786346991996	0.04035392935337438	-0.012806563177740116
-0.02093217571239338	0.03024398492408559	-0.05783238775618351	0.024106640104745183	-0.09233450983997134	-0.037959476022475444	0.03271890052418876	0.08827851741839635	-0.0009097696334318464
-0.019429444687320673	0.02941849607820958	-0.029064534528055512	0.051221318247378994	-0.04876757789309372	-0.030337181872278032	-0.023293798949465535	0.0024700421813677632	-0.032620978017902126
-0.006018878366963156	-0.000979384366457436	0.00503601647444063	0.020856000141301855	-0.010347417611717567	-0.008031801445401755	-0.053471569694219345	-0.0349934914376086	-0.06350491931637696
0.0	0.0	0.0	0.0	0.0	0.0	0.0	0.0	0.0
-0.0008729719327475694	-0.0037698618201164823	-0.0027520603553238205	0.013020586083018827	0.0059845907508529516	0.026160474330904425	0.001191191632327879	-0.0069269292535426566	0.0069966500374022194
0.0	0.0	0.0	0.0	0.0	0.0	0.0	0.0	0.0
0.0	0.0	0.0	0.0	0.0	0.0	0.0	0.0	0.0
0.0	0.0	0.0	0.0	0.0	0.0	0.0	0.0	0.0
0.0	0.0	0.0	0.0	0.0	0.0	0.0	0.0	0.0
-0.005505676899560948	0.0003946085344674026	0.004984600606757427	0.020212528952251924	-0.009548368858574746	-0.007768925952941073	-0.04886687473692268	-0.033499728541178095	-0.06076233930910581
-0.007701268144101922	-0.006392029802545423	0.003576742162080671	0.03309684800565382	-0.002467066281752675	-0.008303411811624731	-0.038107213352642826	-0.026728843783932577	-0.06792722325265028
-0.015258039746121131	0.0022111171137658516	0.016504367904628947	0.06623500165155902	-0.0013235278292770358	0.0009520513006332373	-0.019013459733888443	-0.030646445013271364	-0.09496665829810527
-0.009261496405952807	0.003365156867812744	0.01185196278461243	0.043130938554733336	0.006618884598201864	0.008851359972971972	0.027430282492771886	0.0013128086432021185	-0.03260480708502414
-0.01333058054082689	0.03338116268740369	0.010645061944188662	0.04570077146838082	0.00010752381955969368	-0.0027366991350583417	-0.027033899367318846	-0.009116399789791082	-0.028174142709219446
-0.020435981664041793	0.050476344688512136	-0.007915366861240463	0.07783139664881526	-0.005780409744496334	-0.027437574853771535	-0.05914428837421936	0.01984819429163461	-0.026984017289834676
-0.0271601642546146	0.06310703074297895	-0.004774050466285293	0.07167356894450656	0.007378231780719418	-0.03437308121556415	-0.09421547224118698	0.014166952300231947	-0.0031038192790348875
-0.011199654502317564	0.021534726450758438	-0.017635058981733315	0.04633102072459717	-0.007816640373941442	-0.030739549407266704	-0.05900080722812135	0.01691129117609094	-0.023887743170965047
-0.004341916523843826	0.016864209163029126	-0.021040293153369936	0.02199186760255368	-0.001136332289116108	-0.02079931583286048	-0.007657451791577517	0.04567718405771327	0.03152920538549052
-0.004341916523843826	0.016864209163029126	-0.021040293153369936	0.02199186760255368	-0.001136332289116108	-0.02079931583286048	-0.007657451791577517	0.04567718405771327	0.03152920538549052
-0.004341916523843826	0.016864209163029126	-0.021040293153369936	0.02199186760255368	-0.001136332289116108	-0.02079931583286048	-0.007657451791577517	0.04567718405771327	0.03152920538549052
0.0	0.0	0.0	0.0	0.0	0.0	0.0	0.0	0.0
0.0	0.0	0.0	0.0	0.0	0.0	0.0	0.0	0.0
0.0	0.0	0.0	0.0	0.0	0.0	0.0	0.0	0.0
0.0	0.0	0.0	0.0	0.0	0.0	0.0	0.0	0.0
0.0	0.0	0.0	0.0	0.0	0.0	0.0	0.0	0.0
0.0	0.0	0.0	0.0	0.0	0.0	0.0	0.0	0.0
-0.004691625128916963	-0.003583785305477238	-0.016529330887589684	-0.01096538114690688	-0.019479629668278202	0.01862797324868096	-0.02413281993777299	-0.0018574469873524706	0.004649046584584669
-0.010970076208335284	-0.00746200902619864	-0.029426584518694947	-0.022416046047865037	-0.05055754863397851	0.031344818987886464	-0.0446786346991996	0.04035392935337438	-0.012806563177740116
-0.009108940508241018	0.0008944942152686225	-0.05464204821330931	0.0031119540020520162	-0.06426204339143167	-0.018852093623967742	0.001598180009005769	-0.057039602468971766	0.019917435308332242
-0.007977457094110992	0.013089420696110604	-0.022989430535831114	0.011125773674877057	-0.047804510077471295	-0.02419021069999603	0.04597608737144822	-0.013473293015079449	-0.005302666717393052
0.0	0.0	0.0	0.0	0.0	0.0	0.0	0.0	0.0
0.0	0.0	0.0	0.0	0.0	0.0	0.0	0.0	0.0
0.0	0.0	0.0	0.0	0.0	0.0	0.0	0.0	0.0
0.0	0.0	0.0	0.0	0.0	0.0	0.0	0.0	0.0
0.0	0.0	0.0	0.0	0.0	0.0	0.0	0.0	0.0
0.0	0.0	0.0	0.0	0.0	0.0	0.0	0.0	0.0
0.0	0.0	0.0	0.0	0.0	0.0	0.0	0.0	0.0
0.0	0.0	0.0	0.0	0.0	0.0	0.0	0.0	0.0
-0.005505676899560948	0.0003946085344674026	0.004984600606757427	0.020212528952251924	-0.009548368858574746	-0.007768925952941073	-0.04886687473692268	-0.033499728541178095	-0.06076233930910581
-0.005505676899560948	0.0003946085344674026	0.004984600606757427	0.020212528952251924	-0.009548368858574746	-0.007768925952941073	-0.04886687473692268	-0.033499728541178095	-0.06076233930910581
-0.005505676899560948	0.0003946085344674026	0.004984600606757427	0.020212528952251924	-0.009548368858574746	-0.007768925952941073	-0.04886687473692268	-0.033499728541178095	-0.06076233930910581
-0.005505676899560948	0.0003946085344674026	0.004984600606757427	0.020212528952251924	-0.009548368858574746	-0.007768925952941073	-0.04886687473692268	-0.033499728541178095	-0.06076233930910581
-0.005505676899560948	0.0003946085344674026	0.004984600606757427	0.020212528952251924	-0.009548368858574746	-0.007768925952941073	-0.04886687473692268	-0.033499728541178095	-0.06076233930910581
-0.005505676899560948	0.0003946085344674026	0.004984600606757427	0.020212528952251924	-0.009548368858574746	-0.007768925952941073	-0.04886687473692268	-0.033499728541178095	-0.06076233930910581
-0.004341916523843826	0.016864209163029126	-0.021040293153369936	0.02199186760255368	-0.001136332289116108	-0.02079931583286048	-0.007657451791577517	0.04567718405771327	0.03152920538549052
-0.004341916523843826	0.016864209163029126	-0.021040293153369936	0.02199186760255368	-0.001136332289116108	-0.02079931583286048	-0.007657451791577517	0.04567718405771327	0.03152920538549052
-0.004341916523843826	0.016864209163029126	-0.021040293153369936	0.02199186760255368	-0.001136332289116108	-0.02079931583286048	-0.007657451791577517	0.04567718405771327	0.03152920538549052
0.0	0.0	0.0	0.0	0.0	0.0	0.0	0.0	0.0
0.0	0.0	0.0	0.0	0.0	0.0	0.0	0.0	0.0
0.0	0.0	0.0	0.0	0.0	0.0	0.0	0.0	0.0
0.0	0.0	0.0	0.0	0.0	0.0	0.0	0.0	0.0
0.0	0.0	0.0	0.0	0.0	0.0	0.0	0.0	0.0
0.0	0.0	0.0	0.0	0.0	0.0	0.0	0.0	0.0
0.0	0.0	0.0	0.0	0.0	0.0	0.0	0.0	0.0
0.0	0.0	0.0	0.0	0.0	0.0	0.0	0.0	0.0
-0.005988009275321146	-0.0033744915452136215	-0.009041176115034539	-0.009781726766857212	-0.03141078719535508	0.007812803300326805	-0.01544296766961936	0.05605530305132195	-0.02501595680262639
-0.004126873575226892	0.004982011696253637	-0.03425663980964891	0.015746273283059845	-0.04511528195280825	-0.04238410931152743	0.030833847038586003	-0.04133822877102421	0.0077080416834459705
-0.004126873575226892	0.004982011696253637	-0.03425663980964891	0.015746273283059845	-0.04511528195280825	-0.04238410931152743	0.030833847038586003	-0.04133822877102421	0.0077080416834459705
0.0	0.0	0.0	0.0	0.0	0.0	0.0	0.0	0.0
0.0	0.0	0.0	0.0	0.0	0.0	0.0	0.0	0.0
0.0	0.0	0.0	0.0	0.0	0.0	0.0	0.0	0.0
0.0	0.0	0.0	0.0	0.0	0.0	0.0	0.0	0.0
0.0	0.0	0.0	0.0	0.0	0.0	0.0	0.0	0.0
0.0	0.0	0.0	0.0	0.0	0.0	0.0	0.0	0.0
0.0	0.0	0.0	0.0	0.0	0.0	0.0	0.0	0.0
0.0	0.0	0.0	0.0	0.0	0.0	0.0	0.0	0.0
0.0	0.0	0.0	0.0	0.0	0.0	0.0	0.0	0.0
0.0	0.0	0.0	0.0	0.0	0.0	0.0	0.0	0.0
-0.002752838449780474	0.0001973042672337013	0.0024923003033787135	0.010106264476125962	-0.004774184429287373	-0.0038844629764705364	-0.02443343736846134	-0.016749864270589047	-0.030381169654552904
0.0	0.0	0.0	0.0	0.0	0.0	0.0	0.0	0.0
0.0	0.0	0.0	0.0	0.0	0.0	0.0	0.0	0.0
0.0	0.0	0.0	0.0	0.0	0.0	0.0	0.0	0.0
0.0	0.0	0.0	0.0	0.0	0.0	0.0	0.0	0.0
0.0	0.0	0.0	0.0	0.0	0.0	0.0	0.0	0.0
0.0	0.0	0.0	0.0	0.0	0.0	0.0	0.0	0.0
0.0	0.0	0.0	0.0	0.0	0.0	0.0	0.0	0.0
0.0	0.0	0.0	0.0	0.0	0.0	0.0	0.0	0.0
0.0	0.0	0.0	0.0	0.0	0.0	0.0	0.0	0.0
0.0	0.0	0.0	0.0	0.0	0.0	0.0	0.0	0.0
0.0	0.0	0.0	0.0	0.0	0.0	0.0	0.0	0.0
0.0	0.0	0.0	0.0	0.0	0.0	0.0	0.0	0.0
0.0	0.0	0.0	0.0	0.0	0.0	0.0	0.0	0.0
0.0	0.0	0.0	0.0	0.0	0.0	0.0	0.0	0.0
0.0	0.0	0.0	0.0	0.0	0.0	0.0	0.0	0.0
-0.004126873575226892	0.004982011696253637	-0.03425663980964891	0.015746273283059845	-0.04511528195280825	-0.04238410931152743	0.030833847038586003	-0.04133822877102421	0.0077080416834459705
-0.004126873575226892	0.004982011696253637	-0.03425663980964891	0.015746273283059845	-0.04511528195280825	-0.04238410931152743	0.030833847038586003	-0.04133822877102421	0.0077080416834459705
0.0	0.0	0.0	0.0	0.0	0.0	0.0	0.0	0.0
0.0	0.0	0.0	0.0	0.0	0.0	0.0	0.0	0.0
0.0	0.0	0.0	0.0	0.0	0.0	0.0	0.0	0.0
0.0	0.0	0.0	0.0	0.0	0.0	0.0	0.0	0.0
0.0	0.0	0.0	0.0	0.0	0.0	0.0	0.0	0.0
0.0	0.0	0.0	0.0	0.0	0.0	0.0	0.0	0.0
0.0	0.0	0.0	0.0	0.0	0.0	0.0	0.0	0.0
0.0	0.0	0.0	0.0	0.0	0.0	0.0	0.0	0.0
0.0	0.0	0.0	0.0	0.0	0.0	0.0	0.0	0.0
0.0	0.0	0.0	0.0	0.0	0.0	0.0	0.0	0.0
0.0	0.0	0.0	0.0	0.0	0.0	0.0	0.0	0.0
0.0	0.0	0.0	0.0	0.0	0.0	0.0	0.0	0.0
0.0	0.0	0.0	0.0	0.0	0.0	0.0	0.0	0.0
0.0	0.0	0.0	0.0	0.0	0.0	0.0	0.0	0.0
0.0	0.0	0.0	0.0	0.0	0.0	0.0	0.0	0.0
0.0	0.0	0.0	0.0	0.0	0.0	0.0	0.0	0.0
0.0	0.0	0.0	0.0	0.0	0.0	0.0	0.0	0.0
0.0	0.0	0.0	0.0	0.0	0.0	0.0	0.0	0.0
0.0	0.0	0.0	0.0	0.0	0.0	0.0	0.0	0.0
0.0	0.0	0.0	0.0	0.0	0.0	0.0	0.0	0.0
0.0	0.0	0.0	0.0	0.0	0.0	0.0	0.0	0.0
0.0	0.0	0.0	0.0	0.0	0.0	0.0	0.0	0.0
0.0	0.0	0.0	0.0	0.0	0.0	0.0	0.0	0.0
0.0	0.0	0.0	0.0	0.0	0.0	0.0	0.0	0.0
0.0	0.0	0.0	0.0	0.0	0.0	0.0	0.0	0.0
0.0	0.0	0.0	0.0	0.0	0.0	0.0	0.0	0.0
-0.004126873575226892	0.004982011696253637	-0.03425663980964891	0.015746273283059845	-0.04511528195280825	-0.04238410931152743	0.030833847038586003	-0.04133822877102421	0.0077080416834459705
-0.004126873575226892	0.004982011696253637	-0.03425663980964891	0.015746273283059845	-0.04511528195280825	-0.04238410931152743	0.030833847038586003	-0.04133822877102421	0.0077080416834459705
0.0	0.0	0.0	0.0	0.0	0.0	0.0	0.0	0.0
0.0	0.0	0.0	0.0	0.0	0.0	0.0	0.0	0.0
0.0	0.0	0.0	0.0	0.0	0.0	0.0	0.0	0.0
0.0	0.0	0.0	0.0	0.0	0.0	0.0	0.0	0.0
0.0	0.0	0.0	0.0	0.0	0.0	0.0	0.0	0.0
0.0	0.0	0.0	0.0	0.0	0.0	0.0	0.0	0.0
0.0	0.0	0.0	0.0	0.0	0.0	0.0	0.0	0.0
0.0	0.0	0.0	0.0	0.0	0.0	0.0	0.0	0.0
0.0	0.0	0.0	0.0	0.0	0.0	0.0	0.0	0.0
0.0	0.0	0.0	0.0	0.0	0.0	0.0	0.0	0.0
0.0	0.0	0.0	0.0	0.0	0.0	0.0	0.0	0.0
0.0	0.0	0.0	0.0	0.0	0.0	0.0	0.0	0.0
0.0	0.0	0.0	0.0	0.0	0.0	0.0	0.0	0.0
0.0	0.0	0.0	0.0	0.0	0.0	0.0	0.0	0.0
0.0	0.0	0.0	0.0	0.0	0.0	0.0	0.0	0.0
0.0	0.0	0.0	0.0	0.0	0.0	0.0	0.0	0.0
0.0	0.0	0.0	0.0	0.0	0.0	0.0	0.0	0.0
0.0	0.0	0.0	0.0	0.0	0.0	0.0	0.0	0.0
0.0	0.0	0.0	0.0	0.0	0.0	0.0	0.0	0.0
0.0	0.0	0.0	0.0	0.0	0.0	0.0	0.0	0.0
0.0	0.0	0.0	0.0	0.0	0.0	0.0	0.0	0.0
0.0	0.0	0.0	0.0	0.0	0.0	0.0	0.0	0.0
0.0	0.0	0.0	0.0	0.0	0.0	0.0	0.0	0.0
0.0	0.0	0.0	0.0	0.0	0.0	0.0	0.0	0.0
0.0	0.0	0.0	0.0	0.0	0.0	0.0	0.0	0.0
0.0	0.0	0.0	0.0	0.0	0.0	0.0	0.0	0.0
0.0	0.0	0.0	0.0	0.0	0.0	0.0	0.0	0.0
0.0	0.0	0.0	0.0	0.0	0.0	0.0	0.0	0.0
0.0	0.0	0.0	0.0	0.0	0.0	0.0	0.0	0.0
0.0	0.0	0.0	0.0	0.0	0.0	0.0	0.0	0.0
0.0	0.0	0.0	0.0	0.0	0.0	0.0	0.0	0.0
0.0	0.0	0.0	0.0	0.0	0.0	0.0	0.0	0.0
0.0	0.0	0.0	0.0	0.0	0.0	0.0	0.0	0.0
0.0	0.0	0.0	0.0	0.0	0.0	0.0	0.0	0.0
0.0	0.0	0.0	0.0	0.0	0.0	0.0	0.0	0.0
0.0	0.0	0.0	0.0	0.0	0.0	0.0	0.0	0.0
0.0	0.0	0.0	0.0	0.0	0.0	0.0	0.0	0.0
0.0	0.0	0.0	0.0	0.0	0.0	0.0	0.0	0.0
0.0	0.0	0.0	0.0	0.0	0.0	0.0	0.0	0.0
0.0	0.0	0.0	0.0	0.0	0.0	0.0	0.0	0.0
0.0	0.0	0.0	0.0	0.0	0.0	0.0	0.0	0.0
0.0	0.0	0.0	0.0	0.0	0.0	0.0	0.0	0.0
0.0	0.0	0.0	0.0	0.0	0.0	0.0	0.0	0.0
0.0	0.0	0.0	0.0	0.0	0.0	0.0	0.0	0.0
0.0	0.0	0.0	0.0	0.0	0.0	0.0	0.0	0.0
0.0	0.0	0.0	0.0	0.0	0.0	0.0	0.0	0.0
0.0	0.0	0.0	0.0	0.0	0.0	0.0	0.0	0.0
0.0	0.0	0.0	0.0	0.0	0.0	0.0	0.0	0.0
0.0	0.0	0.0	0.0	0.0	0.0	0.0	0.0	0.0
0.0	0.0	0.0	0.0	0.0	0.0	0.0	0.0	0.0
0.0	0.0	0.0	0.0	0.0	0.0	0.0	0.0	0.0
0.0	0.0	0.0	0.0	0.0	0.0	0.0	0.0	0.0
0.0	0.0	0.0	0.0	0.0	0.0	0.0	0.0	0.0
0.0	0.0	0.0	0.0	0.0	0.0	0.0	0.0	0.0
0.0	0.0	0.0	0.0	0.0	0.0	0.0	0.0	0.0
0.0	0.0	0.0	0.0	0.0	0.0	0.0	0.0	0.0
0.0	0.0	0.0	0.0	0.0	0.0	0.0	0.0	0.0
0.0	0.0	0.0	0.0	0.0	0.0	0.0	0.0	0.0
0.0	0.0	0.0	0.0	0.0	0.0	0.0	0.0	0.0
0.0	0.0	0.0	0.0	0.0	0.0	0.0	0.0	0.0
0.0	0.0	0.0	0.0	0.0	0.0	0.0	0.0	0.0
0.0	0.0	0.0	0.0	0.0	0.0	0.0	0.0	0.0
0.0	0.0	0.0	0.0	0.0	0.0	0.0	0.0	0.0
0.0	0.0	0.0	0.0	0.0	0.0	0.0	0.0	0.0
0.0	0.0	0.0	0.0	0.0	0.0	0.0	0.0	0.0
0.0	0.0	0.0	0.0	0.0	0.0	0.0	0.0	0.0
0.0	0.0	0.0	0.0	0.0	0.0	0.0	0.0	0.0
0.0	0.0	0.0	0.0	0.0	0.0	0.0	0.0	0.0
0.0	0.0	0.0	0.0	0.0	0.0	0.0	0.0	0.0
0.0	0.0	0.0	0.0	0.0	0.0	0.0	0.0	0.0
0.0	0.0	0.0	0.0	0.0	0.0	0.0	0.0	0.0
0.0	0.0	0.0	0.0	0.0	0.0	0.0	0.0	0.0
0.0	0.0	0.0	0.0	0.0	0.0	0.0	0.0	0.0
0.0	0.0	0.0	0.0	0.0	0.0	0.0	0.0	0.0
0.0	0.0	0.0	0.0	0.0	0.0	0.0	0.0	0.0
0.0	0.0	0.0	0.0	0.0	0.0	0.0	0.0	0.0
0.0	0.0	0.0	0.0	0.0	0.0	0.0	0.0	0.0
0.0	0.0	0.0	0.0	0.0	0.0	0.0	0.0	0.0
0.0	0.0	0.0	0.0	0.0	0.0	0.0	0.0	0.0
0.0	0.0	0.0	0.0	0.0	0.0	0.0	0.0	0.0
0.0	0.0	0.0	0.0	0.0	0.0	0.0	0.0	0.0
0.0	0.0	0.0	0.0	0.0	0.0	0.0	0.0	0.0
0.0	0.0	0.0	0.0	0.0	0.0	0.0	0.0	0.0
0.0	0.0	0.0	0.0	0.0	0.0	0.0	0.0	0.0
0.0	0.0	0.0	0.0	0.0	0.0	0.0	0.0	0.0
0.0	0.0	0.0	0.0	0.0	0.0	0.0	0.0	0.0
0.0	0.0	0.0	0.0	0.0	0.0	0.0	0.0	0.0
0.0	0.0	0.0	0.0	0.0	0.0	0.0	0.0	0.0
0.0	0.0	0.0	0.0	0.0	0.0	0.0	0.0	0.0
0.0	0.0	0.0	0.0	0.0	0.0	0.0	0.0	0.0
0.0	0.0	0.0	0.0	0.0	0.0	0.0	0.0	0.0
0.0	0.0	0.0	0.0	0.0	0.0	0.0	0.0	0.0
0.0	0.0	0.0	0.0	0.0	0.0	0.0	0.0	0.0
0.0	0.0	0.0	0.0	0.0	0.0	0.0	0.0	0.0
0.0	0.0	0.0	0.0	0.0	0.0	0.0	0.0	0.0
0.0	0.0	0.0	0.0	0.0	0.0	0.0	0.0	0.0
0.0	0.0	0.0	0.0	0.0	0.0	0.0	0.0	0.0
0.0	0.0	0.0	0.0	0.0	0.0	0.0	0.0	0.0
0.0	0.0	0.0	0.0	0.0	0.0	0.0	0.0	0.0
0.0	0.0	0.0	0.0	0.0	0.0	0.0	0.0	0.0
0.0	0.0	0.0	0.0	0.0	0.0	0.0	0.0	0.0
0.0	0.0	0.0	0.0	0.0	0.0	0.0	0.0	0.0
0.0	0.0	0.0	0.0	0.0	0.0	0.0	0.0	0.0
0.0	0.0	0.0	0.0	0.0	0.0	0.0	0.0	0.0
0.0	0.0	0.0	0.0	0.0	0.0	0.0	0.0	0.0
0.0	0.0	0.0	0.0	0.0	0.0	0.0	0.0	0.0
