-6.048290711370581e-17
5.6820831247467355e-18
-2.8443701951395964e-17
-5.922060408064624e-17
-3.23553789612925e-17
-2.385758557435905e-18
-1.3638885687652815e-17
-1.194184541608492e-17
2.1870856500221855e-17
7.857285334853357e-18
6.888288905470665e-18
-4.839690033216111e-18
1.3031530614123318e-17
-5.382732918180668e-18
7.237341694196372e-19
-1.5670418206235284e-17
8.459667064454258e-19
-1.138232826345356e-18
2.977625775100101e-18
7.015218368183109e-18
6.307656379226738e-18
5.2011404641610594e-18
4.751709070131482e-18
4.371088780829886e-18
4.865991151489376e-18
1.1041816126062534e-17
-1.282745674272261e-18
2.167681793123923e-18
4.098040433416059e-18
1.1287364765447718e-18
-3.791565789906688e-18
-9.480049436283735e-19
-7.520933107759063e-19
6.230544427402101e-19
5.869347703066272e-19
1.8946558636792804e-18
1.0543993906147355e-18
-2.666168792356154e-18
6.987315717169823e-20
-1.8156904368926367e-18
1.1870813033976961e-19
-9.48122506724403e-19
-4.023804598305381e-20
-1.225621400476678e-18
8.3678479556391985e-19
-4.612622677752438e-19
1.106231903878595e-18
-3.028839161675815e-19
-6.56744635986811e-19
-1.350058888984946e-19
-5.794808470486139e-19
1.7638312604879057e-20
6.528573754594091e-19
2.0720815733997479e-19
3.2201403599083914e-19
-4.343514602588126e-19
-2.943865571378513e-19
2.254216330626193e-19
0.0
0.0
0.0
0.0
0.0
0.0
0.0
0.0
0.0
0.0
0.0
0.0
0.0
0.0
0.0
0.0
0.0
0.0
0.0
0.0
0.0
0.0
0.0
0.0
0.0
0.0
0.0
0.0
0.0
0.0
0.0
0.0
0.0
0.0
0.0
0.0
0.0
0.0
0.0
0.0
0.0
0.0
0.0
0.0
0.0
0.0
0.0
0.0
0.0
0.0
0.0
0.0
0.0
0.0
0.0
0.0
0.0
0.0
0.0
0.0
0.0
0.0
0.0
0.0
0.0
0.0
0.0
0.0
0.0
0.0
0.0
0.0
0.0
0.0
0.0
0.0
0.0
0.0
0.0
0.0
0.0
0.0
0.0
0.0
0.0
0.0
0.0
0.0
0.0
0.0
0.0
0.0
0.0
0.0
0.0
0.0
0.0
0.0
0.0
0.0
0.0
0.0
0.0
0.0
0.0
0.0
0.0
0.0
0.0
0.0
0.0
0.0
0.0
0.0
0.0
0.0
0.0
0.0
0.0
0.0
0.0
0.0
0.0
0.0
0.0
0.0
0.0
0.0
0.0
0.0
-0.004213481239882435
-0.004213481239882435
0.0
0.0
0.0
0.0
0.0
0.0
0.0
0.0
0.0
0.0
0.0
0.0
0.0
-0.008033376034681133
-0.010598082659300435
-0.008585334736755872
-0.008585334736755872
0.0
0.0
0.0
0.0
0.0
0.0
0.0
0.0
-0.011429904250400974
-0.02169295444119007
-0.01624010596490639
0.0
0.0
0.0
0.0
0.0
0.0
0.0
0.0
0.0
0.0
0.0
0.0
-0.021157681231615048
-0.030315517157673888
-0.04414345893357727
-0.02773727758181583
-0.012881071925168339
0.0
0.0
0.0
0.0
-0.0009021437966069235
-0.004740953508151867
0.0
-0.004302097080510919
-0.01988403530758638
-0.041921377372714445
-0.04149429299348511
-0.016754336194633342
-0.0053030090461309975
-0.0011355098168564619
0.0
0.0
0.0
0.0
0.0
0.0
0.0
-0.0037189324805903747
-0.027364163981430222
-0.03930735112114515
-0.07592007604130718
-0.08515949955399028
-0.08408094161023456
-0.022802915677245884
-0.003317688410777101
-0.005304951826246814
-0.005304951826246814
-0.007826447237172752
-0.0070757306220895514
-0.004792638825740933
-0.016436824476735556
-0.03300826426182457
-0.03906993575749786
-0.05648887035658099
-0.06507322573683615
-0.040307105595896606
-0.011917164253222706
-0.006063979005556796
0.0
0.0
0.0
0.0
0.0
0.0
0.0
-0.0052887009038672
-0.043609636322218225
-0.08877778414169898
-0.09744076889034306
-0.09559892322682081
-0.073279817593058
-0.03245909633173621
-0.013547244269874529
-0.005304951826246814
-0.01574624466716593
-0.015981621373550775
-0.022302145104885075
-0.004496309295850022
-0.019061493136055437
-0.042038339799850936
-0.04828689940956542
-0.06523154658577018
-0.09335249741968163
-0.051979163467271376
-0.013776233698908232
-0.006063979005556796
0.0
0.0
0.0
0.0
0.0
0.0
0.0
-0.015381006674497771
-0.04968848621649003
-0.1223651985962133
-0.12134844318825455
-0.06609565834483395
-0.03885273551793079
-0.018933885607946947
-0.00891852422193932
-0.02555356248573492
-0.03726287262594357
-0.03693350152506967
-0.03488229355374564
-0.007174119673984478
-0.0029192357146514882
-0.0203680357340031
-0.04017452540394201
-0.09065435364745286
-0.10052570083810704
-0.0658133749074498
-0.015273869930875142
-0.0029844288859618047
0.0
0.0
0.0
0.0
0.0
0.0
0.0
-0.016801444964473708
-0.09143670149422291
-0.13503150742326744
-0.07907044383658166
-0.038808611782005224
-0.026886679507841866
-0.01559265278309493
-0.02830030168562793
-0.06906482728626982
-0.1106370654053972
-0.060516538811219316
-0.038931206612447415
-0.010932334686849215
-0.003317688410777101
-0.011120954850523938
-0.03443003503489348
-0.07482234825123822
-0.11380323535507968
-0.079571236160144
-0.017874814341146864
0.0
0.0
0.0
0.0
0.0
0.0
0.0
0.0
-0.02154492691771038
-0.09917289861983494
-0.13048673044851924
-0.08773472896221633
-0.05833237569452607
-0.04038549840236933
-0.037699206980967834
-0.07090427162227189
-0.13115729557809316
-0.13818433152084061
-0.07542786852726316
-0.03961330384005312
-0.015446336143721538
-0.006953839640373919
-0.021492177591755333
-0.035840165975093694
-0.0668289035321133
-0.12720884138769958
-0.08146966590778142
-0.015272131751397893
0.0
0.0
0.0
0.0
0.0
0.0
0.0
0.0
-0.01584246093857642
-0.07152433458922548
-0.11268280623351525
-0.10261229034556095
-0.09157019131654673
-0.0805183712030326
-0.09807686508361643
-0.11834661244038694
-0.14340321134586248
-0.13412743253714907
-0.07238893509617289
-0.045025341755641456
-0.016893475994513123
-0.011085943950541721
-0.014347169073411773
-0.05010813285471132
-0.09287231488327753
-0.12668078235673097
-0.06465451102298893
-0.00421137750492673
0.0
0.0
0.0
0.0
0.0
0.0
0.0
-0.006063979005556796
-0.020015586627080077
-0.05555733626643184
-0.05711520739643092
-0.08069947227149848
-0.09868840666811653
-0.11251900128761647
-0.1254571798081635
-0.12393294093500712
-0.13858797687681826
-0.12582490310864142
-0.08183180872446211
-0.054208317230305655
-0.0249235188743467
-0.014544738108914079
-0.04254023131656524
-0.048702730337951985
-0.11320252693070339
-0.12514991282684948
-0.027573896870207427
0.0
0.0
0.0
0.0
0.0
0.0
0.0
0.0
-0.006063979005556796
-0.01754214824092676
-0.043479814824077805
-0.051354310287847725
-0.054604905525383184
-0.08905467110220033
-0.08964155017726638
-0.09570068662668414
-0.10017942213541363
-0.10789202935493054
-0.08924752412412819
-0.08153568706922926
-0.08073460993719435
-0.04959071777871895
-0.04551529859094527
-0.0542189706638056
-0.09618811007871902
-0.11879811508926397
-0.09020961407613015
-0.014915591410256689
0.0
0.0
0.0
0.0
0.0
0.0
0.0
0.0
-0.006052088851352646
-0.012030912286304008
-0.033045131423108616
-0.038800136981974785
-0.05815376616192284
-0.04261535224922019
-0.0437417066574045
-0.04486221126066183
-0.06453107204550076
-0.08215971291430328
-0.10168503401104367
-0.09727203031781623
-0.10337072750903535
-0.10721439068861878
-0.10714204456723755
-0.10409163793448407
-0.10648696086977844
-0.10744594137799084
-0.03971589860520653
-0.0014035343745396089
0.0
0.0
0.0
0.0
0.0
0.0
0.0
0.0
0.0
-0.002971766771893037
-0.017762241194039394
-0.02243414433051826
-0.025447560626584605
-0.02999591063192689
-0.020320756154187658
-0.01765698013900371
-0.01382820212739048
-0.05438670843752552
-0.06949903074207962
-0.09140689695663741
-0.1252051187764449
-0.1329165150596749
-0.11109331985952363
-0.0993942745501823
-0.0822120377845656
-0.0376321191141219
-0.012255612961154084
0.0
0.0
0.0
0.0
0.0
0.0
0.0
0.0
0.0
0.0
0.0
-0.009991747227559085
-0.009991747227559085
-0.010639060720942981
-0.010639060720942981
-0.013070466950155882
-0.006644887469095339
-0.0054244168915785155
-0.008457458347976338
-0.026725685014824085
-0.051535164616255
-0.06266709424823633
-0.07875358882460556
-0.06434923497022435
-0.04616858021842784
-0.030957107254970365
-0.020741609016131313
0.0
0.0
0.0
0.0
0.0
0.0
0.0
0.0
0.0
0.0
0.0
0.0
-0.003151849202482929
-0.009991747227559085
-0.009991747227559085
-0.006847690749459063
-0.004213481239882435
-0.004213481239882435
-0.004213481239882435
0.0
-0.0029358202314779687
-0.01621422735869001
-0.01621422735869001
-0.02199249334636666
-0.03026192649916199
-0.024403863090051884
-0.011099879145240712
0.0
0.0
0.0
0.0
0.0
0.0
0.0
0.0
0.0
0.0
0.0
0.0
0.0
0.0
-0.0020902171650834175
-0.004213481239882435
-0.004213481239882435
-0.004213481239882435
0.0
0.0
0.0
0.0
0.0
0.0
0.0
0.0
0.0
0.0
0.0
0.0
0.0
0.0
0.0
0.0
0.0
0.0
0.0
0.0
0.0
0.0
0.0
0.0
0.0
0.0
0.0
0.0
0.0
0.0
0.0
0.0
0.0
0.0
0.0
0.0
0.0
0.0
0.0
0.0
0.0
0.0
0.0
0.0
0.0
0.0
0.0
0.0
0.0
0.0
0.0
0.0
0.0
0.0
0.0
0.0
0.0
0.0
0.0
0.0
0.0
0.0
0.0
0.0
0.0
0.0
0.0
0.0
0.0
0.0
0.0
0.0
0.0
0.0
0.0
0.0
0.0
0.0
0.0
0.0
0.0
0.0
0.0
0.0
0.0
0.0
0.0
0.0
0.0
0.0
0.0
0.0
0.0
0.0
0.0
0.0
0.0
0.0
0.0
0.0
0.0
0.0
0.0
0.0
0.0
0.0
0.0
0.0
0.0
0.0
0.0
0.0
0.0
0.0
0.0
0.0
0.0
0.0
0.0
0.0
0.0
0.0
0.0
0.0
0.0
0.0
0.0
0.0
0.0
0.0
0.0
0.0
0.0
0.0
0.0
0.0
0.0
0.0
0.0
0.0
0.0
0.0
0.0
0.0
0.0
0.0
0.0
0.0
0.0
0.0
0.0
0.0
0.0
0.0
0.0
0.0
0.0
0.0
0.0
0.0
0.0
0.0
0.0
0.0
0.0
0.0
0.0
0.0
0.0
0.0
0.0
0.0
0.0
0.0
0.0
0.0
0.0
0.0
0.0
0.0
0.0
0.0
0.0
0.0
0.0
0.0
