-0.180625027788908
-0.18432500494426918
-0.16521449633284913
-0.19509788934619662
-0.19347480792476782
-0.1820863789309903
-0.13556136918475079
-0.19463427111054182
-0.15231679875345866
-0.14090230335991344
-0.20759609796646802
-0.19197561335166083
-0.1825361680072037
-0.20320989137514442
-0.17067752105269307
-0.18590557408651864
-0.15953350694196633
-0.16502987520138732
-0.19509519525191485
-0.1931336205440635
-0.10674080597208772
-0.17804414329192644
-0.15419474876873174
-0.17123616692547172
-0.14635216827168
-0.1762684351512637
-0.1808507091020222
-0.19146868805429465
-0.15638754555983092
-0.15645246232810048
-0.11626035425802987
-0.049468691384887784
-0.040498388227752286
-0.0410493137013646
-0.03395116647168786
-0.05555779324671053
-0.02816572426481078
-0.01770272570989386
-0.05624019147411309
-0.03437157099755015
-0.02053598592131848
-0.06343057214090633
-0.031492706409619466
-0.048298302265583626
-0.04153145800055618
-0.03285428285905423
-0.08022891891231396
-0.07418221860692903
-0.022639939188152547
-0.06317235065861747
-0.04389417419491766
-0.04020082237680453
-0.02813696633188474
-0.10342073887333009
-0.042810892731740324
-0.04248467673774153
-0.07192249650775524
-0.05995575019680785
-0.03768109781640739
