1.7880707220032592e-16
-4.098671473365325e-17
-4.617049876627846e-17
3.7612712612885645e-17
-3.679677871278907e-17
-2.1300405120322436e-17
-2.4933493111371955e-17
1.0532042130772713e-17
1.0282830717843992e-19
-3.647635188805492e-19
-1.2753448236443034e-17
-2.4810542549803628e-17
7.570895898123756e-18
-9.219483246952346e-18
6.1014743123570064e-18
-3.784997563156797e-18
5.0089835397766e-20
1.7422156633018764e-18
2.3170910501904303e-18
-1.6353575061530742e-18
2.04211780959951e-18
-6.447062577562577e-18
3.2359556892329494e-18
4.616808995194281e-18
-3.107302653800748e-18
1.2987627582973411e-18
-1.5418534469499714e-18
-4.46971961873748e-19
5.025928599592723e-19
1.0185045781429041e-18
-1.7574250504057063e-18
5.569066459833237e-19
3.0969970311333163e-18
1.7732692902908493e-18
-1.715802408945983e-19
3.6183149560169466e-20
1.1427216349651992e-18
-1.0507004722796422e-18
1.6752778428347369e-18
7.767208535183104e-19
3.8020497588885564e-19
-7.8730558560416e-19
1.3859713158252132e-18
3.6286620998625636e-19
1.76083302374173e-19
1.8757387176936886e-19
3.5923315818474023e-19
-1.6659050677745071e-19
2.491821338514126e-19
1.54383604008646e-18
-8.543356865050767e-20
-2.0443333545766862e-19
-4.756557457624003e-19
-2.50111728105585e-19
-2.2756489265033433e-20
-1.1668050702837495e-19
-4.967858097730665e-19
-3.6112776668025563e-19
0.0
0.0
0.0
0.0
0.0
0.0
0.0
0.0
0.0
0.0
0.0
0.0
0.0
0.0
0.0
0.0
0.0
0.0
0.0
0.0
0.0
0.0
0.0
0.0
0.0
0.0
0.0
0.0
0.0
0.0
0.0
0.0
0.0
0.0
0.0
0.0
0.0
0.0
0.0
0.0
0.0
0.0
0.0
0.0
0.0
0.0
0.0
0.0
0.0
0.0
0.0
0.0
0.0
0.0
0.0
0.0
0.0
0.0
0.0
0.0
0.0
0.0
0.0
0.0
0.0
0.0
0.0
0.0
0.0
0.0
0.0
0.0
0.0
0.0
0.0
0.0
0.0
0.0
0.0
0.0
0.0
0.0
0.0
0.0
0.0
0.0
0.0
0.0
0.0
0.0
0.0
0.0
0.0
0.0
0.0
0.0
0.0
0.0
0.0
0.0
0.0
0.0
0.0
0.0
0.0
0.0
0.0
0.0
0.0
0.0
0.0
0.0
0.0
0.0
0.0
0.0
0.0
0.0
0.0
0.0
0.0
0.0
0.0
0.0
0.0
0.0
0.0
0.0
0.0
0.0
0.0
0.0
0.0
0.0
0.0
0.0
0.0
0.0
0.0
0.0
0.0
0.0
0.0
0.0
0.0
0.0
0.0
0.0
0.0
0.0
0.0
0.0
0.0
0.0
0.0
0.0
0.0
0.0
0.0
0.0
0.0
0.0
0.0
0.0
0.0
0.0
0.0
0.0
0.0
0.0
0.0
0.0
0.0
0.0
0.0
0.0
0.0
0.0
0.0
-0.0026722904487017957
0.0
0.0
0.0
0.0
0.0
0.0
0.0
0.0
0.0
0.0
0.0
0.0
0.0
0.0
0.0
0.0
0.0
0.0
0.0
0.0
0.0
0.0
-0.004017330943129676
-0.005189959305391275
-0.02418589556969726
-0.03429212682497866
-0.04419577540196621
-0.023617184873496885
-0.018222393338749716
-0.016991129473593932
-0.017001631717743052
-0.011608684679203493
-0.004459612739800247
0.0
0.0
0.0
0.0
0.0
0.0
0.0
0.0
0.0
0.0
0.0
0.0
0.0
0.0
0.0
0.0
-0.004017330943129676
-0.008007025688686841
-0.020302254256915335
-0.02577037082497664
-0.07868529365928201
-0.09716742698362096
-0.07624327363278542
-0.0650599892134903
-0.04475468673657631
-0.03010042897804432
-0.013688736019806311
-0.006070461902614228
0.0
0.0
0.0
-0.0013736100084594984
-0.006282879805583165
0.0
0.0
0.0
0.0
0.0
0.0
0.0
0.0
0.0
0.0
-0.004017330943129677
-0.012334081682526404
-0.02082450498635975
-0.03024733191599898
-0.05905715138753815
-0.11667324575793368
-0.11882688333125767
-0.10800136043481677
-0.05663298501712005
-0.0225383837008427
-0.011973002067321619
-0.010153903507851923
-0.010153903507851923
0.0
0.0
0.0
-0.006282879805583165
-0.006282879805583165
0.0
0.0
0.0
0.0
0.0
0.0
0.0
0.0
0.0
-0.004017330943129676
-0.015861513594802135
-0.021687470364063283
-0.03375662612642101
-0.07366917460254409
-0.12473601143378131
-0.13157335494892378
-0.11429952541108139
-0.05305745351401265
-0.02562890028375657
-0.007255881833668778
-0.004083441605237696
-0.004079438231353534
-0.002033714054850524
0.0
0.0
-0.0015337617434730314
-0.00695244702554788
-0.010391588054665928
-1.0144957878253273e-5
0.0
0.0
0.0
0.0
0.0
0.0
0.0
-0.004017330943129676
-0.015861513594802135
-0.025173748569712006
-0.048387276129259964
-0.0904701408505938
-0.1285188768451213
-0.15205799460678956
-0.09925744913026832
-0.03754374885275641
-0.00900416454003845
-0.00422660231524479
0.0
-0.00464626227910462
-0.011327329335813166
-0.020952481076936105
-0.02436239810226176
-0.025076799957866082
-0.02491263880247117
-0.024974077745926082
-0.015458272387784968
-0.009175392582201807
0.0
0.0
0.0
0.0
0.0
0.0
-0.0009925170572421891
-0.01869702947596904
-0.03558551878003517
-0.059510862408389265
-0.10733704436934978
-0.14758239875124604
-0.14906417384886725
-0.09187651310703508
-0.03758117385599163
-0.019344421724373284
-0.022763567910708576
-0.028513160327300946
-0.031127692811370428
-0.030557366558956037
-0.029313000441480847
-0.027416283506091037
-0.023471152987304168
-0.03555440177404554
-0.03280689626124635
-0.02983093649415148
-0.014187566418185997
-0.00530870580601831
0.0
0.0
0.0
0.0
0.0
0.0
-0.013595696272516175
-0.023912111342560344
-0.0865787869668545
-0.11682414638450067
-0.16245873526440288
-0.1676282747018242
-0.131575696608585
-0.11872768703279007
-0.0953641223916664
-0.09887493352848982
-0.10093221199908015
-0.10575717752699944
-0.10409154297533955
-0.10463116574329576
-0.10270656803442393
-0.1028586857110073
-0.0904795823477816
-0.07457993049485852
-0.0642214932944862
-0.0351455513904344
-0.005930346037700651
0.0
0.0
0.0
0.0
0.0
0.0
-0.004017330943129676
-0.014262182945736016
-0.03597764922893397
-0.08730146042014952
-0.1481820071786801
-0.13900452288664358
-0.13659815833824288
-0.1306304191426973
-0.13499460300609087
-0.14064504168930522
-0.1453303089087425
-0.15126655743710118
-0.15627933752745257
-0.1598792999713605
-0.15508195910493858
-0.15049491285190472
-0.14995589382989077
-0.14073768862029748
-0.10307326590973058
-0.09352758791515538
-0.06143420157813037
-0.01698121866720581
0.0
0.0
0.0
0.0
0.0
0.0
-0.004017330943129676
-0.011410225018032596
-0.04022874019161554
-0.07617155875193488
-0.1135215135228273
-0.12484221192778978
-0.12043585954644163
-0.11367259127486777
-0.10840383194166087
-0.09562818503181121
-0.09548324923531872
-0.09289752077937533
-0.08912550997224697
-0.08554621216859844
-0.07745457528073871
-0.07016961292892678
-0.07129741931610424
-0.07695468803934227
-0.08379352225401222
-0.07988014433279529
-0.054231438729299586
-0.023014635543330535
-0.011990465630515545
-0.004017330943129676
0.0
0.0
0.0
0.0
-0.004017330943129676
-0.008018794699032125
-0.03694980233080848
-0.048400909860750484
-0.0488636364158738
-0.041525087734957854
-0.041530345192562976
-0.041530345192562976
-0.03124403054677461
-0.02186875528394072
-0.014830331521100991
-0.012099791247821599
-0.00937993801998583
-0.00937993801998583
-0.013297331753057633
-0.014457119232680815
-0.01706315909293463
-0.01706315909293463
-0.022670293157688006
-0.026937170503164666
-0.026937170503164666
-0.015133653997978194
-0.004017330943129676
-0.004017330943129676
0.0
0.0
0.0
0.0
0.0
0.0
0.0
0.0
0.0
0.0
0.0
0.0
0.0
0.0
0.0
0.0
0.0
0.0
0.0
0.0
0.0
0.0
0.0
0.0
0.0
0.0
0.0
0.0
0.0
0.0
0.0
0.0
0.0
0.0
0.0
0.0
0.0
0.0
0.0
0.0
0.0
0.0
0.0
0.0
0.0
0.0
0.0
0.0
0.0
0.0
0.0
0.0
0.0
0.0
0.0
0.0
0.0
0.0
0.0
0.0
0.0
0.0
0.0
0.0
0.0
0.0
0.0
0.0
0.0
0.0
0.0
0.0
0.0
0.0
0.0
0.0
0.0
0.0
0.0
0.0
0.0
0.0
0.0
0.0
0.0
0.0
0.0
0.0
0.0
0.0
0.0
0.0
0.0
0.0
0.0
0.0
0.0
0.0
0.0
0.0
0.0
0.0
0.0
0.0
0.0
0.0
0.0
0.0
0.0
0.0
0.0
0.0
0.0
0.0
0.0
0.0
0.0
0.0
0.0
0.0
0.0
0.0
0.0
0.0
0.0
0.0
0.0
0.0
0.0
0.0
0.0
0.0
0.0
0.0
0.0
0.0
0.0
0.0
0.0
0.0
0.0
0.0
0.0
0.0
0.0
0.0
0.0
0.0
0.0
0.0
0.0
0.0
0.0
0.0
0.0
0.0
0.0
0.0
0.0
0.0
0.0
0.0
0.0
0.0
0.0
0.0
0.0
0.0
0.0
0.0
0.0
0.0
0.0
0.0
0.0
0.0
0.0
0.0
0.0
0.0
0.0
0.0
0.0
0.0
0.0
0.0
0.0
0.0
0.0
0.0
0.0
0.0
0.0
0.0
0.0
0.0
0.0
0.0
0.0
0.0
0.0
0.0
0.0
0.0
0.0
0.0
0.0
0.0
0.0
0.0
0.0
0.0
0.0
0.0
0.0
0.0
0.0
0.0
0.0
0.0
0.0
0.0
0.0
0.0
0.0
0.0
0.0
0.0
0.0
0.0
0.0
0.0
0.0
0.0
0.0
0.0
0.0
0.0
0.0
0.0
0.0
0.0
0.0
0.0
0.0
0.0
0.0
0.0
0.0
0.0
0.0
0.0
0.0
0.0
