-0.17929029960666096
-0.16877483937864568
-0.20137238876189537
-0.15707328836850326
-0.1852402013401085
-0.1814160595383442
-0.20566447232614712
-0.15679583755926108
-0.14909469053016502
-0.1525784739456712
-0.16843433917265585
-0.187734011776469
-0.16550079118106836
-0.17770676254276624
-0.20574755966124234
-0.11713889007151401
-0.11760338626933954
-0.1452866597089604
-0.15146164428647474
-0.18392508636199267
-0.1595548739462799
-0.1510816575644179
-0.19628699320729523
-0.1766012640770127
-0.19019887351394604
-0.1486294536767344
-0.1569850132831968
-0.20905994493063174
-0.2001311865296994
-0.18553577797667306
-0.11953871045409672
-0.0627853830453582
-0.08046486749520824
-0.0799613304395236
-0.040353835543478635
-0.07066074599798065
-0.06644804129991953
-0.00965585657239088
-0.04220924320035072
-0.04902231026374471
-0.0849854312472862
-0.06261473157062666
-0.03760668322961279
-0.07106707518038083
-0.04452417409873626
-0.08982061006340213
-0.08853031676425115
-0.03575587246989884
-0.05711386587815043
-0.05486433615137032
-0.030545158196996786
-0.028398130877469653
-0.04635122301694825
-0.016763552234948322
-0.061153492339814985
-0.04902805470348842
-0.01922262122949653
-0.050434291372263206
-0.04903318275803411
