1.710529786141905e-16
2.4172708107189887e-17
-3.306445588835591e-17
3.6234173598079804e-17
1.8559931289110276e-18
2.309692013765693e-17
-1.557541704892275e-17
-3.725906764394856e-18
3.640178545867973e-18
-1.3663374288107983e-17
2.6756702589728064e-17
1.0479624227469424e-17
-5.126537735064883e-18
-5.328611088772932e-18
-3.085327488060703e-17
-3.741685653143403e-18
1.3576391090279887e-17
-7.314607105772546e-18
5.71512303228915e-18
3.4240997884126353e-18
3.191801537263835e-19
-1.3512779256491403e-17
-3.746677396542803e-18
-3.3499450084664186e-18
5.164441903988737e-18
-4.03061328045074e-18
2.306991036556338e-18
1.729911402313246e-18
-2.0120645945384894e-18
-1.1202467113254856e-18
-3.0585287741209554e-18
-6.165381638407095e-19
-1.3562724689055282e-18
1.640215606758198e-18
7.469447392290886e-19
-1.7148901977184711e-18
-7.700433687416172e-19
2.3941089881508214e-19
-6.695062861520847e-19
1.7322704402641562e-18
-1.1846937451095424e-18
-2.3816835199752e-18
9.926956033102717e-20
1.5564006252599593e-18
9.544492701863354e-19
3.194393686392224e-18
-9.573022653462662e-19
-3.1854468649282215e-19
2.776531370465679e-19
-3.883137006942811e-19
1.0034367424846165e-18
-1.593488125469397e-19
-6.909752391985262e-19
3.16282310711956e-19
-1.039336155068009e-18
2.1939775147195122e-21
-1.6508985322141865e-19
2.3362877654000962e-20
0.0
0.0
0.0
0.0
0.0
0.0
0.0
0.0
0.0
0.0
0.0
0.0
0.0
0.0
0.0
0.0
0.0
0.0
0.0
0.0
0.0
0.0
0.0
0.0
0.0
0.0
0.0
0.0
0.0
0.0
0.0
0.0
0.0
0.0
0.0
0.0
0.0
0.0
0.0
0.0
0.0
0.0
0.0
0.0
0.0
0.0
-0.005328201899980792
-0.005333430753348875
0.0
0.0
0.0
0.0
0.0
0.0
0.0
0.0
0.0
0.0
0.0
0.0
0.0
0.0
0.0
0.0
0.0
0.0
0.0
0.0
0.0
0.0
0.0
0.0
0.0
-0.005328201899980792
-0.005333430753348875
-0.005333430753348875
0.0
0.0
0.0
0.0
0.0
0.0
0.0
0.0
0.0
0.0
0.0
0.0
0.0
0.0
0.0
0.0
-0.0002288467514210066
-0.0009153870056840264
-0.0009153870056840264
0.0
0.0
0.0
0.0
0.0
-0.0055549222460219245
-0.006240312137513413
-0.01051124943901118
-0.012246225333144048
-0.006553600373038992
0.0
0.0
0.0
0.0
0.0
0.0
0.0
0.0
0.0
0.0
0.0
0.0
0.0
-0.005333430753348875
-0.006248817759032901
0.0
-0.0034898688461018784
0.0
0.0
0.0
0.0
0.0
-0.005328201899980792
-0.006240312137513413
-0.005333430753348875
-0.012246225333144048
-0.012246225333144048
0.0
0.0
0.0
0.0
0.0
0.0
0.0
0.0
0.0
0.0
0.0
0.0
0.0
-0.006877382797818784
-0.016962755803056798
-0.023651683255394414
-0.03049038693971233
-0.011273819147738133
-0.005049190354784475
0.0
0.0
0.0
-0.005328201899980792
-0.007791714934826651
-0.012494979538754086
-0.017191271839602947
-0.03386628436070452
-0.018427629632176815
-0.005827108904259433
-0.005276922472128065
0.0
0.0
0.0
0.0
0.0
0.0
0.0
0.0
0.0
0.0
-0.008283487812184886
-0.04241465263393203
-0.07071485004880312
-0.06076610231429069
-0.04709218656861433
-0.028965553040131528
-0.003449620040713507
0.0
0.0
-0.005328201899980792
-0.006240312137513413
-0.012503485160273574
-0.02382985419606642
-0.05071191941824484
-0.07013716107580702
-0.06112799461822806
-0.028481122584130134
-0.011700999441727625
0.0
0.0
0.0
0.0
0.0
0.0
0.0
0.0
0.0
-0.00665766977040144
-0.04250692245639535
-0.071492883364202
-0.08419477268158793
-0.07498657831422303
-0.05842121801229441
-0.032383861295574703
-0.02432076610981161
-0.01703860255853933
-0.006009513300875716
-0.0071556991431974346
-0.013188891879282134
-0.029035747776396458
-0.038862447536893545
-0.09975824948467456
-0.13104953828512006
-0.08431267414159949
-0.03349751882174188
-0.012448085655868194
0.0
0.0
0.0
0.0
0.0
0.0
0.0
0.0
-0.0027568859003579407
-0.016066726171873824
-0.0711753591265973
-0.10346009222018065
-0.09590157962525439
-0.08981360849831083
-0.07428999805060492
-0.030307564962131325
-0.02175742763135353
-0.013205351272963768
-0.006240312137513413
-0.013438392957615751
-0.02814271319585726
-0.06904437202684141
-0.10104772294316902
-0.13499784190482425
-0.14976583987688566
-0.11060906749063026
-0.03841324164460995
-0.013864368214188821
0.0
0.0
0.0
0.0
0.0
0.0
0.0
0.0
-0.01015271206959901
-0.03528559003061177
-0.11414164181537306
-0.11257970893741603
-0.09512050625208818
-0.07222712792988065
-0.04163781605858799
-0.01670980695446136
-0.008108839161140576
-0.013260590362865504
-0.013777082103143773
-0.030420251624617
-0.076825335488843
-0.10667222030815324
-0.12052310915295657
-0.13133786856941718
-0.14881293653702188
-0.10424999168793865
-0.02848779995113192
-0.01375063809084617
0.0
0.0
0.0
0.0
0.0
0.0
0.0
0.0
-0.011523677218587876
-0.042145328801691945
-0.1259547572905562
-0.11737116787280641
-0.055553420735409725
-0.03307430643170442
-0.008007908949285523
-0.007156321765845404
-0.02173209747621431
-0.029353029473975504
-0.04560069798785861
-0.08808609513751113
-0.11295468955486854
-0.10652544276146725
-0.09870672653417266
-0.10561433331952723
-0.13203039696466332
-0.09672834421666321
-0.02541727196394937
-0.01375063809084617
0.0
0.0
0.0
0.0
0.0
0.0
0.0
-0.0013784429501789703
-0.011523677218587876
-0.05553865687185915
-0.1229677145694119
-0.10784223231498477
-0.05895521896529496
-0.02627034480901491
-0.024278205466637906
-0.02593092114485684
-0.04805747856855745
-0.06067729860379748
-0.0893395841484938
-0.11157398973943544
-0.097492396293427
-0.07225723755492726
-0.07942006614931826
-0.07852549126742987
-0.13909873567730127
-0.08756306038974636
-0.023672337540898425
-0.013735647546615179
0.0
0.0
0.0
0.0
0.0
0.0
0.0
-0.0014811504579920272
-0.012246971034694461
-0.04937761278094822
-0.1078284993134349
-0.11569827759978518
-0.08070442866136017
-0.08282224551942988
-0.07301570008558936
-0.0791947663213328
-0.09506578266183792
-0.1086266506364665
-0.1107129903415081
-0.07867150686108565
-0.0629459024555592
-0.05604623554351087
-0.0461240750475332
-0.06693101037307747
-0.13216856543046487
-0.09342354533525847
-0.01665048064571942
-0.013645704281229198
0.0
0.0
0.0
0.0
0.0
0.0
0.0
-0.0020379333045857243
-0.015346266225335985
-0.03082379429155275
-0.08279121762434691
-0.10530444409220056
-0.0888813649859902
-0.10172733608861732
-0.10572764780151249
-0.11417909162334963
-0.09631141527577194
-0.09425616766196686
-0.06542416847021905
-0.06573655985859764
-0.037837095231061185
-0.03497030766911032
-0.03256072128392747
-0.055696268956640115
-0.13925865096310608
-0.09981001093624116
-0.021578442524562945
-0.013143520935568793
0.0
0.0
0.0
0.0
0.0
0.0
0.0
0.0
-0.015537691716872349
-0.019302653779039915
-0.04930389454022685
-0.07296412690084113
-0.06921221503746416
-0.0750443437347205
-0.08446517286328077
-0.08758588592948958
-0.06837281211544347
-0.054973636810571574
-0.05314317944016802
-0.03363149620874914
-0.026509176311907284
-0.011183424809707698
-0.01991443056247591
-0.05159909549017282
-0.13677530733916168
-0.10994108724368681
-0.015574368472037402
-0.013154763900703057
0.0
0.0
0.0
0.0
0.0
0.0
0.0
0.0
-0.015537691716872349
-0.015537691716872349
-0.02765712071060796
-0.03576770348585704
-0.051928420546292056
-0.048645141813434274
-0.04921058617495717
-0.045180930734943496
-0.04036710115737489
-0.03353406062250581
-0.02564347376057615
-0.004505905176279631
-0.0008704900773793013
-0.0031299606464261294
-0.015523591420965108
-0.04872830148778776
-0.13960635714712918
-0.10934118346936786
-0.003996095766489175
-0.009928049084098065
-0.0006162450468783524
0.0
0.0
0.0
0.0
0.0
0.0
0.0
-0.00408999713219739
-0.015537691716872349
-0.01829913506560798
-0.02671237868436763
-0.03379501949761301
-0.0272017062765521
-0.023876064400332925
-0.02201747353158583
-0.017032781404774752
-0.006708010034154123
0.0
0.0
0.0
-0.002584329044238123
-0.017094966825350586
-0.027139177321007943
-0.10954815533606278
-0.09376312994604881
-0.013338709054007726
-0.0034898688461018784
0.0
0.0
0.0
0.0
0.0
0.0
0.0
0.0
-0.003681294337638253
-0.0075038833443863565
-0.008868812148800451
-0.010260769244744289
-0.010260769244744289
-0.010260769244744289
-0.010260769244744289
-0.009293156325817562
0.0
0.0
0.0
-0.0002288467514210066
0.0
-0.0009068813841645356
-0.011105842301034775
-0.02274201804296252
-0.07538747576298345
-0.07493705955549752
-0.021605995824097488
-0.0034898688461018784
0.0
0.0
0.0
0.0
0.0
0.0
0.0
0.0
0.0
-0.003677685225757649
-0.003681294337638253
-0.006417068830678112
-0.007488892800155359
-0.003681294337638253
0.0
0.0
0.0
0.0
0.0
0.0
0.0
-0.0009068813841645357
-0.005703178283164493
-0.019031492180218497
-0.04062333818919031
-0.01431993118497509
-0.00876679131822994
-0.0034898688461018784
0.0
0.0
0.0
0.0
0.0
0.0
0.0
0.0
0.0
0.0
0.0
0.0
0.0
0.0
0.0
0.0
0.0
0.0
-0.0002288467514210066
0.0
0.0
-0.00045344069208226785
0.0
-0.012246225333144048
-0.012246225333144048
0.0
-0.0008314099334302996
-0.0008314099334302996
0.0
0.0
0.0
0.0
0.0
0.0
0.0
0.0
0.0
0.0
0.0
0.0
0.0
0.0
0.0
0.0
0.0
-0.0002288467514210066
0.0
0.0
0.0
0.0
-0.0017281986449487934
-0.011331175914254019
-0.005333430753348875
0.0
0.0
0.0
0.0
0.0
0.0
0.0
0.0
0.0
0.0
0.0
0.0
0.0
0.0
0.0
0.0
0.0
0.0
0.0
0.0
0.0
0.0
0.0
0.0
0.0
0.0
0.0
-0.005333430753348875
-0.00033464661555774943
0.0
0.0
0.0
0.0
0.0
0.0
0.0
0.0
0.0
0.0
0.0
0.0
0.0
0.0
0.0
0.0
0.0
0.0
0.0
0.0
0.0
0.0
0.0
0.0
0.0
0.0
-0.005333430753348875
0.0
0.0
0.0
0.0
0.0
0.0
0.0
0.0
0.0
0.0
0.0
0.0
0.0
0.0
0.0
0.0
0.0
0.0
0.0
0.0
0.0
0.0
0.0
0.0
0.0
0.0
0.0
0.0
0.0
0.0
0.0
0.0
0.0
0.0
0.0
0.0
0.0
0.0
0.0
0.0
0.0
0.0
0.0
0.0
0.0
0.0
0.0
0.0
0.0
0.0
0.0
0.0
0.0
0.0
0.0
0.0
0.0
0.0
0.0
0.0
0.0
0.0
0.0
0.0
0.0
0.0
0.0
0.0
0.0
0.0
0.0
0.0
0.0
0.0
0.0
0.0
0.0
0.0
0.0
0.0
0.0
0.0
0.0
0.0
0.0
0.0
0.0
0.0
0.0
0.0
0.0
