-0.1931879933303724
-0.18683881168227956
-0.2123253468110768
-0.16697949644201482
-0.19491593519177014
-0.18476235791577428
-0.21642635131552063
-0.12032768897119048
-0.115423032821401
-0.19028447792832814
-0.17675490667977628
-0.18964554251933344
-0.16281497115474322
-0.16357942615252025
-0.20170977075181795
-0.16521033044372488
-0.11967793657971333
-0.08631281452389854
-0.11525427125264591
-0.17855558305390562
-0.1718121226928386
-0.17467996276698622
-0.17507451198977095
-0.1945535597332343
-0.1913249751864729
-0.20004961937017457
-0.18200165484458897
-0.19488119926057604
-0.1958216505231026
-0.10926110594102378
-0.11252575065876844
-0.027253376203918628
-0.0581889184855825
-0.05498487178710493
-0.06703364503127691
-0.048819368311387945
-0.05606530346907093
-0.03217258039784516
-0.028392718282757773
-0.028659012993223296
-0.09163809212892943
-0.06698886998768268
-0.05033772965686336
-0.034587107536809616
-0.051619404240486236
-0.030390166365042017
-0.04759988606344376
-0.0376172984400236
-0.07451400276214058
-0.04311471159609505
-0.056889895902079185
-0.03445056573719988
-0.07119783364312855
-0.02644238877050135
-0.04138737778794285
-0.03605683550140969
-0.08084960352905415
-0.06610045536300792
-0.044521175834122566
