1.7880707220032592e-16	4.0460700706041375e-17	-1.294891938040407e-18	-1.6197302295919523e-17	9.409966019483494e-17	2.960730427452414e-17	-1.3839251990072756e-16	-2.829010065662083e-17	-5.17193410898109e-17	-6.595360496872739e-17	2.499973149344632e-17	3.587944378566464e-17	2.641075314600558e-19
-4.098671473365325e-17	3.0167633888930035e-17	-7.722395267034718e-17	2.7407460875334873e-17	3.374304237636409e-17	4.0250678742108977e-17	9.986759658272999e-17	-3.009942438080127e-17	-1.9381286411112843e-18	2.1131104126072102e-17	2.937535944529627e-19	-3.824731168979315e-17	9.387612606340721e-18
-4.617049876627846e-17	4.116629112096874e-17	-1.7838926748555038e-17	-2.916635938660502e-17	-8.848783116665398e-17	2.5274308856989534e-17	3.4566757354477126e-17	-2.925118790721125e-17	5.029400529808254e-17	-7.35641889032055e-18	-5.4115381361752844e-17	6.893772771117318e-17	-4.4207397580942165e-17
3.7612712612885645e-17	1.5481124622837258e-17	-7.829374412836477e-17	-4.253031960840456e-17	6.799067764061237e-17	-5.245366132740374e-17	1.5994498536599628e-17	-5.37212962203591e-17	1.0226372360280915e-17	2.921649712586371e-17	-7.055447076425461e-17	-1.8882794835888746e-18	-1.4360225653648686e-17
-3.679677871278907e-17	1.3581624190546787e-16	-4.969812289701796e-17	3.9577776233890055e-17	-8.067271156953629e-17	-7.257456016974909e-17	4.008274673766758e-17	-5.937321142826099e-17	-3.3003318048277916e-19	3.5535529180019263e-17	-5.902136410689165e-17	2.9856300577396614e-18	-4.586193241123786e-17
-2.1300405120322436e-17	5.1381948190734365e-17	4.152643770879942e-18	5.700268682901285e-20	2.441191941158716e-17	-4.608286396623777e-17	1.561854749887845e-17	-1.0217459652504364e-17	1.3825745309063102e-17	2.457249856635035e-17	-5.399404996412716e-17	6.826551924614557e-17	2.3004753694148357e-17
-2.4933493111371955e-17	6.52370813306015e-17	1.6065471256946987e-17	-7.279506144802468e-17	-1.834160862168097e-17	4.569673832480735e-17	-3.98782763000653e-17	1.2637982868560844e-17	5.13275123798408e-18	-3.738584440871765e-17	-1.7929680641588332e-17	-9.03180642686626e-18	2.206133609253604e-17
1.0532042130772713e-17	1.4726628404584274e-17	6.0616640961501355e-18	1.3643324866095523e-17	-2.6803000373677545e-17	4.889618894161605e-19	9.438883889154667e-17	1.0932973118814018e-16	1.087677113948502e-16	-3.173249579980081e-17	-5.1308803041386126e-17	5.347755909337866e-17	8.366489123517009e-17
1.0282830717843992e-19	-2.107302309464717e-17	-1.1634268815227242e-17	7.522597388157365e-18	-2.6569388296172665e-17	-4.199456431042324e-18	3.750136756475736e-17	2.2588898257699955e-17	-5.770308182771476e-18	-6.8992882784786674e-18	-2.771525597698355e-17	5.647297989443767e-17	5.358737247738783e-17
-3.647635188805492e-19	-6.3975875825522265e-18	7.325236111507288e-18	1.2503098838057661e-17	-3.902193823486521e-17	2.660221367362354e-17	-8.253333381732303e-18	-3.7158388064115626e-17	-4.6797729266334675e-17	-7.812868969157955e-17	1.1329295387599168e-17	-6.171444865348561e-17	3.183409214081686e-17
-1.2753448236443034e-17	1.2029500838459427e-16	3.2119388781465816e-17	4.3580811629311665e-18	1.0358345326158061e-16	-6.439588765028964e-17	-2.0288240903502596e-16	-7.56580545417746e-17	1.1824511874442622e-16	2.324168027302126e-17	-5.0930283138390015e-17	-5.051489882719418e-17	-2.766159188553656e-16
-2.4810542549803628e-17	1.6473820937097e-17	2.2088890850068402e-17	-5.72563982852878e-18	-5.585827410746527e-17	1.8715439096837162e-17	-9.362323896878705e-17	7.138872636791529e-17	-2.0800609691191205e-17	-2.21470598763471e-17	8.028674654077192e-19	-3.854707248923751e-17	-5.187444089270225e-17
7.570895898123756e-18	7.029056585417476e-18	-1.5910487360782947e-17	4.224171729167247e-18	-1.3074596096937219e-17	-1.415191146456676e-17	3.651940357001067e-17	2.6602570875754288e-17	5.97827131520131e-17	-5.735369971010281e-17	1.6162658127853075e-17	5.96481210835174e-17	-9.812044322962816e-18
-9.219483246952346e-18	-6.57293304137572e-18	-1.0303159586256402e-17	-2.906299921941455e-17	-9.578908501530685e-18	1.9054178137590678e-17	1.733709662843641e-17	2.4972790020209826e-17	-3.0425688312927735e-17	-8.394816020718941e-19	1.5170545383508617e-17	-3.1420598591095216e-17	-3.359746640680372e-17
6.1014743123570064e-18	-2.5505259587990006e-18	-3.665540986782884e-17	1.6331240754345058e-17	1.9275175194068576e-17	-4.466983375872738e-17	-2.1724234671234933e-17	-4.664285363668019e-17	2.117886181037349e-17	2.0000177561745622e-17	-6.44508682890252e-17	1.3455298890400105e-17	-8.120364803281117e-18
-3.784997563156797e-18	-8.079370492582924e-20	1.5579205266327075e-17	4.461305544367105e-18	1.937327774861362e-17	-1.428330580486767e-17	5.376950063736696e-18	4.743137944503787e-18	-2.8107933439990257e-18	4.356967174633414e-17	-9.325332298456403e-18	-3.3057776397471027e-17	-1.5462050020819424e-18
5.0089835397766e-20	1.8480404842988076e-18	8.484019430973458e-19	7.665539664095405e-18	4.710900620634188e-18	5.038738430867765e-18	-1.484897697360675e-17	3.627924177361078e-18	7.697032297736713e-18	-1.1158759368152757e-17	1.6973985907877902e-17	-3.256522659662314e-17	1.8788759468807697e-17
1.7422156633018764e-18	-1.5611590340722623e-17	1.3499224557407038e-17	3.416987911706468e-17	-3.957555739711816e-17	-5.617720566983978e-18	-8.640323782756679e-18	3.8195669172562096e-17	4.137805697507405e-17	-5.656260590141457e-17	-2.0130705511544468e-17	4.4731966069925216e-17	-2.430070699048806e-17
2.3170910501904303e-18	1.695544037648629e-17	-8.273660451852957e-18	-1.777374729663325e-17	2.0150228848111904e-17	-7.57654645909236e-18	8.803707599240752e-18	-5.802787250210105e-17	-2.4329726171230226e-17	1.7153425634798165e-17	6.162288358626604e-18	2.9202801731594757e-18	1.4126453599088818e-17
-1.6353575061530742e-18	-1.0898953623756019e-17	-4.829573564952608e-18	2.614944371514172e-17	5.474447209920992e-18	7.45477237108172e-18	-1.6006275007512322e-17	2.0991838089362325e-18	-9.80561446382844e-19	1.7402027920466716e-17	1.4171419153480768e-17	1.762082869260867e-17	9.002788134375031e-18
2.04211780959951e-18	-8.725191673545576e-18	-1.3592114401874638e-18	1.948372419487767e-17	5.523121513610375e-19	3.459173846330401e-18	-1.099483620056577e-18	5.547446431129479e-18	1.4162630278077697e-17	2.2211384515847184e-17	-2.538017797618037e-17	3.511226866205478e-17	-9.328072120532913e-18
-6.447062577562577e-18	-5.100461885548638e-17	-1.1296908309832793e-17	2.273526205186311e-17	3.1822513797820405e-17	-2.7783072538894587e-18	-2.6311304464102e-17	1.544818568432484e-17	2.4004293824072984e-17	5.169510374423858e-17	5.063467038402798e-17	2.847078616910841e-17	-5.310300750223101e-17
3.2359556892329494e-18	8.87925285150841e-18	6.153942453482434e-18	-3.186468570566352e-18	-8.980969967410964e-19	-1.1887807021722657e-17	2.780829291058259e-17	-1.5010294243358697e-17	-3.532470417575489e-17	2.448344957229269e-18	2.5447594941589686e-17	-9.235646963679555e-18	2.667906879347531e-18
4.616808995194281e-18	6.684487289932411e-18	-1.3053827342663552e-18	3.863395121957413e-18	-1.0305468788508372e-17	2.1873208471087956e-17	1.1498332254486873e-17	-8.772814704465014e-18	6.937787212300224e-18	-1.724932486917879e-17	-2.5664493900755096e-17	6.627946321284705e-19	-1.7744678621944574e-17
-3.107302653800748e-18	4.5090430947089095e-18	-9.626128361901468e-20	-2.428043020466793e-18	-8.214754021328221e-18	-1.3952991359155024e-17	-1.897790166510972e-17	-9.213877667758025e-18	-2.6628839292004468e-17	-5.012938963700565e-18	-3.2882407201607443e-18	-3.945845954904378e-18	4.490903166765352e-17
1.2987627582973411e-18	-2.865154454765421e-18	-6.478261491861126e-19	3.8314399182151484e-18	1.1472296623843211e-17	5.244881955215892e-19	-7.713952761870106e-18	1.898434669048281e-17	3.574286613482048e-17	2.730823236168837e-18	1.6724284210411952e-17	-2.874056196115675e-17	8.509007425623479e-18
-1.5418534469499714e-18	6.4521964900280644e-18	-8.16712762638569e-19	3.293692122199481e-18	-1.3853201092902814e-17	-3.071140714382003e-18	-1.7639117846720808e-17	-1.2558228091402931e-17	-7.61256097830292e-18	-1.89824775708603e-17	-1.4862129619786446e-17	1.727956637212736e-17	3.3356436417638965e-17
-4.46971961873748e-19	-4.721500942351051e-19	-1.6172554128150916e-18	1.2403314789029646e-17	-2.14280582369284e-18	1.4410007271097297e-18	-7.028012729967005e-19	1.2619065304999173e-18	-2.60208373372209e-17	9.858087046427401e-18	-2.3226165607146522e-17	6.608343265915937e-18	5.228126223148723e-18
5.025928599592723e-19	7.245385402479659e-18	1.4742168825096229e-18	-4.277214660290629e-18	-1.3614673190721858e-17	2.410832096775369e-18	4.950555426442521e-18	-6.980230700109283e-18	-2.901346752507537e-17	-4.204302919015342e-18	-3.4431738928383897e-17	2.0463686197834717e-17	-9.543541164176407e-18
1.0185045781429041e-18	2.4419251260000637e-18	7.4611678030711e-19	4.677766103045362e-18	1.559373056165438e-18	-3.1460463552659765e-18	-1.5861800744452768e-18	2.9891112745178147e-18	-5.1021497621510664e-18	-8.153247968212487e-18	-1.3801139925240896e-17	-1.3147703214556926e-17	1.6546432087644183e-18
-1.7574250504057063e-18	-3.3397305028954194e-18	-9.08335533214295e-19	1.427882845213146e-18	2.48280821140351e-19	-3.9943802947634985e-18	-5.99890182027386e-18	-7.26510853246019e-18	8.3895607371084e-19	1.567940029944583e-18	-2.794798094321661e-18	-6.091085591099381e-18	4.2029196762197225e-18
5.569066459833237e-19	2.35441856365576e-18	3.763363188476719e-18	-2.099406298715144e-18	-6.3114433314243116e-18	-1.9699066206504026e-18	1.5684850562416267e-17	9.997911883503199e-19	-1.0389457835233717e-17	2.069564812219145e-18	-7.630254999170709e-18	-8.296725220941751e-18	-3.238385150065172e-17
3.0969970311333163e-18	6.1081265994004346e-18	-2.2794297843366748e-18	1.4441031312668633e-18	1.7262066693330701e-18	6.7864250778601805e-18	1.0040860892891211e-17	1.6206267208532868e-17	6.860300503066094e-18	1.3465069562110259e-17	1.0109162766690185e-17	7.459324007296694e-18	1.5901046492734996e-18
1.7732692902908493e-18	5.2290430072213285e-18	4.2532954701082386e-18	-5.163882004794471e-18	-5.713395197075402e-18	-1.3935326027874626e-18	1.7747107743324817e-17	1.7384267987096393e-19	-3.820749814038944e-18	-2.356472678015076e-17	-1.722102905209596e-17	-2.229795270361959e-17	-3.978584593889596e-17
-1.715802408945983e-19	1.080739766586199e-18	-6.756098998929618e-19	1.0315039156554641e-19	-5.916067423345487e-18	1.0443180973933482e-18	4.893649588026419e-18	-9.122705531090398e-18	-7.647182620556687e-18	-1.7586765332973975e-18	1.2065698965177209e-17	2.1449289578467045e-17	-7.07971793945692e-18
3.6183149560169466e-20	2.5914409539272093e-18	-6.731435734027371e-20	-8.310889996871975e-19	2.397937764728773e-18	1.791767021512856e-18	6.665577283998263e-18	-2.2986924284629043e-18	-1.0311842748803316e-18	1.3270338321260752e-18	-3.858230322165956e-18	-1.573888410112909e-17	-1.3492802196476275e-17
1.1427216349651992e-18	6.369871271011878e-18	-2.3292455818168213e-18	-3.744532316818142e-18	-5.303867406490936e-18	6.2649644708604024e-18	4.6670808396479314e-18	1.8984554987152107e-18	1.585550454686387e-17	4.010326410657456e-19	-2.240299829031549e-18	1.1522198746351052e-17	2.7412668742188598e-18
-1.0507004722796422e-18	-2.0089950670872524e-18	-1.6228238511750745e-18	1.0015169074807543e-17	-1.3073632595015901e-18	-1.6814630115874207e-18	8.761889893649675e-19	-3.396486294915404e-18	-2.03748152923196e-17	-5.278966752276001e-18	-1.1212240914977611e-17	8.28255520561367e-18	-2.5005574886861784e-18
1.6752778428347369e-18	7.49899015703299e-18	-4.481908061346001e-19	-1.7822962203305933e-17	3.505772455818179e-18	2.3629103591158443e-20	3.57597993843412e-18	8.257101275574637e-18	2.2745091628869902e-17	-4.1273108713775864e-18	1.0643808870516335e-17	-9.903479638793571e-18	8.155995336966377e-18
7.767208535183104e-19	1.0792576912387433e-18	3.627024099044529e-18	-4.960955821403052e-18	3.7963958010579723e-19	-4.749968982037964e-18	9.134146602793425e-19	5.356773553952988e-18	-1.027024628126309e-17	5.541998770910204e-19	1.384590620627063e-17	1.77764888001757e-18	2.913097719407288e-18
3.8020497588885564e-19	3.1113031308957786e-19	-8.478101463335611e-19	5.827835137328689e-19	-5.920779016859882e-19	2.2775436696459867e-18	1.3999733756515215e-18	2.754480865537464e-18	3.318028929145717e-18	8.786996511766768e-19	2.17504928174374e-18	-1.7405003784036487e-18	-8.708540710267595e-18
-7.8730558560416e-19	-3.860057984370404e-18	9.00134088724087e-19	4.615416868397328e-18	3.33708926395467e-18	-1.5437561737436628e-18	-3.706998384490799e-18	-4.338997945161831e-18	-8.226949292047909e-18	3.5827960436530984e-18	2.641577246996527e-18	-3.4454396210815394e-18	-2.185320966895665e-18
1.3859713158252132e-18	2.2085925514461965e-18	3.998611856956434e-19	-1.80272547392393e-18	-5.27282637678223e-18	7.70218450716163e-18	2.4032544119297963e-18	3.037625566081465e-18	1.9712799996702508e-17	1.1576021046206438e-17	1.2858698467589962e-17	6.979129444967312e-18	1.2768975146484742e-17
3.6286620998625636e-19	8.067777040052374e-20	1.3023346463501185e-18	4.750818864311582e-18	3.397578758906478e-18	5.195357039464115e-18	5.430223607563769e-18	-2.900022205203197e-18	-3.2359868118817464e-18	-1.753626814791023e-18	1.043276597605557e-17	2.3078245490307195e-19	3.7137859755857366e-19
1.76083302374173e-19	-1.2965324047843972e-18	-4.2410981707154784e-19	2.2457005678963237e-18	2.9677429981510736e-18	3.1999470721753906e-18	-1.565441954293086e-18	-7.621485839802632e-19	1.0484956593553329e-17	5.55543552933819e-18	9.253344236402246e-18	-6.237431733240359e-18	6.9333327226565146e-18
1.8757387176936886e-19	-1.1984958741462494e-18	-1.6176021443395376e-18	-1.931636568756471e-18	6.1072449193087135e-18	5.785349480688347e-18	-3.2842672589761602e-18	1.974859877660789e-18	1.8536466834861466e-17	1.1897748409422256e-17	1.7497949042090375e-17	-1.2143512008993508e-17	5.112508648616778e-18
3.5923315818474023e-19	7.438904137955486e-19	-4.691677816999234e-19	-1.5552434671467584e-18	4.3563001476674326e-18	-5.313989807139556e-19	3.3473490393855e-18	-6.736953806255854e-19	1.8298483565629403e-18	-2.865097693328561e-18	-8.289787497069697e-19	-1.886502603666625e-17	-1.0957897824628713e-17
-1.6659050677745071e-19	-5.512522085628052e-19	3.9567547026331624e-19	2.4053713069336077e-18	-2.2535695396842864e-18	3.9405767906863253e-19	-1.2922058480520496e-19	-2.322826351508568e-18	-4.477798845616499e-18	2.665354079153852e-18	-6.7934202088329945e-19	6.999456103962313e-18	-4.703042675125471e-19
2.491821338514126e-19	3.017216240370019e-18	1.4274643500391473e-18	8.077098661301458e-19	-8.916233260409583e-18	3.1083842968715727e-18	4.59774168417881e-18	-2.419366650260033e-18	-1.4101946206734155e-17	-3.190766255453562e-18	-5.0599054989748975e-18	3.558660427360159e-17	5.751334476460665e-19
1.54383604008646e-18	6.638847704599941e-18	-3.6424778182027545e-19	-1.0888038433885706e-17	-8.912953248213905e-18	5.681685072978607e-18	2.874033405635709e-18	8.462400141417203e-18	2.709976803517435e-17	1.9509061877711633e-18	8.759458290339414e-18	2.014410851338438e-17	2.094326291140809e-17
-8.543356865050767e-20	-7.785626721888476e-19	1.948073696218616e-21	7.4535867937055335e-19	-2.8726694828332215e-18	1.6553120678778508e-18	-1.435035129897655e-18	-2.2681017716201712e-18	4.647948501657119e-18	8.638460438074238e-18	7.711069317886558e-18	6.4805728019435345e-18	1.2014118590599358e-18
-2.0443333545766862e-19	-1.0748854558270074e-18	6.504304950541662e-19	1.9753102479945382e-18	-2.3986036652994667e-18	-6.549451719823777e-19	-8.889002275585274e-19	-2.3928912773439095e-18	-4.6502369598584575e-18	4.580429567857629e-18	1.4705421151872294e-18	3.959643727079853e-18	-2.970214923833267e-18
-4.756557457624003e-19	-3.491138688711032e-19	-2.295520908750786e-19	7.686436605250537e-19	6.02690638223196e-18	-1.5728786753977704e-18	1.668874934602823e-18	1.705802899112891e-19	-1.0934128123737272e-17	-1.4965397008072092e-17	-6.546411721581727e-18	-4.581927100295695e-19	-3.880068792649627e-18
-2.50111728105585e-19	-9.444237947422033e-19	-7.40965085643065e-20	7.029273983530215e-19	1.897556684690151e-18	-1.1568524959537399e-18	-1.0029685721616841e-18	-7.214726711224296e-19	-2.162420048187665e-18	-1.0979198306723504e-18	-2.005712438713184e-18	-2.4462929275414636e-18	3.616341043086761e-19
-2.2756489265033433e-20	2.223188498719507e-19	1.2873091619687569e-20	1.315525033326885e-19	-1.2457179583264531e-18	-2.8627328810585504e-19	-7.135851694724404e-20	3.9609470950981576e-19	-1.6385701589948121e-18	-9.122357183974031e-19	-9.05555986114118e-19	3.1989293035379936e-18	-1.8245253237971155e-18
-1.1668050702837495e-19	-5.759290922792361e-20	2.0885357589071039e-19	1.8232584774957913e-18	-1.7007939637992486e-18	-5.7308920223078635e-19	-3.1603095431168853e-19	2.722607854006451e-19	-4.391823784486974e-18	-2.1249275960636375e-18	-3.3619203233515637e-18	6.306330914652657e-18	6.32246429113548e-19
-4.967858097730665e-19	-1.6942315808711161e-18	4.1545365465134744e-19	5.1482481640179685e-18	-1.6006319827923677e-18	-1.8699247278136882e-18	-2.478340751611913e-18	-8.735372977906176e-19	-8.076244929777859e-18	-1.6106748736706829e-18	-6.25112842069244e-18	9.139565699307648e-18	5.138989429580734e-18
-3.6112776668025563e-19	-1.1961022824123084e-18	3.17442106732872e-19	3.822037336544689e-18	-1.2949044849222318e-18	-1.3907647592216041e-18	-1.774093254376904e-18	-5.8741103948825365e-19	-6.194637011587903e-18	-1.3769616580155454e-18	-4.862675524156636e-18	7.054992262858799e-18	3.7295382931605294e-18
0.0	0.0	0.0	0.0	0.0	0.0	0.0	0.0	0.0	0.0	0.0	0.0	0.0
0.0	0.0	0.0	0.0	0.0	0.0	0.0	0.0	0.0	0.0	0.0	0.0	0.0
0.0	0.0	0.0	0.0	0.0	0.0	0.0	0.0	0.0	0.0	0.0	0.0	0.0
0.0	0.0	0.0	0.0	0.0	0.0	0.0	0.0	0.0	0.0	0.0	0.0	0.0
0.0	0.0	0.0	0.0	0.0	0.0	0.0	0.0	0.0	0.0	0.0	0.0	0.0
0.0	0.0	0.0	0.0	0.0	0.0	0.0	0.0	0.0	0.0	0.0	0.0	0.0
0.0	0.0	0.0	0.0	0.0	0.0	0.0	0.0	0.0	0.0	0.0	0.0	0.0
0.0	0.0	0.0	0.0	0.0	0.0	0.0	0.0	0.0	0.0	0.0	0.0	0.0
0.0	0.0	0.0	0.0	0.0	0.0	0.0	0.0	0.0	0.0	0.0	0.0	0.0
0.0	0.0	0.0	0.0	0.0	0.0	0.0	0.0	0.0	0.0	0.0	0.0	0.0
0.0	0.0	0.0	0.0	0.0	0.0	0.0	0.0	0.0	0.0	0.0	0.0	0.0
0.0	0.0	0.0	0.0	0.0	0.0	0.0	0.0	0.0	0.0	0.0	0.0	0.0
0.0	0.0	0.0	0.0	0.0	0.0	0.0	0.0	0.0	0.0	0.0	0.0	0.0
0.0	0.0	0.0	0.0	0.0	0.0	0.0	0.0	0.0	0.0	0.0	0.0	0.0
0.0	0.0	0.0	0.0	0.0	0.0	0.0	0.0	0.0	0.0	0.0	0.0	0.0
0.0	0.0	0.0	0.0	0.0	0.0	0.0	0.0	0.0	0.0	0.0	0.0	0.0
0.0	0.0	0.0	0.0	0.0	0.0	0.0	0.0	0.0	0.0	0.0	0.0	0.0
0.0	0.0	0.0	0.0	0.0	0.0	0.0	0.0	0.0	0.0	0.0	0.0	0.0
0.0	0.0	0.0	0.0	0.0	0.0	0.0	0.0	0.0	0.0	0.0	0.0	0.0
0.0	0.0	0.0	0.0	0.0	0.0	0.0	0.0	0.0	0.0	0.0	0.0	0.0
0.0	0.0	0.0	0.0	0.0	0.0	0.0	0.0	0.0	0.0	0.0	0.0	0.0
0.0	0.0	0.0	0.0	0.0	0.0	0.0	0.0	0.0	0.0	0.0	0.0	0.0
0.0	0.0	0.0	0.0	0.0	0.0	0.0	0.0	0.0	0.0	0.0	0.0	0.0
0.0	0.0	0.0	0.0	0.0	0.0	0.0	0.0	0.0	0.0	0.0	0.0	0.0
0.0	0.0	0.0	0.0	0.0	0.0	0.0	0.0	0.0	0.0	0.0	0.0	0.0
0.0	0.0	0.0	0.0	0.0	0.0	0.0	0.0	0.0	0.0	0.0	0.0	0.0
0.0	0.0	0.0	0.0	0.0	0.0	0.0	0.0	0.0	0.0	0.0	0.0	0.0
0.0	0.0	0.0	0.0	0.0	0.0	0.0	0.0	0.0	0.0	0.0	0.0	0.0
0.0	0.0	0.0	0.0	0.0	0.0	0.0	0.0	0.0	0.0	0.0	0.0	0.0
0.0	0.0	0.0	0.0	0.0	0.0	0.0	0.0	0.0	0.0	0.0	0.0	0.0
0.0	0.0	0.0	0.0	0.0	0.0	0.0	0.0	0.0	0.0	0.0	0.0	0.0
0.0	0.0	0.0	0.0	0.0	0.0	0.0	0.0	0.0	0.0	0.0	0.0	0.0
0.0	0.0	0.0	0.0	0.0	0.0	0.0	0.0	0.0	0.0	0.0	0.0	0.0
0.0	0.0	0.0	0.0	0.0	0.0	0.0	0.0	0.0	0.0	0.0	0.0	0.0
0.0	0.0	0.0	0.0	0.0	0.0	0.0	0.0	0.0	0.0	0.0	0.0	0.0
0.0	0.0	0.0	0.0	0.0	0.0	0.0	0.0	0.0	0.0	0.0	0.0	0.0
0.0	0.0	0.0	0.0	0.0	0.0	0.0	0.0	0.0	0.0	0.0	0.0	0.0
0.0	0.0	0.0	0.0	0.0	0.0	0.0	0.0	0.0	0.0	0.0	0.0	0.0
0.0	0.0	0.0	0.0	0.0	0.0	0.0	0.0	0.0	0.0	0.0	0.0	0.0
0.0	0.0	0.0	0.0	0.0	0.0	0.0	0.0	0.0	0.0	0.0	0.0	0.0
0.0	0.0	0.0	0.0	0.0	0.0	0.0	0.0	0.0	0.0	0.0	0.0	0.0
0.0	0.0	0.0	0.0	0.0	0.0	0.0	0.0	0.0	0.0	0.0	0.0	0.0
0.0	0.0	0.0	0.0	0.0	0.0	0.0	0.0	0.0	0.0	0.0	0.0	0.0
0.0	0.0	0.0	0.0	0.0	0.0	0.0	0.0	0.0	0.0	0.0	0.0	0.0
0.0	0.0	0.0	0.0	0.0	0.0	0.0	0.0	0.0	0.0	0.0	0.0	0.0
0.0	0.0	0.0	0.0	0.0	0.0	0.0	0.0	0.0	0.0	0.0	0.0	0.0
0.0	0.0	0.0	0.0	0.0	0.0	0.0	0.0	0.0	0.0	0.0	0.0	0.0
0.0	0.0	0.0	0.0	0.0	0.0	0.0	0.0	0.0	0.0	0.0	0.0	0.0
0.0	0.0	0.0	0.0	0.0	0.0	0.0	0.0	0.0	0.0	0.0	0.0	0.0
0.0	0.0	0.0	0.0	0.0	0.0	0.0	0.0	0.0	0.0	0.0	0.0	0.0
0.0	0.0	0.0	0.0	0.0	0.0	0.0	0.0	0.0	0.0	0.0	0.0	0.0
0.0	0.0	0.0	0.0	0.0	0.0	0.0	0.0	0.0	0.0	0.0	0.0	0.0
0.0	0.0	0.0	0.0	0.0	0.0	0.0	0.0	0.0	0.0	0.0	0.0	0.0
0.0	0.0	0.0	0.0	0.0	0.0	0.0	0.0	0.0	0.0	0.0	0.0	0.0
0.0	0.0	0.0	0.0	0.0	0.0	0.0	0.0	0.0	0.0	0.0	0.0	0.0
0.0	0.0	0.0	0.0	0.0	0.0	0.0	0.0	0.0	0.0	0.0	0.0	0.0
0.0	0.0	0.0	0.0	0.0	0.0	0.0	0.0	0.0	0.0	0.0	0.0	0.0
0.0	0.0	0.0	0.0	0.0	0.0	0.0	0.0	0.0	0.0	0.0	0.0	0.0
0.0	0.0	0.0	0.0	0.0	0.0	0.0	0.0	0.0	0.0	0.0	0.0	0.0
0.0	0.0	0.0	0.0	0.0	0.0	0.0	0.0	0.0	0.0	0.0	0.0	0.0
0.0	0.0	0.0	0.0	0.0	0.0	0.0	0.0	0.0	0.0	0.0	0.0	0.0
0.0	0.0	0.0	0.0	0.0	0.0	0.0	0.0	0.0	0.0	0.0	0.0	0.0
0.0	0.0	0.0	0.0	0.0	0.0	0.0	0.0	0.0	0.0	0.0	0.0	0.0
0.0	0.0	0.0	0.0	0.0	0.0	0.0	0.0	0.0	0.0	0.0	0.0	0.0
0.0	0.0	0.0	0.0	0.0	0.0	0.0	0.0	0.0	0.0	0.0	0.0	0.0
0.0	0.0	0.0	0.0	0.0	0.0	0.0	0.0	0.0	0.0	0.0	0.0	0.0
0.0	0.0	0.0	0.0	0.0	0.0	0.0	0.0	0.0	0.0	0.0	0.0	0.0
0.0	0.0	0.0	0.0	0.0	0.0	0.0	0.0	0.0	0.0	0.0	0.0	0.0
0.0	0.0	0.0	0.0	0.0	0.0	0.0	0.0	0.0	0.0	0.0	0.0	0.0
0.0	0.0	0.0	0.0	0.0	0.0	0.0	0.0	0.0	0.0	0.0	0.0	0.0
0.0	0.0	0.0	0.0	0.0	0.0	0.0	0.0	0.0	0.0	0.0	0.0	0.0
0.0	0.0	0.0	0.0	0.0	0.0	0.0	0.0	0.0	0.0	0.0	0.0	0.0
0.0	0.0	0.0	0.0	0.0	0.0	0.0	0.0	0.0	0.0	0.0	0.0	0.0
0.0	0.0	0.0	0.0	0.0	0.0	0.0	0.0	0.0	0.0	0.0	0.0	0.0
0.0	0.0	0.0	0.0	0.0	0.0	0.0	0.0	0.0	0.0	0.0	0.0	0.0
0.0	0.0	0.0	0.0	0.0	0.0	0.0	0.0	0.0	0.0	0.0	0.0	0.0
0.0	0.0	0.0	0.0	0.0	0.0	0.0	0.0	0.0	0.0	0.0	0.0	0.0
0.0	0.0	0.0	0.0	0.0	0.0	0.0	0.0	0.0	0.0	0.0	0.0	0.0
0.0	0.0	0.0	0.0	0.0	0.0	0.0	0.0	0.0	0.0	0.0	0.0	0.0
0.0	0.0	0.0	0.0	0.0	0.0	0.0	0.0	0.0	0.0	0.0	0.0	0.0
0.0	0.0	0.0	0.0	0.0	0.0	0.0	0.0	0.0	0.0	0.0	0.0	0.0
0.0	0.0	0.0	0.0	0.0	0.0	0.0	0.0	0.0	0.0	0.0	0.0	0.0
0.0	0.0	0.0	0.0	0.0	0.0	0.0	0.0	0.0	0.0	0.0	0.0	0.0
0.0	0.0	0.0	0.0	0.0	0.0	0.0	0.0	0.0	0.0	0.0	0.0	0.0
0.0	0.0	0.0	0.0	0.0	0.0	0.0	0.0	0.0	0.0	0.0	0.0	0.0
0.0	0.0	0.0	0.0	0.0	0.0	0.0	0.0	0.0	0.0	0.0	0.0	0.0
0.0	0.0	0.0	0.0	0.0	0.0	0.0	0.0	0.0	0.0	0.0	0.0	0.0
0.0	0.0	0.0	0.0	0.0	0.0	0.0	0.0	0.0	0.0	0.0	0.0	0.0
0.0	0.0	0.0	0.0	0.0	0.0	0.0	0.0	0.0	0.0	0.0	0.0	0.0
0.0	0.0	0.0	0.0	0.0	0.0	0.0	0.0	0.0	0.0	0.0	0.0	0.0
0.0	0.0	0.0	0.0	0.0	0.0	0.0	0.0	0.0	0.0	0.0	0.0	0.0
0.0	0.0	0.0	0.0	0.0	0.0	0.0	0.0	0.0	0.0	0.0	0.0	0.0
0.0	0.0	0.0	0.0	0.0	0.0	0.0	0.0	0.0	0.0	0.0	0.0	0.0
0.0	0.0	0.0	0.0	0.0	0.0	0.0	0.0	0.0	0.0	0.0	0.0	0.0
0.0	0.0	0.0	0.0	0.0	0.0	0.0	0.0	0.0	0.0	0.0	0.0	0.0
0.0	0.0	0.0	0.0	0.0	0.0	0.0	0.0	0.0	0.0	0.0	0.0	0.0
0.0	0.0	0.0	0.0	0.0	0.0	0.0	0.0	0.0	0.0	0.0	0.0	0.0
0.0	0.0	0.0	0.0	0.0	0.0	0.0	0.0	0.0	0.0	0.0	0.0	0.0
0.0	0.0	0.0	0.0	0.0	0.0	0.0	0.0	0.0	0.0	0.0	0.0	0.0
0.0	0.0	0.0	0.0	0.0	0.0	0.0	0.0	0.0	0.0	0.0	0.0	0.0
0.0	0.0	0.0	0.0	0.0	0.0	0.0	0.0	0.0	0.0	0.0	0.0	0.0
0.0	0.0	0.0	0.0	0.0	0.0	0.0	0.0	0.0	0.0	0.0	0.0	0.0
0.0	0.0	0.0	0.0	0.0	0.0	0.0	0.0	0.0	0.0	0.0	0.0	0.0
0.0	0.0	0.0	0.0	0.0	0.0	0.0	0.0	0.0	0.0	0.0	0.0	0.0
0.0	0.0	0.0	0.0	0.0	0.0	0.0	0.0	0.0	0.0	0.0	0.0	0.0
0.0	0.0	0.0	0.0	0.0	0.0	0.0	0.0	0.0	0.0	0.0	0.0	0.0
0.0	0.0	0.0	0.0	0.0	0.0	0.0	0.0	0.0	0.0	0.0	0.0	0.0
0.0	0.0	0.0	0.0	0.0	0.0	0.0	0.0	0.0	0.0	0.0	0.0	0.0
0.0	0.0	0.0	0.0	0.0	0.0	0.0	0.0	0.0	0.0	0.0	0.0	0.0
0.0	0.0	0.0	0.0	0.0	0.0	0.0	0.0	0.0	0.0	0.0	0.0	0.0
0.0	0.0	0.0	0.0	0.0	0.0	0.0	0.0	0.0	0.0	0.0	0.0	0.0
0.0	0.0	0.0	0.0	0.0	0.0	0.0	0.0	0.0	0.0	0.0	0.0	0.0
0.0	0.0	0.0	0.0	0.0	0.0	0.0	0.0	0.0	0.0	0.0	0.0	0.0
0.0	0.0	0.0	0.0	0.0	0.0	0.0	0.0	0.0	0.0	0.0	0.0	0.0
0.0	0.0	0.0	0.0	0.0	0.0	0.0	0.0	0.0	0.0	0.0	0.0	0.0
0.0	0.0	0.0	0.0	0.0	0.0	0.0	0.0	0.0	0.0	0.0	0.0	0.0
0.0	0.0	0.0	0.0	0.0	0.0	0.0	0.0	0.0	0.0	0.0	0.0	0.0
0.0	0.0	0.0	0.0	0.0	0.0	0.0	0.0	0.0	0.0	0.0	0.0	0.0
0.0	0.0	0.0	0.0	0.0	0.0	0.0	0.0	0.0	0.0	0.0	0.0	0.0
0.0	0.0	0.0	0.0	0.0	0.0	0.0	0.0	0.0	0.0	0.0	0.0	0.0
0.0	0.0	0.0	0.0	0.0	0.0	0.0	0.0	0.0	0.0	0.0	0.0	0.0
0.0	0.0	0.0	0.0	0.0	0.0	0.0	0.0	0.0	0.0	0.0	0.0	0.0
0.0	0.0	0.0	0.0	0.0	0.0	0.0	0.0	0.0	0.0	0.0	0.0	0.0
0.0	0.0	0.0	0.0	0.0	0.0	0.0	0.0	0.0	0.0	0.0	0.0	0.0
0.0	0.0	0.0	0.0	0.0	0.0	0.0	0.0	0.0	0.0	0.0	0.0	0.0
0.0	0.0	0.0	0.0	0.0	0.0	0.0	0.0	0.0	0.0	0.0	0.0	0.0
0.0	0.0	0.0	0.0	0.0	0.0	0.0	0.0	0.0	0.0	0.0	0.0	0.0
0.0	0.0	0.0	0.0	0.0	0.0	0.0	0.0	0.0	0.0	0.0	0.0	0.0
0.0	0.0	0.0	0.0	0.0	0.0	0.0	0.0	0.0	0.0	0.0	0.0	0.0
0.0	0.0	0.0	0.0	0.0	0.0	0.0	0.0	0.0	0.0	0.0	0.0	0.0
0.0	0.0	0.0	0.0	0.0	0.0	0.0	0.0	0.0	0.0	0.0	0.0	0.0
0.0	0.0	0.0	0.0	0.0	0.0	0.0	0.0	0.0	0.0	0.0	0.0	0.0
0.0	0.0	0.0	0.0	0.0	0.0	0.0	0.0	0.0	0.0	0.0	0.0	0.0
0.0	0.0	0.0	0.0	0.0	0.0	0.0	0.0	0.0	0.0	0.0	0.0	0.0
0.0	0.0	0.0	0.0	0.0	0.0	0.0	0.0	0.0	0.0	0.0	0.0	0.0
0.0	0.0	0.0	0.0	0.0	0.0	0.0	0.0	0.0	0.0	0.0	0.0	0.0
0.0	0.0	0.0	0.0	0.0	0.0	0.0	0.0	0.0	0.0	0.0	0.0	0.0
0.0	0.0	0.0	0.0	0.0	0.0	0.0	0.0	0.0	0.0	0.0	0.0	0.0
0.0	0.0	0.0	0.0	0.0	0.0	0.0	0.0	0.0	0.0	0.0	0.0	0.0
0.0	0.0	0.0	0.0	0.0	0.0	0.0	0.0	0.0	0.0	0.0	0.0	0.0
0.0	0.0	0.0	0.0	0.0	0.0	0.0	0.0	0.0	0.0	0.0	0.0	0.0
0.0	0.0	0.0	0.0	0.0	0.0	0.0	0.0	0.0	0.0	0.0	0.0	0.0
0.0	0.0	0.0	0.0	0.0	0.0	0.0	0.0	0.0	0.0	0.0	0.0	0.0
0.0	0.0	0.0	0.0	0.0	0.0	0.0	0.0	0.0	0.0	0.0	0.0	0.0
0.0	0.0	0.0	0.0	0.0	0.0	0.0	0.0	0.0	0.0	0.0	0.0	0.0
0.0	0.0	0.0	0.0	0.0	0.0	0.0	0.0	0.0	0.0	0.0	0.0	0.0
0.0	0.0	0.0	0.0	0.0	0.0	0.0	0.0	0.0	0.0	0.0	0.0	0.0
0.0	0.0	0.0	0.0	0.0	0.0	0.0	0.0	0.0	0.0	0.0	0.0	0.0
0.0	0.0	0.0	0.0	0.0	0.0	0.0	0.0	0.0	0.0	0.0	0.0	0.0
0.0	0.0	0.0	0.0	0.0	0.0	0.0	0.0	0.0	0.0	0.0	0.0	0.0
0.0	0.0	0.0	0.0	0.0	0.0	0.0	0.0	0.0	0.0	0.0	0.0	0.0
0.0	0.0	0.0	0.0	0.0	0.0	0.0	0.0	0.0	0.0	0.0	0.0	0.0
0.0	0.0	0.0	0.0	0.0	0.0	0.0	0.0	0.0	0.0	0.0	0.0	0.0
0.0	0.0	0.0	0.0	0.0	0.0	0.0	0.0	0.0	0.0	0.0	0.0	0.0
0.0	0.0	0.0	0.0	0.0	0.0	0.0	0.0	0.0	0.0	0.0	0.0	0.0
0.0	0.0	0.0	0.0	0.0	0.0	0.0	0.0	0.0	0.0	0.0	0.0	0.0
0.0	0.0	0.0	0.0	0.0	0.0	0.0	0.0	0.0	0.0	0.0	0.0	0.0
0.0	0.0	0.0	0.0	0.0	0.0	0.0	0.0	0.0	0.0	0.0	0.0	0.0
0.0	0.0	0.0	0.0	0.0	0.0	0.0	0.0	0.0	0.0	0.0	0.0	0.0
0.0	0.0	0.0	0.0	0.0	0.0	0.0	0.0	0.0	0.0	0.0	0.0	0.0
0.0	0.0	0.0	0.0	0.0	0.0	0.0	0.0	0.0	0.0	0.0	0.0	0.0
0.0	0.0	0.0	0.0	0.0	0.0	0.0	0.0	0.0	0.0	0.0	0.0	0.0
0.0	0.0	0.0	0.0	0.0	0.0	0.0	0.0	0.0	0.0	0.0	0.0	0.0
0.0	0.0	0.0	0.0	0.0	0.0	0.0	0.0	0.0	0.0	0.0	0.0	0.0
0.0	0.0	0.0	0.0	0.0	0.0	0.0	0.0	0.0	0.0	0.0	0.0	0.0
0.0	0.0	0.0	0.0	0.0	0.0	0.0	0.0	0.0	0.0	0.0	0.0	0.0
0.0	0.0	0.0	0.0	0.0	0.0	0.0	0.0	0.0	0.0	0.0	0.0	0.0
0.0	0.0	0.0	0.0	0.0	0.0	0.0	0.0	0.0	0.0	0.0	0.0	0.0
0.0	0.0	0.0	0.0	0.0	0.0	0.0	0.0	0.0	0.0	0.0	0.0	0.0
0.0	0.0	0.0	0.0	0.0	0.0	0.0	0.0	0.0	0.0	0.0	0.0	0.0
0.0	0.0	0.0	0.0	0.0	0.0	0.0	0.0	0.0	0.0	0.0	0.0	0.0
0.0	0.0	0.0	0.0	0.0	0.0	0.0	0.0	0.0	0.0	0.0	0.0	0.0
0.0	0.0	0.0	0.0	0.0	0.0	0.0	0.0	0.0	0.0	0.0	0.0	0.0
0.0	0.0	0.0	0.0	0.0	0.0	0.0	0.0	0.0	0.0	0.0	0.0	0.0
0.0	0.0	0.0	0.0	0.0	0.0	0.0	0.0	0.0	0.0	0.0	0.0	0.0
0.0	0.0	0.0	0.0	0.0	0.0	0.0	0.0	0.0	0.0	0.0	0.0	0.0
0.0	0.0	0.0	0.0	0.0	0.0	0.0	0.0	0.0	0.0	0.0	0.0	0.0
0.0	0.0	0.0	0.0	0.0	0.0	0.0	0.0	0.0	0.0	0.0	0.0	0.0
0.0	0.0	0.0	0.0	0.0	0.0	0.0	0.0	0.0	0.0	0.0	0.0	0.0
-0.0026722904487017957	-0.00475120734356716	0.009967197885096944	0.006289625510220454	-0.012088699408157355	0.0006545969282500501	0.007759480048269528	-0.022763013311437433	0.0008386888929322253	0.013572538731089165	0.0026178110857325073	0.012213885110989432	-0.002964316394966628
0.0	0.0	0.0	0.0	0.0	0.0	0.0	0.0	0.0	0.0	0.0	0.0	0.0
0.0	0.0	0.0	0.0	0.0	0.0	0.0	0.0	0.0	0.0	0.0	0.0	0.0
0.0	0.0	0.0	0.0	0.0	0.0	0.0	0.0	0.0	0.0	0.0	0.0	0.0
0.0	0.0	0.0	0.0	0.0	0.0	0.0	0.0	0.0	0.0	0.0	0.0	0.0
0.0	0.0	0.0	0.0	0.0	0.0	0.0	0.0	0.0	0.0	0.0	0.0	0.0
0.0	0.0	0.0	0.0	0.0	0.0	0.0	0.0	0.0	0.0	0.0	0.0	0.0
0.0	0.0	0.0	0.0	0.0	0.0	0.0	0.0	0.0	0.0	0.0	0.0	0.0
0.0	0.0	0.0	0.0	0.0	0.0	0.0	0.0	0.0	0.0	0.0	0.0	0.0
0.0	0.0	0.0	0.0	0.0	0.0	0.0	0.0	0.0	0.0	0.0	0.0	0.0
0.0	0.0	0.0	0.0	0.0	0.0	0.0	0.0	0.0	0.0	0.0	0.0	0.0
0.0	0.0	0.0	0.0	0.0	0.0	0.0	0.0	0.0	0.0	0.0	0.0	0.0
0.0	0.0	0.0	0.0	0.0	0.0	0.0	0.0	0.0	0.0	0.0	0.0	0.0
0.0	0.0	0.0	0.0	0.0	0.0	0.0	0.0	0.0	0.0	0.0	0.0	0.0
0.0	0.0	0.0	0.0	0.0	0.0	0.0	0.0	0.0	0.0	0.0	0.0	0.0
0.0	0.0	0.0	0.0	0.0	0.0	0.0	0.0	0.0	0.0	0.0	0.0	0.0
0.0	0.0	0.0	0.0	0.0	0.0	0.0	0.0	0.0	0.0	0.0	0.0	0.0
0.0	0.0	0.0	0.0	0.0	0.0	0.0	0.0	0.0	0.0	0.0	0.0	0.0
0.0	0.0	0.0	0.0	0.0	0.0	0.0	0.0	0.0	0.0	0.0	0.0	0.0
0.0	0.0	0.0	0.0	0.0	0.0	0.0	0.0	0.0	0.0	0.0	0.0	0.0
0.0	0.0	0.0	0.0	0.0	0.0	0.0	0.0	0.0	0.0	0.0	0.0	0.0
0.0	0.0	0.0	0.0	0.0	0.0	0.0	0.0	0.0	0.0	0.0	0.0	0.0
0.0	0.0	0.0	0.0	0.0	0.0	0.0	0.0	0.0	0.0	0.0	0.0	0.0
-0.004017330943129676	0.02723678371008302	0.026185597759289945	0.011791428896759274	0.04184316097921207	-0.009396314852252277	-0.03948364889977356	-0.017745288784482	0.03838779834999509	0.0029106474135303195	-0.025828133377393675	-0.003234074409289022	-0.06745850296615952
-0.005189959305391275	0.029823761454156824	0.028639625034978595	0.007109092075912618	0.04744049312735396	-0.002487217909162733	-0.044636191839737424	-0.012039348871644723	0.023672955953190477	0.012085592375517668	-0.02198337475252194	0.00703246498716464	-0.0670936260299632
-0.02418589556969726	0.04442536705970841	0.08281401884990922	-0.00667144891916109	0.1332289544862414	0.03303419771293136	-0.039369485045154716	-0.033500597692738034	-0.06453279552510513	-0.055444736104885387	-0.01684659489705799	0.12186648101691512	0.0368379554640825
-0.03429212682497866	0.057823614533079055	0.07651046498178177	-0.003005396532809359	0.12843072414917872	-0.024988733436770594	0.005013787066305073	-0.03448903896182584	-0.06072785831381325	-0.01930878856848518	-0.04303455607652714	0.1844554853675689	0.040676888768534696
-0.04419577540196621	0.0645865122856224	0.06337365149369893	-0.03514242239035491	0.019050761587925652	-0.09258403484795706	0.024636122629888187	-0.051768623948744354	-0.014230379942991367	0.17075554205796442	0.029319729694006962	0.1396617359391477	-0.1222784157203286
-0.023617184873496885	0.03125552140303463	0.03162080621151356	-0.014598614523656978	-0.04720062764743683	-0.0675840905706961	0.016502915122785244	-0.04604752020739584	-0.03367697394471883	0.04897861051555848	0.07460512919280002	-0.053224043257355934	-0.015363376689184088
-0.018222393338749716	0.03078772053288511	-0.002087655506974731	-0.03371377764777921	-0.02882916111226245	0.005684174357550979	-0.015331533070313583	-0.025532967144722845	-0.032139732082031865	-0.022859280415344893	0.06599820006671174	-0.061640164984516424	0.007875724406983496
-0.016991129473593932	0.02053579637565066	0.002045316488069542	0.08068188456012985	-0.04382607956984461	0.01822523673483148	-0.04896594534426021	0.07322605142008248	0.044921033504226174	-0.07239837266618163	0.07372057699384647	-0.030677477335686154	-0.03457988094102124
-0.017001631717743052	0.020558446442776938	0.002014242379212659	0.08073192845570705	-0.04380689194636777	0.018255011526930744	-0.04894424765518337	0.07325407400049559	0.0448833540747331	-0.07240382240894647	0.07380050691076444	-0.03073543527326012	-0.034581542410214904
-0.011608684679203493	0.008882103955849329	0.01788538017241695	0.054977012726689686	-0.05352863690073095	0.00306351262439897	-0.05968572296694665	0.05886769913580109	0.0637443738231031	-0.06956304747053602	0.03296755042201276	-0.001167219913480906	-0.033609906802964364
-0.004459612739800247	-0.006515527721234051	0.0150927059931663	0.015137963395495585	-0.031426628102614346	0.0015218154390512348	-0.009048657076778023	0.03204082615193944	0.008730464654695132	-0.04306857885238694	0.016344083496557145	0.00016432438366988057	-0.011089910659351072
0.0	0.0	0.0	0.0	0.0	0.0	0.0	0.0	0.0	0.0	0.0	0.0	0.0
0.0	0.0	0.0	0.0	0.0	0.0	0.0	0.0	0.0	0.0	0.0	0.0	0.0
0.0	0.0	0.0	0.0	0.0	0.0	0.0	0.0	0.0	0.0	0.0	0.0	0.0
0.0	0.0	0.0	0.0	0.0	0.0	0.0	0.0	0.0	0.0	0.0	0.0	0.0
0.0	0.0	0.0	0.0	0.0	0.0	0.0	0.0	0.0	0.0	0.0	0.0	0.0
0.0	0.0	0.0	0.0	0.0	0.0	0.0	0.0	0.0	0.0	0.0	0.0	0.0
0.0	0.0	0.0	0.0	0.0	0.0	0.0	0.0	0.0	0.0	0.0	0.0	0.0
0.0	0.0	0.0	0.0	0.0	0.0	0.0	0.0	0.0	0.0	0.0	0.0	0.0
0.0	0.0	0.0	0.0	0.0	0.0	0.0	0.0	0.0	0.0	0.0	0.0	0.0
0.0	0.0	0.0	0.0	0.0	0.0	0.0	0.0	0.0	0.0	0.0	0.0	0.0
0.0	0.0	0.0	0.0	0.0	0.0	0.0	0.0	0.0	0.0	0.0	0.0	0.0
0.0	0.0	0.0	0.0	0.0	0.0	0.0	0.0	0.0	0.0	0.0	0.0	0.0
0.0	0.0	0.0	0.0	0.0	0.0	0.0	0.0	0.0	0.0	0.0	0.0	0.0
0.0	0.0	0.0	0.0	0.0	0.0	0.0	0.0	0.0	0.0	0.0	0.0	0.0
0.0	0.0	0.0	0.0	0.0	0.0	0.0	0.0	0.0	0.0	0.0	0.0	0.0
0.0	0.0	0.0	0.0	0.0	0.0	0.0	0.0	0.0	0.0	0.0	0.0	0.0
-0.004017330943129676	0.02723678371008302	0.026185597759289945	0.011791428896759274	0.04184316097921207	-0.009396314852252277	-0.03948364889977356	-0.017745288784482	0.03838779834999509	0.0029106474135303195	-0.025828133377393675	-0.003234074409289022	-0.06745850296615952
-0.008007025688686841	0.022847498488671743	0.06326115609282955	0.0268450853938013	0.06258734851160935	0.018660900476080655	-0.016747210674827106	-0.021825235469735627	0.0236867543352715	-0.012543277683052176	-0.042252083338976856	0.020454853421781764	-0.0463161620011241
-0.020302254256915335	0.025313531531597152	0.08403579021503886	-0.003597816683537957	0.14720394588040092	0.030637268100042584	-0.02773035381608743	0.008779435340527806	-0.06190751983332649	-0.0717339344020529	-0.0691332625623396	0.08661475915720473	-0.02665920702938741
-0.02577037082497664	0.0490538649122874	0.08405237824461233	-0.010783752273685538	0.13144961343320105	0.031186947048633715	-0.03687063105424134	-0.037238447127922576	-0.0699273253854159	-0.0566330953339889	-0.0011935142380867562	0.11746624440130576	0.03735964911741657
-0.07868529365928201	0.054900760324852804	0.13821357367440779	-0.05880650164536055	0.08119147244880731	-0.10010918653264557	0.0882632809446913	-0.12522499871355483	-0.004962787565036222	0.09826097149778258	0.022561127116092258	0.16236655913142586	0.06094606633856543
-0.09716742698362096	0.03483626099599771	0.07102552937861063	-0.09711067623191713	-0.0518162307963286	-0.1075890803299141	0.11700054838358254	-0.20599185446905782	0.13798926850264473	0.12362740544869016	-0.01722403314824114	-0.12585614020603708	-0.09707178231517682
-0.07624327363278542	0.03676162957874379	0.021218393397898445	0.011387018400829403	-0.1263816839618178	0.12002760707197146	-0.0063036186773896725	0.022836478590297034	0.0942834629926483	-0.016252425348869455	-0.0488617817386486	-0.1845464924722512	0.049473003685308645
-0.0650599892134903	0.0685499382420293	-0.04132016745548905	0.03509977805587787	-0.11032420414769648	0.11939810097878384	-0.06500851721591969	0.09997964662267571	-0.0009855349397168735	-0.09899416972182291	-0.0025999554462359216	-0.13063070264976145	-0.027347981744862637
-0.04475468673657631	0.04398719585509782	-0.03890853787297527	0.09207828188468034	-0.06588743863111556	0.08115611310491998	-0.01269389550336986	0.1946184823160592	0.03670697457470361	-0.05458864817523035	0.010352556648074548	-0.0036413153379385617	-0.03478861640921615
-0.03010042897804432	0.03545865140908922	-0.010485996841554417	0.08109710646205705	-0.06237630957232437	0.033164666301831874	-0.02455942653901783	0.1934453343805754	0.04283583848613639	-0.0603909070293725	0.05121546789408485	0.025756479922722873	-0.01960995049905943
-0.013688736019806311	0.003435537925830901	0.007901486340190804	0.043568149228918454	-0.0486105680219105	-0.0054043978062354656	-0.0034996424302764606	0.10301254197945933	0.036279539895838445	-0.07441595101158512	0.04715571721599325	0.06304554076152087	0.004954922768344385
-0.006070461902614228	0.008086140650796604	-0.012514761224133997	0.013803758690916068	-0.0020152449653554265	-0.007778952340623278	0.021017620746838606	0.05443016112611859	0.011080488788882818	-0.011511064752909826	0.02163682310090206	0.06316475127654349	0.025088646277270362
0.0	0.0	0.0	0.0	0.0	0.0	0.0	0.0	0.0	0.0	0.0	0.0	0.0
0.0	0.0	0.0	0.0	0.0	0.0	0.0	0.0	0.0	0.0	0.0	0.0	0.0
0.0	0.0	0.0	0.0	0.0	0.0	0.0	0.0	0.0	0.0	0.0	0.0	0.0
-0.0013736100084594984	-0.0020068545433124924	0.004648720240197018	0.004662660020268404	-0.009679748761283503	0.00046873597329498016	-0.0027870863792394856	0.009868928548173925	0.0026890795967921366	-0.0132655982511198	0.005034158340612818	5.061372617143312e-5	-0.003415815041215579
-0.006282879805583165	-0.009179334603903815	0.021263204504235928	0.02132696493271666	-0.04427508364152986	0.002143994119603295	-0.012748107993314738	0.04514039028268585	0.012299825853219386	-0.06067672690767058	0.023026194903614766	0.0002315067275932615	-0.015623907229774222
0.0	0.0	0.0	0.0	0.0	0.0	0.0	0.0	0.0	0.0	0.0	0.0	0.0
0.0	0.0	0.0	0.0	0.0	0.0	0.0	0.0	0.0	0.0	0.0	0.0	0.0
0.0	0.0	0.0	0.0	0.0	0.0	0.0	0.0	0.0	0.0	0.0	0.0	0.0
0.0	0.0	0.0	0.0	0.0	0.0	0.0	0.0	0.0	0.0	0.0	0.0	0.0
0.0	0.0	0.0	0.0	0.0	0.0	0.0	0.0	0.0	0.0	0.0	0.0	0.0
0.0	0.0	0.0	0.0	0.0	0.0	0.0	0.0	0.0	0.0	0.0	0.0	0.0
0.0	0.0	0.0	0.0	0.0	0.0	0.0	0.0	0.0	0.0	0.0	0.0	0.0
0.0	0.0	0.0	0.0	0.0	0.0	0.0	0.0	0.0	0.0	0.0	0.0	0.0
0.0	0.0	0.0	0.0	0.0	0.0	0.0	0.0	0.0	0.0	0.0	0.0	0.0
0.0	0.0	0.0	0.0	0.0	0.0	0.0	0.0	0.0	0.0	0.0	0.0	0.0
-0.004017330943129677	0.02723678371008302	0.026185597759289945	0.011791428896759274	0.041843160979212084	-0.009396314852252279	-0.039483648899773544	-0.017745288784482005	0.03838779834999508	0.002910647413530334	-0.025828133377393675	-0.003234074409289016	-0.06745850296615953
-0.012334081682526404	0.018082468810554447	0.07181887003199906	0.018843515430546083	0.09872733846404176	0.012098727604033254	-0.008283005818655912	-0.01689945004427206	0.028570181295724063	-0.06233187864752285	-0.058738941470868375	0.04112008657760167	-0.01746106842841539
-0.02082450498635975	0.02460221674329044	0.08370727861713008	-0.0035784770218526057	0.1514574085873442	0.027807834327271387	-0.02787667053769962	0.008740543353413796	-0.07185464635223691	-0.08228485712341191	-0.07619568704986612	0.08500736286413134	-0.03343920923571737
-0.03024733191599898	0.03947197843651686	0.12098863698852655	-0.016684815914644824	0.12151309326318237	0.04679404736123974	0.011154409096067078	0.004633788557503008	-0.03643190565496137	-0.0221633885697536	0.00886626396019658	0.014903365224975807	0.026421043486171688
-0.05905715138753815	0.04926322135761917	0.10573208740896617	-0.05846445497773036	0.033228689888543585	-0.12334964017812539	0.050336425133559744	-0.08313780483217753	0.019232299608200415	0.07204299751688072	0.06624849661754673	-0.013426044522121185	0.042057917191808264
-0.11667324575793368	0.03683507562854574	0.09634259574228674	-0.09905782740666937	-0.1357713035388176	-0.1412008630736673	0.055091469294699526	-0.09597356822473285	0.06089942677493538	0.07795622805000778	-0.024445510381759242	-0.12268071686498219	-0.10134379275094062
-0.11882688333125767	-0.004427658671039116	0.01643378456289582	0.014487021649089871	-0.07514445314649344	-0.018896665575555208	-0.05596362349405708	-0.04145310191571582	0.17487203906641507	0.037379704575475396	-0.2648455901091173	-0.2091424501990869	-0.1229809752964082
-0.10800136043481677	-0.017137090172357646	-0.0902497808571005	0.10395110070930273	-0.0656533337531634	0.13455613085442927	-0.05775556234959892	0.12826534070395487	0.07713395541101972	-0.07915516698066725	-0.08820760286100776	-0.1485291340735554	0.0987577737468869
-0.05663298501712005	0.02820030510829732	-0.07021945245558434	0.10142990598693417	-0.05335937140470633	0.10051310964453428	-0.012221219692866542	0.20156901489675427	0.029710157622683815	-0.08642147315002373	-0.03989331596533465	0.05261437949445977	-0.04549523021360029
-0.0225383837008427	0.013837749543975012	-0.036821174283060615	0.030564466426302648	0.017767634225588153	0.03668277334618046	0.0626538821029137	0.14428592565592674	-0.016537288127184798	0.019067813382578222	0.0922344460285264	0.02395807550545396	-0.0662578046563607
-0.011973002067321619	-0.00276420952227304	-0.020984141188658274	0.015002437969251615	0.020251508943924298	0.0046813667140675926	0.04909237032688314	0.08125382931176979	0.012409390016933051	0.0044117617771429465	0.08424638968103203	0.05846237452850445	-0.05791193266393553
-0.010153903507851923	-0.004527849694469893	-0.020987899824816192	0.018480658845248105	0.024536118329726603	-0.0011909786450768484	0.04822085964482821	0.06423330953944746	0.01580722643714106	-0.0016767977741869301	0.09569204808820755	0.06018946151055191	-0.055293400950967755
-0.010153903507851923	-0.004527849694469893	-0.020987899824816192	0.018480658845248105	0.024536118329726603	-0.0011909786450768484	0.04822085964482821	0.06423330953944746	0.01580722643714106	-0.0016767977741869301	0.09569204808820755	0.06018946151055191	-0.055293400950967755
0.0	0.0	0.0	0.0	0.0	0.0	0.0	0.0	0.0	0.0	0.0	0.0	0.0
0.0	0.0	0.0	0.0	0.0	0.0	0.0	0.0	0.0	0.0	0.0	0.0	0.0
0.0	0.0	0.0	0.0	0.0	0.0	0.0	0.0	0.0	0.0	0.0	0.0	0.0
-0.006282879805583165	-0.009179334603903815	0.021263204504235928	0.02132696493271666	-0.04427508364152986	0.002143994119603295	-0.012748107993314738	0.04514039028268585	0.012299825853219386	-0.06067672690767058	0.023026194903614766	0.0002315067275932615	-0.015623907229774222
-0.006282879805583165	-0.009179334603903815	0.021263204504235928	0.02132696493271666	-0.04427508364152986	0.002143994119603295	-0.012748107993314738	0.04514039028268585	0.012299825853219386	-0.06067672690767058	0.023026194903614766	0.0002315067275932615	-0.015623907229774222
0.0	0.0	0.0	0.0	0.0	0.0	0.0	0.0	0.0	0.0	0.0	0.0	0.0
0.0	0.0	0.0	0.0	0.0	0.0	0.0	0.0	0.0	0.0	0.0	0.0	0.0
0.0	0.0	0.0	0.0	0.0	0.0	0.0	0.0	0.0	0.0	0.0	0.0	0.0
0.0	0.0	0.0	0.0	0.0	0.0	0.0	0.0	0.0	0.0	0.0	0.0	0.0
0.0	0.0	0.0	0.0	0.0	0.0	0.0	0.0	0.0	0.0	0.0	0.0	0.0
0.0	0.0	0.0	0.0	0.0	0.0	0.0	0.0	0.0	0.0	0.0	0.0	0.0
0.0	0.0	0.0	0.0	0.0	0.0	0.0	0.0	0.0	0.0	0.0	0.0	0.0
0.0	0.0	0.0	0.0	0.0	0.0	0.0	0.0	0.0	0.0	0.0	0.0	0.0
0.0	0.0	0.0	0.0	0.0	0.0	0.0	0.0	0.0	0.0	0.0	0.0	0.0
-0.004017330943129676	0.02723678371008302	0.026185597759289945	0.011791428896759274	0.04184316097921207	-0.009396314852252277	-0.03948364889977356	-0.017745288784482	0.03838779834999509	0.0029106474135303195	-0.025828133377393675	-0.003234074409289022	-0.06745850296615952
-0.015861513594802135	0.013653182345702501	0.07332093914602891	0.01623888206829964	0.12776745517930965	-0.0014339866584135055	-0.006069227464813352	-0.015409077770826918	-0.009576060490114904	-0.12111657425545909	-0.09246810938924525	0.0415556195109207	-0.03498350165742533
-0.021687470364063283	0.023688646225002236	0.09925717213179784	-0.002030327677761388	0.13596714296956733	0.04336724666054369	-0.014077190851349022	0.01387689278829755	-0.0339302102975428	-0.03998550873587272	-0.057732171761391185	0.06215432339034262	0.0012959070335747855
-0.03375662612642101	0.04293206033743904	0.1292396758528819	-0.02710354401578414	0.128727778706247	0.05070285723544177	0.017796206365481754	0.01651841423398466	-0.03348520475782707	0.038724720894061405	-0.00362948739990227	-0.010796393057926068	0.04947015593353567
-0.07366917460254409	0.0375523265079806	0.0804312286516019	-0.09579787731996717	-0.08171613485232165	-0.109533444128356	-0.006131560306510244	0.1020476496495244	-0.06722936454114159	0.02372824130675783	0.09451772950389467	-0.1208172225415057	0.039844163690386035
-0.12473601143378131	-0.021958857377379796	0.06981560692402176	-0.12059304628204429	-0.19389531112319364	-0.14966333561580372	0.0037649045921297683	-0.08207279269405249	-0.07338185068512276	0.1198566819822752	0.009738917758588697	-0.06330539090080231	-0.062014096703186236
-0.13157335494892378	-0.0309222696178846	-0.027652539298542833	-0.023024075663269736	-0.1468086962247653	-0.10773900455004558	-0.06607072446829268	0.06822594091387414	0.0920823223431672	0.05228462651811829	-0.19785111910953895	-0.05421875826642046	0.01962604669120036
-0.11429952541108139	-0.09830499277426309	-0.1345003383439999	0.2007344352593166	-0.009840830141492585	0.09169039283298654	-0.1561026608295936	0.0969540289782804	-0.024004434980336952	0.003079118511795142	-0.14436479309722386	-0.0865057122646597	0.054934773776888345
-0.05305745351401265	-0.02979448566853612	-0.10426853408014398	0.13645559656657186	0.08138385613425833	0.056482909546159206	-0.0260487252911953	0.07670535982953176	0.05410187569540342	0.029631224659698304	0.19620602963142592	0.01703019368098136	-0.047865119171041685
-0.02562890028375657	-0.004863787044894499	-0.058052659491363054	0.06578780371708871	0.05475407181243256	0.030892204627283253	0.08503620042761051	0.09262133345760026	-0.010367611105082618	-0.014330053813407946	0.17261955053083536	0.03818351227999296	-0.08872796297602224
-0.007255881833668778	-0.009857438070041743	-0.013782760508522904	0.013871321591587996	0.025851006406386556	0.0019359849791786461	0.038242894028945054	0.03594817189006945	0.00526682959479406	0.004568688524850494	0.0906132885261662	0.024279726862835062	-0.07381846176076898
-0.004083441605237696	-0.012613990345266496	-0.0084731386006822	0.004676900154332055	0.026551363295082044	0.006587973695546433	0.027203238897989597	0.00980314841332887	0.004726737648258247	0.009834266978722904	0.0740552249873055	-0.002975289765991599	-0.08038204722823812
-0.004079438231353534	-0.01260162368880237	-0.008464831602549216	0.004672314958375614	0.02652533254830507	0.006581514898190676	0.027176569057522398	0.009793537484084739	0.004722103592016564	0.00982462554108314	0.07398262182988077	-0.00297237281541448	-0.08030324130428015
-0.002033714054850524	-0.006282261859704989	-0.004219955304075131	0.002329279685253151	0.013223620153987098	0.003281069253061702	0.013548279768060396	0.004882352348176166	0.0023541007116457463	0.004897850614081931	0.03688240617880321	-0.0014818109818415769	-0.04003341176620319
0.0	0.0	0.0	0.0	0.0	0.0	0.0	0.0	0.0	0.0	0.0	0.0	0.0
0.0	0.0	0.0	0.0	0.0	0.0	0.0	0.0	0.0	0.0	0.0	0.0	0.0
-0.0015337617434730314	-0.0022408374315063106	0.005190723143113426	0.005206288187961854	-0.010808328597676248	0.0005233867685892267	-0.0031120379422878482	0.011019565206308946	0.0030026043675520243	-0.014812258921051851	0.005621100185544614	5.651487424980614e-5	-0.0038140712434614472
-0.00695244702554788	-0.010019150760593702	0.025276764481602487	0.021769583316834748	-0.04502736716288433	0.004092609139936973	-0.009066292158411522	0.04652368225858915	0.014527306834470552	-0.057742805195122336	0.02227559770911606	-0.007395069286522997	-0.01165698791192032
-0.010391588054665928	-0.014332752315849963	0.0458918698502835	0.024043032493666693	-0.04889136923269286	0.014101405369146636	0.009844854507549084	0.05362877349921105	0.025968460173196855	-0.042673115047542474	0.018420257228025292	-0.04656794050805171	0.008718554047782077
-1.0144957878253273e-5	-1.272448722257399e-5	6.081151480858422e-5	6.706339153304303e-6	-1.1398235172037671e-5	2.9524470005055682e-5	5.5785088407624776e-5	2.095896933186829e-5	3.374971183713877e-5	4.4453359281033e-5	-1.1372684765131817e-5	-0.00011555418203206452	6.010483814930158e-5
0.0	0.0	0.0	0.0	0.0	0.0	0.0	0.0	0.0	0.0	0.0	0.0	0.0
0.0	0.0	0.0	0.0	0.0	0.0	0.0	0.0	0.0	0.0	0.0	0.0	0.0
0.0	0.0	0.0	0.0	0.0	0.0	0.0	0.0	0.0	0.0	0.0	0.0	0.0
0.0	0.0	0.0	0.0	0.0	0.0	0.0	0.0	0.0	0.0	0.0	0.0	0.0
0.0	0.0	0.0	0.0	0.0	0.0	0.0	0.0	0.0	0.0	0.0	0.0	0.0
0.0	0.0	0.0	0.0	0.0	0.0	0.0	0.0	0.0	0.0	0.0	0.0	0.0
0.0	0.0	0.0	0.0	0.0	0.0	0.0	0.0	0.0	0.0	0.0	0.0	0.0
-0.004017330943129676	0.02723678371008302	0.026185597759289945	0.011791428896759274	0.04184316097921207	-0.009396314852252277	-0.03948364889977356	-0.017745288784482	0.03838779834999509	0.0029106474135303195	-0.025828133377393675	-0.003234074409289022	-0.06745850296615952
-0.015861513594802135	0.013653182345702501	0.07332093914602891	0.01623888206829964	0.12776745517930965	-0.0014339866584135055	-0.006069227464813352	-0.015409077770826918	-0.009576060490114904	-0.12111657425545909	-0.09246810938924525	0.0415556195109207	-0.03498350165742533
-0.025173748569712006	0.022240755869249014	0.1175435084113117	-0.00013014209026574803	0.12846186665567086	0.04149535845006685	0.003811167555832691	0.026270504618867294	-0.013119643281015149	-0.003265163713955911	-0.061626229451906836	0.03105794910439403	0.01559756100515141
-0.048387276129259964	0.03477720508800166	0.13249661771013352	-0.052447229353753205	0.11693635186479256	0.020123974866856572	-0.0003706799471832719	0.12556686309501913	-0.057299923463749985	0.10558918494729556	-0.10665606845986539	-0.03911025909182722	0.006339043110504292
-0.0904701408505938	0.014518252720329762	0.07138894091711004	-0.1294963953958158	-0.08061461548543618	-0.10104255262989598	-0.05241880032590088	0.16503558658776055	-0.13238002022527626	0.07353109789079583	0.13762367688310112	-0.13591147600105033	0.04932209129398487
-0.1285188768451213	-0.0022437234731067543	0.009095759196834557	-0.11031516180999154	-0.1840840883968506	-0.12396829908796372	-0.03024213895943715	-0.01803119059424459	0.008027772381046336	0.00424939074385635	-0.021036800222551715	0.039266642278903724	-0.10382398700768451
-0.15205799460678956	-0.0331699904289897	-0.07725279690019478	0.06958038030050204	-0.14041560232685038	-0.0889338086848019	-0.12619549987728804	-0.015462491992715623	-0.024415866976328485	0.05018880293608053	-0.10994779707538312	0.16772629552634977	0.11435324953162834
-0.09925744913026832	-0.0823210416544622	-0.161456507313809	0.2256238772416053	0.0875926952754985	0.061845291592937945	-0.04381911594499891	-0.08991860895964833	0.06932813122840407	0.10716716122317338	-0.03448577261296623	-0.01030087395746887	0.026206792116642282
-0.03754374885275641	0.0026641633219566764	-0.07721773429817136	0.11802725756243121	0.06416629670988622	0.05669594236810365	0.0766561559114948	0.07438465209688713	0.024885415159214483	-0.017272489626262332	0.17850328622954043	0.01419103405550215	-0.1184705290471155
-0.00900416454003845	-0.024314077002359203	-0.013503782280172166	0.02288299734079186	0.0365651861355053	0.011201134712047808	0.03833770619228359	0.011463643841733833	-0.016295134521471216	0.007402167509128762	0.11832891338497212	-0.01241596963909166	-0.12218064096908265
-0.00422660231524479	-0.01389258080703923	-0.007537649269473751	0.006982975342079131	0.026856653158823848	0.0058178347260815	0.027754689164833677	0.008786454226894292	-0.0002625515759920184	0.010312935544377181	0.07981608954611834	-0.007240722552386071	-0.08633818818883374
0.0	0.0	0.0	0.0	0.0	0.0	0.0	0.0	0.0	0.0	0.0	0.0	0.0
-0.00464626227910462	-0.007166758185396494	0.014664612674041467	0.017275379338704534	-0.0330488592958127	0.0015434999315640332	-0.010174096853649475	0.030988604868577067	0.006322455789704109	-0.04217412848446813	0.01998643042408943	0.011207052453171083	-0.012111685741668583
-0.011327329335813166	-0.01757553316319848	0.055094629765989736	0.04882306699754953	-0.03405958610121493	0.024026083881673394	0.0005443452024810908	0.04007880255464389	-0.019409444187985462	-0.07856953869595629	0.005457142786986351	0.059768659740096375	0.009091038525796173
-0.020952481076936105	-0.03517607913768685	0.1018783632899135	0.07810841142497595	-0.052038180840272064	0.03894244325133515	0.03478040697194071	0.022150737342660973	-0.02874543986273305	-0.04418275709500914	-0.014198239007835001	0.019532319360987923	0.04235802481171234
-0.02436239810226176	-0.03894693200049518	0.11662060619442904	0.07617718691168637	-0.07515288763740358	0.04097674144647553	0.048565018635662975	-0.010678087883296728	-0.011217220293783262	-0.03501756346515601	-0.003650459367886794	0.04979856104345499	0.024527147017279805
-0.025076799957866082	-0.03973149788397856	0.12211417980282556	0.07298895222013049	-0.08157232613468056	0.041503185122737915	0.056217874821178106	-0.024543657603162877	-0.002697081787544688	-0.03573733766180584	-0.005322425799365489	0.03862540560954481	0.006283028600371698
-0.02491263880247117	-0.03930239016008078	0.12208849426903133	0.0716797931876362	-0.08026203070324896	0.04146817039520129	0.05692432336959902	-0.024526482703941747	-0.001631751853952191	-0.03550046253415041	-0.007403208307845547	0.03310143145007987	0.006970068026268638
-0.024974077745926082	-0.032071185702665816	0.12061973050791917	0.05063240136922263	-0.07834589328494378	0.053524198817880175	0.06598477210432654	-0.005555109571635589	0.023856659914891498	-0.023302069026475834	0.004225323605048376	-0.0012694292558684053	-0.012827684849730375
-0.015458272387784968	-0.020071056438873462	0.08946200466089896	0.03984526066551397	-0.029282804103411778	0.04534145469004894	0.038505796150593345	0.051737483353563624	0.01476776999241741	-0.05350502421658627	0.0007537271390243654	-0.03494232295136559	0.03623426980227332
-0.009175392582201807	-0.010891721834969637	0.068198800156663	0.01851829573279734	0.014992279538118037	0.04319746057044564	0.051253904143908076	0.00659709307087775	0.0024679441391980105	0.007171702691084273	-0.022272467764590395	-0.03517382967895886	0.05185817703204752
0.0	0.0	0.0	0.0	0.0	0.0	0.0	0.0	0.0	0.0	0.0	0.0	0.0
0.0	0.0	0.0	0.0	0.0	0.0	0.0	0.0	0.0	0.0	0.0	0.0	0.0
0.0	0.0	0.0	0.0	0.0	0.0	0.0	0.0	0.0	0.0	0.0	0.0	0.0
0.0	0.0	0.0	0.0	0.0	0.0	0.0	0.0	0.0	0.0	0.0	0.0	0.0
0.0	0.0	0.0	0.0	0.0	0.0	0.0	0.0	0.0	0.0	0.0	0.0	0.0
0.0	0.0	0.0	0.0	0.0	0.0	0.0	0.0	0.0	0.0	0.0	0.0	0.0
-0.0009925170572421891	0.006729087744912978	0.006469382980415111	0.0029131765530311846	0.010337722131611356	-0.0023214424945566317	-0.009754783852748198	-0.004384130173394678	0.00948404430496376	0.0007191011262059873	-0.006381068250707484	-0.0007990066193324814	-0.016666218391700707
-0.01869702947596904	0.01009668797359123	0.09031775845931371	0.01811330396357908	0.12458164827548128	0.006818103156747449	0.009522705593005672	-0.009551045524010465	-0.0001430155186664811	-0.10869185966075554	-0.0956467749539552	0.009258223876629265	-0.018184198481150955
-0.03558551878003517	-0.0052382770867646375	0.11329771262577279	-0.010268132363467668	0.11149548503623123	-0.07993922835607004	0.015772203182790538	0.038128258451568274	0.0340179110360211	-0.01707264102451276	-0.11061892639705258	-0.06736228993641406	0.003678391606138184
-0.059510862408389265	0.007118212543252957	0.13724270127716137	-0.047345591896709095	0.1160064691237261	-0.034275878603925225	-0.0048129858950242	0.21830449803799662	-0.036878909978192875	0.0952756000485091	-0.10700669597128562	-0.07144993202296969	0.09921634959168874
-0.10733704436934978	-0.03162419200513868	0.03673780796294761	-0.12103295144136109	-0.07343717125512364	-0.07637022461853962	-0.04602541993384202	0.23716386499900943	-0.059203677120035596	0.08759353146324415	0.11572892230229742	-0.03710187198100097	-0.017013932506575163
-0.14758239875124604	-0.043645195623937406	-0.03160441822251887	-0.04761869293581092	-0.18491447958692642	-0.10073293518598994	-0.17258595309621713	-0.02864775800698123	-0.00863021845092738	-0.03184088566439404	-0.0070462694657060145	0.19750787171539172	-0.05903305099180968
-0.14906417384886725	-0.058755430240353144	-0.10466597591447335	0.16187979089530827	-0.0895293131795619	-0.051870973110351964	-0.11506802534622093	-0.13873119194302166	-0.019012474151164444	0.03378838926154544	0.03275453345547779	0.18086838932202365	0.22596895948478252
-0.09187651310703508	-0.04534675331165547	-0.152868755295179	0.17859378256081326	0.062347340802709705	0.07844690934976647	0.04304801591143418	-0.07174917365641968	0.05933974518197184	0.0640540197108205	-0.00801287655077759	0.033357342092290555	-0.13668879453485927
-0.03758117385599163	-0.03635754782601794	-0.07540355179719074	0.09000722051931173	0.06475131059035139	0.060859934615965255	0.061807766403554745	-0.013968994964970291	-0.0576515146855622	0.03477257899322179	0.14822320669222994	-0.016711353504478752	-0.13333981704228914
-0.019344421724373284	-0.057403481675340415	0.0077372367149906324	0.07146170433270223	-0.014965592543371339	-0.007422159685064655	-0.022639746189463072	0.008882629504316116	-0.12270600019980278	0.011548996878637455	0.10622392842886881	0.05034793726488107	-0.171172268936282
-0.022763567910708576	-0.04930970343669369	0.0706628610496385	0.10788233930677449	-0.07792098401565227	0.002323315735567044	-0.008451497929905183	-0.03997592503523275	-0.14189573095901395	-0.02466433955735071	-0.03938275414655332	0.11394742150588733	-0.04076596677185096
-0.028513160327300946	-0.06298714468338358	0.11974739570104406	0.157357099945426	-0.07752177566255969	0.031539726407923845	0.039359435953964725	-0.0565172796742425	-0.1639981278796664	0.0028482519042637264	-0.039314202152438096	0.03589121170358578	-0.016512180194701645
-0.031127692811370428	-0.07276594887147877	0.13177015634066608	0.17238428102633638	-0.09196711398110433	0.031521376821951955	0.049023097923357246	-0.08666676380113138	-0.17609067883020932	0.007511916065730924	-0.0008082756706762192	0.018058536587178986	-0.06953866763335753
-0.030557366558956037	-0.07029589736990192	0.13382161535669185	0.16090614013193588	-0.0924639288416239	0.036828944044970245	0.058175947652936634	-0.09208003251458265	-0.15348768232988136	0.012051881153831386	0.023591329547529065	-0.005083433803671357	-0.09670979305882801
-0.029313000441480847	-0.06076061872236536	0.12867907047695382	0.13919991082577632	-0.09467950642876921	0.039268239983311096	0.05610867305889771	-0.08305181134257274	-0.12072767148689534	0.00569787863410243	-0.011142997394697606	0.02549290717877979	-0.057205897191906954
-0.027416283506091037	-0.055159109125442626	0.12467032746498562	0.12065505464681323	-0.08037473575026331	0.03850404926617178	0.051859074890475546	-0.04950262018516301	-0.10412890882814392	0.004584809696338288	-0.002523529147672454	0.01038106555281558	-0.02624810879288149
-0.023471152987304168	-0.03703164454599511	0.11512197602144388	0.07510668702236228	-0.06675792503531167	0.04499637404940842	0.04866592998060198	-0.013547311860257299	-0.045034603053654046	-0.011930225893005379	0.0012345287695085388	0.036675139030972984	0.02290821134375449
-0.03555440177404554	-0.01916254222448664	0.13207580502485938	0.0278471270219112	-0.04717647923225164	0.09788761798591566	0.03437131720820786	0.08386117262507455	-0.10867775982106058	0.08623003255260084	-0.02116849675202245	0.030567719802828373	0.05005845789568443
-0.03280689626124635	-0.010768822633455214	0.11816970126960534	0.007576541674554814	-0.01657277098800906	0.1042412813179747	0.0446841408383605	0.06443423974213776	-0.11969774012074204	0.14513211709301801	-0.04651980397958832	0.023963340635695517	0.06690700180098194
-0.02983093649415148	-0.01262625962253802	0.09833513899215066	0.01721295287204242	-0.0375106644385426	0.07075789853975341	0.0011924411795107787	0.11175836837993693	-0.09182544218688528	0.027357360620728615	-0.010557683191430012	0.028957564773914285	0.021780899648832286
-0.014187566418185997	-0.00932911341485506	0.05405834540483307	0.013154247414326112	-0.005659335859064517	0.03463737456581512	0.014676378740774487	0.09266518031644776	-0.03690732148040443	-0.004419958612731959	-0.038835038991128584	-0.03739746254643933	0.03766498611964631
-0.00530870580601831	-0.010691601607921743	0.03862550607970069	0.013341591663448825	0.01963395958521144	0.00937280401616152	0.011782255505899468	0.023158216181093167	-0.02750688354215005	0.0014256428447922244	-0.007410134789928251	-0.03693712583153764	0.04722176545841057
0.0	0.0	0.0	0.0	0.0	0.0	0.0	0.0	0.0	0.0	0.0	0.0	0.0
0.0	0.0	0.0	0.0	0.0	0.0	0.0	0.0	0.0	0.0	0.0	0.0	0.0
0.0	0.0	0.0	0.0	0.0	0.0	0.0	0.0	0.0	0.0	0.0	0.0	0.0
0.0	0.0	0.0	0.0	0.0	0.0	0.0	0.0	0.0	0.0	0.0	0.0	0.0
0.0	0.0	0.0	0.0	0.0	0.0	0.0	0.0	0.0	0.0	0.0	0.0	0.0
0.0	0.0	0.0	0.0	0.0	0.0	0.0	0.0	0.0	0.0	0.0	0.0	0.0
-0.013595696272516175	0.016103542490569393	0.060376002251214464	0.0035917508744999272	0.0856510896094676	-0.0071255056726723595	-0.007256488337101836	-0.003259995980924052	0.05768049764125922	-0.046654454014039275	-0.0520335156662152	-0.019337531247421092	-0.006408675228316562
-0.023912111342560344	-0.003867781488296554	0.11488825571834663	0.012399447784959145	0.10966995846706237	0.0035442231351029106	0.00338195755578563	0.03110447815347032	0.020406944144989447	-0.04304387313267582	-0.07249192289010307	-0.07795349187597717	0.050278074286952947
-0.0865787869668545	-0.004179170273486205	0.1280470401112266	-0.02715420268001952	0.10063266563331531	-0.1105336393590703	-0.020533020096816776	0.2336052489513931	-0.08165720743470711	0.024117704196063044	-0.11758595723593078	-0.015131329682157801	0.14996027102927306
-0.11682414638450067	-0.04019344162567586	0.012101919639232926	-0.09032594031750837	-0.024646911445273624	-0.10918082462307409	-0.07578566238737384	0.16963052527308012	-0.09594432200444625	-0.1079165264134745	0.005397665919739955	0.23194019747122707	0.03692689956507114
-0.16245873526440288	-0.047064690676888725	-0.03271725844904143	-0.033450207157042125	-0.10999340072831526	-0.13434088691966728	-0.10101738319136436	-0.0824097521267004	-0.04907182978292053	-0.15082721780963307	-0.11489638357533852	0.20553938956370862	-0.04353768943019157
-0.1676282747018242	-0.08774455728582545	-0.1109658578778191	0.17057361345651958	0.05500989482710508	-0.15003690666091377	-0.034046169646989435	-0.11640659806646943	-0.14100001574487614	0.029546956590282	-0.064064618032219	0.03367363228106349	0.06003849567140162
-0.131575696608585	-0.1347635210770339	-0.07944605194068942	0.22671605239616321	0.10185156181266211	-0.15514717322356458	-0.04923658275873952	-0.012340198223124378	-0.0899724437170237	0.01716659906801678	-0.11923214762128692	-0.16372543863564187	-0.040836555219050746
-0.11872768703279007	-0.17818058991639668	0.021081772900752895	0.2053251207731874	0.128954757332476	-0.1366760144376553	0.026045013276856054	0.00509898526489102	-0.17919562260377528	0.010875448041464586	0.004327870107838083	-0.23100747796586046	0.04656586431363713
-0.0953641223916664	-0.19694366171297276	0.09337340191783206	0.0827550313154931	0.08707984187040252	-0.14330397447369575	-0.047665018078069846	0.03550775131165783	-0.07848418951600675	0.014789304983238874	0.0479674741967038	-0.14927564458984577	-0.011603238241054834
-0.09887493352848982	-0.20693584691148018	0.10581612081558536	0.03655481337962764	0.046220748289445314	-0.061052404356651435	-0.0427097299633524	-0.03492436904353252	0.035104516748067256	0.007921062591370171	0.13207498153098784	-0.10869041788926284	-0.027609577944347864
-0.10093221199908015	-0.20441027673441595	0.09248638318086055	-0.0010954348368162098	0.050149330022309514	-0.004616625409623924	-0.042358154031181074	-0.05349541609313517	0.1180301307320187	-0.009906682660842056	0.18604918746278332	-0.06100133761227852	0.02126356070090965
-0.10575717752699944	-0.20245144543012925	0.06936592838820332	-0.01847259917297983	0.06663332111071989	0.023493224715388478	-0.05232819418633561	-0.043062110716541376	0.16518435992441827	-0.0014599690735115156	0.14930286731416623	-0.03614168128407189	0.07004107249616666
-0.10409154297533955	-0.19859424634048833	0.060024140337014364	-0.02471365408192672	0.075031610596529	0.027428571888317987	-0.060407588055853646	-0.03933015356594592	0.17208715814308062	-0.0003852400338785948	0.14664248550225134	-0.01720567334972106	0.0888812854723737
-0.10463116574329576	-0.17250052995561208	0.04176186750576124	-0.0764903048779605	0.14292464879468408	0.10293500232549282	-0.08114905104866936	-0.06582317953521094	0.1108377053387565	0.1646601055572161	0.1165833806728535	0.05520047020535535	0.13742372138784084
-0.10270656803442393	-0.15413896093283216	-0.025120094305355792	-0.10512226060080447	0.1265231276828689	0.09393406296357423	-0.1295434530557335	-0.012237356618201243	0.10368649729639173	0.1671907044769315	0.08484563977167188	0.0477749360066412	0.09933380811150039
-0.1028586857110073	-0.13537854369330787	-0.056947775210825946	-0.1228355919375198	0.12563567631558195	0.10986593995026461	-0.1462791979951289	0.031535542695713466	0.0783953674092735	0.15046711380094194	0.028335133570080745	0.05772462355394192	0.05487963998716344
-0.0904795823477816	-0.11794661969536417	-0.06191072354349329	-0.09635280600837365	0.06264803333734344	0.11445538821184945	-0.15465272906547112	0.02765755008944492	-0.02466284139316409	0.14432619546629058	0.0011224102390848547	0.1261178847010474	-0.14805939052196115
-0.07457993049485852	-0.07516923383296281	-0.04986493315524378	-0.12232660288779422	-0.009463293065263043	0.10768395181302488	-0.17696084297009246	0.050528937617690006	-0.03499126982588764	0.1385359783805032	-0.08313144207198317	0.13065540571015877	-0.09583703433784753
-0.0642214932944862	-0.04026990479330927	-0.01132720566831715	-0.09287061033075553	-0.061380799085716885	0.12119582173969186	-0.11917820055590674	0.12715883268724504	-0.06430139999835562	0.03506213551229009	-0.07396977925957451	0.07525009508107103	-0.14053221656775255
-0.0351455513904344	-0.01715494974135424	0.03475037482164086	-0.07238017151550326	-0.05041085462563716	0.05162158976657225	-0.06816378060739778	0.11098896363648841	-0.04729883052684707	0.003452492485390344	0.031217705437488214	0.035717148908511145	-0.06810196939277091
-0.005930346037700651	-0.002850349717213864	0.003258218683966048	-0.02488635653314953	-0.007905696904203906	0.006443426983561564	-0.0013671703917695424	-0.015668402340732118	0.012539152600339078	0.0029650774619006826	0.031288001678067494	0.02279466043305058	-0.017060633107471624
0.0	0.0	0.0	0.0	0.0	0.0	0.0	0.0	0.0	0.0	0.0	0.0	0.0
0.0	0.0	0.0	0.0	0.0	0.0	0.0	0.0	0.0	0.0	0.0	0.0	0.0
0.0	0.0	0.0	0.0	0.0	0.0	0.0	0.0	0.0	0.0	0.0	0.0	0.0
0.0	0.0	0.0	0.0	0.0	0.0	0.0	0.0	0.0	0.0	0.0	0.0	0.0
0.0	0.0	0.0	0.0	0.0	0.0	0.0	0.0	0.0	0.0	0.0	0.0	0.0
0.0	0.0	0.0	0.0	0.0	0.0	0.0	0.0	0.0	0.0	0.0	0.0	0.0
-0.004017330943129676	0.02723678371008302	0.026185597759289945	0.011791428896759274	0.04184316097921207	-0.009396314852252277	-0.03948364889977356	-0.017745288784482	0.03838779834999509	0.0029106474135303195	-0.025828133377393675	-0.003234074409289022	-0.06745850296615952
-0.014262182945736016	0.012742890592798043	0.09896900393849353	0.031000503544423193	0.05841185813193066	0.02734190863610874	0.008629405600696288	0.002051658154055603	0.03294224345367825	0.01693419386537589	-0.04528130692213436	-0.06628681785132498	-0.000388170561129513
-0.03597764922893397	0.023921616323446464	0.12072279732246369	0.002657157259688238	0.0666432650777016	0.023016574659040966	-0.0030578318674793006	0.08172394867097958	0.0018048228105234654	-0.06613881347005593	-0.06126672350100988	-0.12705551873770377	0.06350038586820114
-0.08730146042014952	0.004133842086152324	0.06840756810654601	-0.0786426939348871	-0.04305934965456576	0.001033128975697073	-0.03816638648428395	0.19002150081332128	0.04897806217163119	-0.05333126406676481	0.05357279654134598	-0.004144367941794257	0.0808907317295142
-0.1481820071786801	0.01567365656561479	0.017183073470755057	-0.08003013863377113	-0.11274003446889823	0.08899387955781424	-0.020081453901190083	-0.046195604140319806	0.04299619810718383	-0.10410385396579017	-0.01382271072802483	0.07765727456121826	0.045120922769215976
-0.13900452288664358	0.032382638907429935	0.00020549929467287772	0.05574712798218509	-0.04978096909308502	0.08924191863195041	0.14500279530838417	-0.02026290381355058	0.13885408637132893	-0.056105628821618375	-0.018572579734457497	0.1574823108329863	0.16099906096539
-0.13659815833824288	-0.01953708605841507	-0.009255551155242833	0.06390873678056797	-0.009383983928031059	0.12162889521935517	0.20661273041525155	-0.005634802264306635	0.1556071525060453	-0.08479163596703164	-0.02618101817375015	0.1314072767009729	-0.031114003279323007
-0.1306304191426973	-0.04971700387524226	0.024234959984071155	0.03185800065404567	-0.004502273511756247	0.02008477814119359	0.27518546189412824	0.06173429347181229	0.17985602085819924	-0.011980905172536192	-0.0209091386942347	0.0975325975764256	-0.07219551577753466
-0.13499460300609087	-0.050032421291587574	0.047024013703185444	-0.024993945260309455	-0.020768966709073165	-0.021858778478832372	0.26174392024122783	0.04473668983480628	0.1616053432640862	-0.015763352106485672	-0.003099662494402039	0.10142445843278239	-0.06100414932095023
-0.14064504168930522	-0.03679286248755772	0.019709385636419517	-0.022597222899731928	-0.006958186210525129	0.0034744092662945814	0.2373396648801076	0.0666186699925485	0.13743036275075624	-0.01608445426792882	-0.047372666714298496	0.08260479884030784	-0.020079390047980383
-0.1453303089087425	0.0027157673290833955	-0.0053722215556791415	-0.04033009814202873	0.058928181340570054	0.046908376257986745	0.25346971050895123	0.03913913308521669	0.06121567970626311	0.09197274892421288	-0.02627322343873302	0.04313405415211194	0.03765118168128637
-0.15126655743710118	0.01362647717482251	-0.0793497469472502	-0.08758414008233412	0.06896368314538362	0.01955700813237495	0.16635145783474717	0.0709147551775256	-0.012271784465804028	0.0892824831399162	-0.01100896513927516	-0.06287360803816716	-0.033467044281993076
-0.15627933752745257	0.01686865442624468	-0.10889224275614046	-0.12293708250364112	0.07832091453765318	-0.015766731435212653	0.11113618595158384	0.05912813245554131	-0.09084916501335641	0.03940388882828632	-0.02157841328229817	-0.022054801744125514	-0.08864950751641418
-0.1598792999713605	0.020909311955871274	-0.12203207264230938	-0.11921471266973317	0.07731524930543333	-0.039575084169798415	0.10322309606467804	0.014182755032600008	-0.1413574861252033	-0.05467875570958102	-0.03525625951796563	-0.007615860904433941	-0.14971811667055757
-0.15508195910493858	0.014214445677212587	-0.12987645890692132	-0.1193527099037798	0.08142351058306856	0.01152402848833805	0.09043360099627755	-0.02612563436470857	-0.15730785318875856	-0.11504248194872128	-0.019994368762566998	-0.02288887421054256	-0.13217241472157906
-0.15049491285190472	0.00867697316129818	-0.12359727293769315	-0.12346650840418286	0.07942002045918584	0.028945466320048033	0.06306150112462072	-0.04271171104348678	-0.16395135523161822	-0.15114536482506713	-0.020976637452719007	-0.06325025828276062	-0.10859013713133266
-0.14995589382989077	0.006125832214260378	-0.1245962760935017	-0.11745482399747009	0.0787110936177448	0.03903989948081073	0.0501760766207515	-0.048405554043565835	-0.15703131830357947	-0.18182819128269417	-0.029419834941486363	-0.08468762324088863	-0.08477283612299767
-0.14073768862029748	-0.007766208495769219	-0.12531768028018933	-0.1027828292509698	0.06710040347052541	0.05785156436591008	0.04156013630579354	-0.07531886702432135	-0.09207908569791556	-0.1958830906712944	-0.014258034085899356	-0.14899639274163406	-0.0827859373653987
-0.10307326590973058	-0.019058527223083446	-0.08011419518417928	-0.12026897026306348	0.017894883777699076	0.018293041066725066	-0.029145077496556645	-0.16396327275942077	0.013773761884342196	-0.1936720776918765	-0.04046572200974927	-0.06248682383597224	0.07372528486878135
-0.09352758791515538	-0.04066201403563917	-0.036205973196353006	-0.0900189045150417	-0.018609992011902287	-0.0026690378449422125	-0.0633375695657812	-0.08769967154542714	0.06534064342590089	-0.2256485221936524	-0.03346204673304315	0.014523213381704904	0.1546539040598911
-0.06143420157813037	-0.042174833172615014	0.03361710276297791	-0.1019828518158654	-0.015385812028797553	-0.09340873505099516	-0.0666427892279493	-0.007855384213302466	0.03848285571757429	-0.17091434739249325	0.13380631200805218	-0.03677047839953937	0.11831401431503437
-0.01698121866720581	0.022865146300190698	0.006895281054078051	-0.0487793674739102	-0.028002153433480777	-0.00656208383375681	-0.01642335522952149	-0.03815771691379595	-0.016511791443883747	-0.029148605975897794	0.10626236186216222	-0.035997110719397075	0.004402057302317524
0.0	0.0	0.0	0.0	0.0	0.0	0.0	0.0	0.0	0.0	0.0	0.0	0.0
0.0	0.0	0.0	0.0	0.0	0.0	0.0	0.0	0.0	0.0	0.0	0.0	0.0
0.0	0.0	0.0	0.0	0.0	0.0	0.0	0.0	0.0	0.0	0.0	0.0	0.0
0.0	0.0	0.0	0.0	0.0	0.0	0.0	0.0	0.0	0.0	0.0	0.0	0.0
0.0	0.0	0.0	0.0	0.0	0.0	0.0	0.0	0.0	0.0	0.0	0.0	0.0
0.0	0.0	0.0	0.0	0.0	0.0	0.0	0.0	0.0	0.0	0.0	0.0	0.0
-0.004017330943129676	0.02723678371008302	0.026185597759289945	0.011791428896759274	0.04184316097921207	-0.009396314852252277	-0.03948364889977356	-0.017745288784482	0.03838779834999509	0.0029106474135303195	-0.025828133377393675	-0.003234074409289022	-0.06745850296615952
-0.011410225018032596	0.031332413619816465	0.06366693141541742	0.02133258003233992	0.05514105860182954	0.013505640599930726	-0.02646430806394917	-0.027907987560780643	0.013351389494182792	-0.02763085780785054	-0.02326037067487495	-0.006431580193267403	-0.034553170283966476
-0.04022874019161554	0.043570470871683836	0.11789850210508958	0.04086832737911772	-0.02297297455830553	0.032163423319752416	-0.06717182314707357	0.013409152177967336	0.09385950018499864	-0.08749768984341423	0.07548354228769456	-0.07116440771192169	-0.04545620121340749
-0.07617155875193488	0.05524706931376303	0.1619516947239776	-0.028587296131391444	-0.08640532369122154	0.10213319212528481	-0.054710617762246	-0.006606903278170329	0.02960176818459018	-0.002868753705475473	0.09477739919913195	-0.032927812335697006	-0.14750461868459502
-0.1135215135228273	0.09632935866756705	0.11927081544181768	-0.04515314687514225	-0.11877547139229502	0.17481822736183786	-0.0633618608388012	-0.14941689917296797	0.03052624318738653	0.013176208943456075	-0.02930934534096321	-0.028017169573432997	0.007035252789254259
-0.12484221192778978	0.114855083932461	0.09106877265448654	-0.018119154334719566	-0.10629545666436874	0.20945117898873053	-0.03018387257235194	-0.13130328040759795	-0.00956419867254625	0.028066213601533288	0.012270241790244888	-0.08775057963185251	-0.035645500951324086
-0.12043585954644163	0.1189580710515864	0.056533711133825465	-0.008222532269043124	-0.03665584944538175	0.23108782336109648	-0.013218902948278075	-0.10325462703225301	-0.01201509775927763	0.05743213504091422	-0.002689509620884381	-0.14096469152868774	0.02426992677020567
-0.11367259127486777	0.1439984787381329	0.0016089474965824534	-0.014094133400086691	0.0155694774538657	0.20710781573482964	-0.013558303862761793	-0.052917382674154	-0.007485682571999854	0.07496363172991019	-0.015949254472750918	-0.07843582955416384	0.055099260634389705
-0.10840383194166087	0.16349908480215777	-0.05863517712169079	-0.004971742879259207	0.00016701273720577846	0.15223450152505336	-0.028215585930093004	-0.018309914368064787	0.0033966545326274133	0.087693143793183	0.0033964374164280327	-0.031472824709932956	0.05211288501633424
-0.09562818503181121	0.17379663488263797	-0.06647497119870444	0.050801256830472805	0.010888957730117376	0.10829614398342777	-0.022655825136841373	-0.02611694434857101	-0.01626026407015224	0.03495893318176383	0.0014730792457862813	-0.002460974424698323	0.10007448686374176
-0.09548324923531872	0.1795855698564174	-0.06762487461545556	0.06399439084300819	0.012755173051473322	0.07646557138286317	-0.009814900925536389	-0.006155044883761382	-0.028120359508954255	0.04269010118355933	-0.021313414439889076	0.0029841318804295913	0.10911983643694438
-0.09289752077937533	0.1899358063606329	-0.043307321014362035	0.06290199682750593	0.005594439329046408	-0.028941359875025087	0.002485395720006231	0.0543343956250766	-0.05374390615643312	0.11198321655676544	-0.013851028742730934	0.038430576302910725	0.05928642370880917
-0.08912550997224697	0.190487451994374	-0.036162984272698956	0.06463782841858413	0.008215925663626184	-0.04335784555225344	0.0021987418406843678	0.05620524510780245	-0.06094421540393571	0.11290502175738681	0.008112252498220193	0.028489594227393736	0.05889663821289027
-0.08554621216859844	0.1845686892665493	-0.02807012972926328	0.05842952828401424	0.009295740885743845	-0.057154299611294236	-0.004014054947041597	0.059850569369275484	-0.054571904837161185	0.12159513788711976	0.017947376339245626	0.044882445787246164	0.050704376932909925
-0.07745457528073871	0.1712358647195356	-0.031260021813333524	0.07709212669996082	-0.010619250998800303	-0.09870308444846705	0.02437533941251713	0.03929686070369676	0.01070550143917709	0.08339797602741146	0.025589080380833566	0.0012567773675069144	0.04998223425619487
-0.07016961292892678	0.16543544769049082	-0.029177152054533757	0.09398651236746196	0.009796684664512728	-0.12554343395602008	0.03884166832122593	-0.008362172528262811	0.02336705907973739	0.0642342834711916	0.08882843896045765	-0.0016025220755486354	0.0588334742537738
-0.07129741931610424	0.1635049252284295	-0.031263143556525506	0.09623385986239044	0.015467113230492224	-0.13670112441118748	0.045290686229965245	-0.018933750408651216	0.024938418099480254	0.05597453176873943	0.09992648342623195	-0.011374300417053562	0.06590088797330597
-0.07695468803934227	0.1575463606948181	-0.036358066654151734	0.09199471058810178	0.024392785738870337	-0.1454241550295805	0.05761920868253585	-0.03014131696159137	0.036711617160615155	0.04356267238235593	0.104286624977167	-0.03889254291995254	0.08413420481773767
-0.08379352225401222	0.14039339625027916	-0.04176942518551957	0.08263201141236856	0.08141103782801098	-0.10853362811894741	0.06876342171813343	-0.060072516154641646	0.034695930616642084	-0.09327364565938537	0.09843487089643627	-0.03395418042837946	0.16603396549102287
-0.07988014433279529	0.08374417787768214	0.029388895430211767	0.014921415367338806	0.007449663301466477	-0.16003125431374743	-0.02265053113254241	-0.0031042121042844516	0.10225218317074848	-0.18778411898644812	0.07671413235547524	0.03291676767293353	0.09279169625943255
-0.054231438729299586	0.07102819224794817	0.04807638337014761	0.025532966816760386	0.020655693232704678	-0.12712853239922473	-0.04582713581609273	0.08538811014069503	0.052135681543658614	-0.21162192290694903	0.09878300203703107	0.019380901090792345	0.002831963905043824
-0.023014635543330535	0.05479437031465402	0.03398937301418132	0.023783036289369626	0.07400399331870632	-0.03354809019993813	-0.0955650865518379	-0.00965455842471384	0.056115923674548235	-0.12378474816244552	-0.013479458300285754	-0.03473559828992691	-0.03715225086157532
-0.011990465630515545	0.02776399958833653	0.0369687978046798	-0.0024914966329871056	0.0812176529554373	-0.021685768742788984	-0.036434448038817124	-0.016193650372655785	0.03671381049772889	-0.07069685979634878	-0.031883694598527385	0.001993149957494741	-0.02257435415033907
-0.004017330943129676	0.02723678371008302	0.026185597759289945	0.011791428896759274	0.04184316097921207	-0.009396314852252277	-0.03948364889977356	-0.017745288784482	0.03838779834999509	0.0029106474135303195	-0.025828133377393675	-0.003234074409289022	-0.06745850296615952
0.0	0.0	0.0	0.0	0.0	0.0	0.0	0.0	0.0	0.0	0.0	0.0	0.0
0.0	0.0	0.0	0.0	0.0	0.0	0.0	0.0	0.0	0.0	0.0	0.0	0.0
0.0	0.0	0.0	0.0	0.0	0.0	0.0	0.0	0.0	0.0	0.0	0.0	0.0
0.0	0.0	0.0	0.0	0.0	0.0	0.0	0.0	0.0	0.0	0.0	0.0	0.0
-0.004017330943129676	0.02723678371008302	0.026185597759289945	0.011791428896759274	0.04184316097921207	-0.009396314852252277	-0.03948364889977356	-0.017745288784482	0.03838779834999509	0.0029106474135303195	-0.025828133377393675	-0.003234074409289022	-0.06745850296615952
-0.008018794699032125	0.02283455074542981	0.06337052351500402	0.026889491457509632	0.06264854080155716	0.01874366511811918	-0.01668014153952989	-0.02183727070997561	0.02364338842631607	-0.012588864480021908	-0.04230053156605576	0.020524732260763887	-0.046253795217344976
-0.03694980233080848	0.04129268993645063	0.10385522429879773	-0.0017556436132733205	-0.024999665145411562	0.010993147598208625	-0.03299734596679675	-0.04455682197721619	0.008857042217385844	-0.09141585069332628	0.12026625491484529	-0.012834306271603278	-0.0587542748191156
-0.048400909860750484	0.04425278707467136	0.12398985759018377	-0.025845265822698534	-0.02082854125851015	0.04932490048140187	-0.050671547631500606	-0.04222561072485877	-0.04320833639430183	-0.034172774106099944	0.13868554320786924	0.039495843483800405	-0.07185700576493925
-0.0488636364158738	0.08011759472224303	0.09055976545384169	-0.024408215053109656	0.020720364345295176	0.05026713768914353	-0.07031349823378638	-0.11952605243482393	-0.08377154266544304	0.006665644444013096	0.10767251622315059	0.05662007359661586	-0.00921597841277212
-0.041525087734957854	0.12308327107815889	0.013636418668080644	0.021523209457684024	0.0391414592007893	0.02468203686703599	-0.12617061403498173	-0.03829815012482452	-0.07012527488381962	-0.020440200510362043	0.1496429832954551	-0.03140259640297107	-0.016821845634356063
-0.041530345192562976	0.12310110073015866	0.013633084192138791	0.021556427666740697	0.03913232440048933	0.024682944585150114	-0.12621694928883814	-0.03828459898165648	-0.07007449053546584	-0.020448972790746592	0.14965279707129106	-0.03140397717943419	-0.016839600815494998
-0.041530345192562976	0.12310110073015866	0.013633084192138791	0.021556427666740697	0.03913232440048933	0.024682944585150114	-0.12621694928883814	-0.03828459898165648	-0.07007449053546584	-0.020448972790746592	0.14965279707129106	-0.03140397717943419	-0.016839600815494998
-0.03124403054677461	0.09577613746087012	0.011270058172815504	0.03979588895488954	0.052062103713490356	0.03279169424154135	-0.12805520034436751	-0.019246265234647064	-0.03711996017810118	-0.0027278984748847577	0.0704184448284904	0.01194154706975303	-0.028557424575259095
-0.02186875528394072	0.07826811355925065	0.028681472651277313	0.02461880647498274	0.05367428306939706	0.015016170587457538	-0.12261497335616793	-0.022279991874830665	-0.01130296516186654	0.011392985792643329	0.04482017761314128	0.05470738628839053	-0.03662488202364024
-0.014830331521100991	0.06240092099702569	0.020577125937022003	0.042658390903561945	0.031311060844581844	-0.014561814026082514	-0.09882369204430459	-0.04631983092379817	0.05772118150984526	-0.021400648978936357	0.015281312774557588	0.02578706649488524	-0.04241163293284214
-0.012099791247821599	0.05389533042508578	0.021682943041966968	0.04416915401224827	0.03191955326869854	-0.011510156240681541	-0.09277281009178993	-0.025079911027996622	0.07398633918636821	-0.013703801722980496	-0.00029887392713562203	0.01054246713094725	-0.06403252180469209
-0.00937993801998583	0.04542302983383456	0.022784432095878007	0.045674004154129	0.032525664117911406	-0.008470442320657726	-0.08674561065040073	-0.00392312192919032	0.09018783675835514	-0.006037079112026932	-0.01581808142814447	-0.00464246648560494	-0.0855687888073222
-0.00937993801998583	0.04542302983383456	0.022784432095878007	0.045674004154129	0.032525664117911406	-0.008470442320657726	-0.08674561065040073	-0.00392312192919032	0.09018783675835514	-0.006037079112026932	-0.01581808142814447	-0.00464246648560494	-0.0855687888073222
-0.013297331753057633	0.04939759313131453	0.027457814702180644	0.04600076533359989	0.03200329807527117	-0.04778230549121488	-0.07852804660605725	0.016790836765028693	0.09556094890576886	0.037789488160156134	-0.04023420107025206	-0.009123912748094364	-0.11263882455061876
-0.014457119232680815	0.05057430628896094	0.028841420998509802	0.046097506572954486	0.03184864586583923	-0.05942101474858643	-0.07609514643287044	0.022923431950488626	0.09715171782505623	0.05076482519815248	-0.04746286170317065	-0.01045069417983055	-0.12065320622049722
-0.01706315909293463	0.05508175738349668	0.025285527697855692	0.05029047823641593	0.031345604760875764	-0.06945043693628121	-0.0622198497803806	0.013298356492989981	0.10501368134070427	0.07089318399548412	-0.06391546347226999	0.00702163929926633	-0.12273784361889077
-0.01706315909293463	0.05508175738349668	0.025285527697855692	0.05029047823641593	0.031345604760875764	-0.06945043693628121	-0.0622198497803806	0.013298356492989981	0.10501368134070427	0.07089318399548412	-0.06391546347226999	0.00702163929926633	-0.12273784361889077
-0.022670293157688006	0.06278313881077083	0.021297069173449333	0.0531507098920402	0.028870255635441076	-0.10038776805075256	-0.036976818123206225	0.01036606308851728	0.10887529232220557	0.09369234766888115	-0.08091276033540103	0.04208632924549375	-0.12139013350407256
-0.026937170503164666	0.04803204251662416	0.04913491158559943	0.06480106639683068	-0.016470106455308244	-0.10025581849714293	-0.0652729272934601	0.08151299415033468	0.10146353561609539	-0.003968492369115266	-0.025945725325376028	0.026161316679771188	-0.1293112240482288
-0.026937170503164666	0.04803204251662416	0.04913491158559943	0.06480106639683068	-0.016470106455308244	-0.10025581849714293	-0.0652729272934601	0.08151299415033468	0.10146353561609539	-0.003968492369115266	-0.025945725325376028	0.026161316679771188	-0.1293112240482288
-0.015133653997978194	0.03908692058733411	0.034048894118538085	0.03494603611817764	0.0806307276678909	-0.017330359006105633	-0.07554942968923538	0.0026606389584143976	0.09675689391756577	-0.07236109800202817	-0.03773596130122798	0.02281800593684545	-0.047178486422082756
-0.004017330943129676	0.02723678371008302	0.026185597759289945	0.011791428896759274	0.04184316097921207	-0.009396314852252277	-0.03948364889977356	-0.017745288784482	0.03838779834999509	0.0029106474135303195	-0.025828133377393675	-0.003234074409289022	-0.06745850296615952
-0.004017330943129676	0.02723678371008302	0.026185597759289945	0.011791428896759274	0.04184316097921207	-0.009396314852252277	-0.03948364889977356	-0.017745288784482	0.03838779834999509	0.0029106474135303195	-0.025828133377393675	-0.003234074409289022	-0.06745850296615952
0.0	0.0	0.0	0.0	0.0	0.0	0.0	0.0	0.0	0.0	0.0	0.0	0.0
0.0	0.0	0.0	0.0	0.0	0.0	0.0	0.0	0.0	0.0	0.0	0.0	0.0
0.0	0.0	0.0	0.0	0.0	0.0	0.0	0.0	0.0	0.0	0.0	0.0	0.0
0.0	0.0	0.0	0.0	0.0	0.0	0.0	0.0	0.0	0.0	0.0	0.0	0.0
0.0	0.0	0.0	0.0	0.0	0.0	0.0	0.0	0.0	0.0	0.0	0.0	0.0
0.0	0.0	0.0	0.0	0.0	0.0	0.0	0.0	0.0	0.0	0.0	0.0	0.0
0.0	0.0	0.0	0.0	0.0	0.0	0.0	0.0	0.0	0.0	0.0	0.0	0.0
0.0	0.0	0.0	0.0	0.0	0.0	0.0	0.0	0.0	0.0	0.0	0.0	0.0
0.0	0.0	0.0	0.0	0.0	0.0	0.0	0.0	0.0	0.0	0.0	0.0	0.0
0.0	0.0	0.0	0.0	0.0	0.0	0.0	0.0	0.0	0.0	0.0	0.0	0.0
0.0	0.0	0.0	0.0	0.0	0.0	0.0	0.0	0.0	0.0	0.0	0.0	0.0
0.0	0.0	0.0	0.0	0.0	0.0	0.0	0.0	0.0	0.0	0.0	0.0	0.0
0.0	0.0	0.0	0.0	0.0	0.0	0.0	0.0	0.0	0.0	0.0	0.0	0.0
0.0	0.0	0.0	0.0	0.0	0.0	0.0	0.0	0.0	0.0	0.0	0.0	0.0
0.0	0.0	0.0	0.0	0.0	0.0	0.0	0.0	0.0	0.0	0.0	0.0	0.0
0.0	0.0	0.0	0.0	0.0	0.0	0.0	0.0	0.0	0.0	0.0	0.0	0.0
0.0	0.0	0.0	0.0	0.0	0.0	0.0	0.0	0.0	0.0	0.0	0.0	0.0
0.0	0.0	0.0	0.0	0.0	0.0	0.0	0.0	0.0	0.0	0.0	0.0	0.0
0.0	0.0	0.0	0.0	0.0	0.0	0.0	0.0	0.0	0.0	0.0	0.0	0.0
0.0	0.0	0.0	0.0	0.0	0.0	0.0	0.0	0.0	0.0	0.0	0.0	0.0
0.0	0.0	0.0	0.0	0.0	0.0	0.0	0.0	0.0	0.0	0.0	0.0	0.0
0.0	0.0	0.0	0.0	0.0	0.0	0.0	0.0	0.0	0.0	0.0	0.0	0.0
0.0	0.0	0.0	0.0	0.0	0.0	0.0	0.0	0.0	0.0	0.0	0.0	0.0
0.0	0.0	0.0	0.0	0.0	0.0	0.0	0.0	0.0	0.0	0.0	0.0	0.0
0.0	0.0	0.0	0.0	0.0	0.0	0.0	0.0	0.0	0.0	0.0	0.0	0.0
0.0	0.0	0.0	0.0	0.0	0.0	0.0	0.0	0.0	0.0	0.0	0.0	0.0
0.0	0.0	0.0	0.0	0.0	0.0	0.0	0.0	0.0	0.0	0.0	0.0	0.0
0.0	0.0	0.0	0.0	0.0	0.0	0.0	0.0	0.0	0.0	0.0	0.0	0.0
0.0	0.0	0.0	0.0	0.0	0.0	0.0	0.0	0.0	0.0	0.0	0.0	0.0
0.0	0.0	0.0	0.0	0.0	0.0	0.0	0.0	0.0	0.0	0.0	0.0	0.0
0.0	0.0	0.0	0.0	0.0	0.0	0.0	0.0	0.0	0.0	0.0	0.0	0.0
0.0	0.0	0.0	0.0	0.0	0.0	0.0	0.0	0.0	0.0	0.0	0.0	0.0
0.0	0.0	0.0	0.0	0.0	0.0	0.0	0.0	0.0	0.0	0.0	0.0	0.0
0.0	0.0	0.0	0.0	0.0	0.0	0.0	0.0	0.0	0.0	0.0	0.0	0.0
0.0	0.0	0.0	0.0	0.0	0.0	0.0	0.0	0.0	0.0	0.0	0.0	0.0
0.0	0.0	0.0	0.0	0.0	0.0	0.0	0.0	0.0	0.0	0.0	0.0	0.0
0.0	0.0	0.0	0.0	0.0	0.0	0.0	0.0	0.0	0.0	0.0	0.0	0.0
0.0	0.0	0.0	0.0	0.0	0.0	0.0	0.0	0.0	0.0	0.0	0.0	0.0
0.0	0.0	0.0	0.0	0.0	0.0	0.0	0.0	0.0	0.0	0.0	0.0	0.0
0.0	0.0	0.0	0.0	0.0	0.0	0.0	0.0	0.0	0.0	0.0	0.0	0.0
0.0	0.0	0.0	0.0	0.0	0.0	0.0	0.0	0.0	0.0	0.0	0.0	0.0
0.0	0.0	0.0	0.0	0.0	0.0	0.0	0.0	0.0	0.0	0.0	0.0	0.0
0.0	0.0	0.0	0.0	0.0	0.0	0.0	0.0	0.0	0.0	0.0	0.0	0.0
0.0	0.0	0.0	0.0	0.0	0.0	0.0	0.0	0.0	0.0	0.0	0.0	0.0
0.0	0.0	0.0	0.0	0.0	0.0	0.0	0.0	0.0	0.0	0.0	0.0	0.0
0.0	0.0	0.0	0.0	0.0	0.0	0.0	0.0	0.0	0.0	0.0	0.0	0.0
0.0	0.0	0.0	0.0	0.0	0.0	0.0	0.0	0.0	0.0	0.0	0.0	0.0
0.0	0.0	0.0	0.0	0.0	0.0	0.0	0.0	0.0	0.0	0.0	0.0	0.0
0.0	0.0	0.0	0.0	0.0	0.0	0.0	0.0	0.0	0.0	0.0	0.0	0.0
0.0	0.0	0.0	0.0	0.0	0.0	0.0	0.0	0.0	0.0	0.0	0.0	0.0
0.0	0.0	0.0	0.0	0.0	0.0	0.0	0.0	0.0	0.0	0.0	0.0	0.0
0.0	0.0	0.0	0.0	0.0	0.0	0.0	0.0	0.0	0.0	0.0	0.0	0.0
0.0	0.0	0.0	0.0	0.0	0.0	0.0	0.0	0.0	0.0	0.0	0.0	0.0
0.0	0.0	0.0	0.0	0.0	0.0	0.0	0.0	0.0	0.0	0.0	0.0	0.0
0.0	0.0	0.0	0.0	0.0	0.0	0.0	0.0	0.0	0.0	0.0	0.0	0.0
0.0	0.0	0.0	0.0	0.0	0.0	0.0	0.0	0.0	0.0	0.0	0.0	0.0
0.0	0.0	0.0	0.0	0.0	0.0	0.0	0.0	0.0	0.0	0.0	0.0	0.0
0.0	0.0	0.0	0.0	0.0	0.0	0.0	0.0	0.0	0.0	0.0	0.0	0.0
0.0	0.0	0.0	0.0	0.0	0.0	0.0	0.0	0.0	0.0	0.0	0.0	0.0
0.0	0.0	0.0	0.0	0.0	0.0	0.0	0.0	0.0	0.0	0.0	0.0	0.0
0.0	0.0	0.0	0.0	0.0	0.0	0.0	0.0	0.0	0.0	0.0	0.0	0.0
0.0	0.0	0.0	0.0	0.0	0.0	0.0	0.0	0.0	0.0	0.0	0.0	0.0
0.0	0.0	0.0	0.0	0.0	0.0	0.0	0.0	0.0	0.0	0.0	0.0	0.0
0.0	0.0	0.0	0.0	0.0	0.0	0.0	0.0	0.0	0.0	0.0	0.0	0.0
0.0	0.0	0.0	0.0	0.0	0.0	0.0	0.0	0.0	0.0	0.0	0.0	0.0
0.0	0.0	0.0	0.0	0.0	0.0	0.0	0.0	0.0	0.0	0.0	0.0	0.0
0.0	0.0	0.0	0.0	0.0	0.0	0.0	0.0	0.0	0.0	0.0	0.0	0.0
0.0	0.0	0.0	0.0	0.0	0.0	0.0	0.0	0.0	0.0	0.0	0.0	0.0
0.0	0.0	0.0	0.0	0.0	0.0	0.0	0.0	0.0	0.0	0.0	0.0	0.0
0.0	0.0	0.0	0.0	0.0	0.0	0.0	0.0	0.0	0.0	0.0	0.0	0.0
0.0	0.0	0.0	0.0	0.0	0.0	0.0	0.0	0.0	0.0	0.0	0.0	0.0
0.0	0.0	0.0	0.0	0.0	0.0	0.0	0.0	0.0	0.0	0.0	0.0	0.0
0.0	0.0	0.0	0.0	0.0	0.0	0.0	0.0	0.0	0.0	0.0	0.0	0.0
0.0	0.0	0.0	0.0	0.0	0.0	0.0	0.0	0.0	0.0	0.0	0.0	0.0
0.0	0.0	0.0	0.0	0.0	0.0	0.0	0.0	0.0	0.0	0.0	0.0	0.0
0.0	0.0	0.0	0.0	0.0	0.0	0.0	0.0	0.0	0.0	0.0	0.0	0.0
0.0	0.0	0.0	0.0	0.0	0.0	0.0	0.0	0.0	0.0	0.0	0.0	0.0
0.0	0.0	0.0	0.0	0.0	0.0	0.0	0.0	0.0	0.0	0.0	0.0	0.0
0.0	0.0	0.0	0.0	0.0	0.0	0.0	0.0	0.0	0.0	0.0	0.0	0.0
0.0	0.0	0.0	0.0	0.0	0.0	0.0	0.0	0.0	0.0	0.0	0.0	0.0
0.0	0.0	0.0	0.0	0.0	0.0	0.0	0.0	0.0	0.0	0.0	0.0	0.0
0.0	0.0	0.0	0.0	0.0	0.0	0.0	0.0	0.0	0.0	0.0	0.0	0.0
0.0	0.0	0.0	0.0	0.0	0.0	0.0	0.0	0.0	0.0	0.0	0.0	0.0
0.0	0.0	0.0	0.0	0.0	0.0	0.0	0.0	0.0	0.0	0.0	0.0	0.0
0.0	0.0	0.0	0.0	0.0	0.0	0.0	0.0	0.0	0.0	0.0	0.0	0.0
0.0	0.0	0.0	0.0	0.0	0.0	0.0	0.0	0.0	0.0	0.0	0.0	0.0
0.0	0.0	0.0	0.0	0.0	0.0	0.0	0.0	0.0	0.0	0.0	0.0	0.0
0.0	0.0	0.0	0.0	0.0	0.0	0.0	0.0	0.0	0.0	0.0	0.0	0.0
0.0	0.0	0.0	0.0	0.0	0.0	0.0	0.0	0.0	0.0	0.0	0.0	0.0
0.0	0.0	0.0	0.0	0.0	0.0	0.0	0.0	0.0	0.0	0.0	0.0	0.0
0.0	0.0	0.0	0.0	0.0	0.0	0.0	0.0	0.0	0.0	0.0	0.0	0.0
0.0	0.0	0.0	0.0	0.0	0.0	0.0	0.0	0.0	0.0	0.0	0.0	0.0
0.0	0.0	0.0	0.0	0.0	0.0	0.0	0.0	0.0	0.0	0.0	0.0	0.0
0.0	0.0	0.0	0.0	0.0	0.0	0.0	0.0	0.0	0.0	0.0	0.0	0.0
0.0	0.0	0.0	0.0	0.0	0.0	0.0	0.0	0.0	0.0	0.0	0.0	0.0
0.0	0.0	0.0	0.0	0.0	0.0	0.0	0.0	0.0	0.0	0.0	0.0	0.0
0.0	0.0	0.0	0.0	0.0	0.0	0.0	0.0	0.0	0.0	0.0	0.0	0.0
0.0	0.0	0.0	0.0	0.0	0.0	0.0	0.0	0.0	0.0	0.0	0.0	0.0
0.0	0.0	0.0	0.0	0.0	0.0	0.0	0.0	0.0	0.0	0.0	0.0	0.0
0.0	0.0	0.0	0.0	0.0	0.0	0.0	0.0	0.0	0.0	0.0	0.0	0.0
0.0	0.0	0.0	0.0	0.0	0.0	0.0	0.0	0.0	0.0	0.0	0.0	0.0
0.0	0.0	0.0	0.0	0.0	0.0	0.0	0.0	0.0	0.0	0.0	0.0	0.0
0.0	0.0	0.0	0.0	0.0	0.0	0.0	0.0	0.0	0.0	0.0	0.0	0.0
0.0	0.0	0.0	0.0	0.0	0.0	0.0	0.0	0.0	0.0	0.0	0.0	0.0
0.0	0.0	0.0	0.0	0.0	0.0	0.0	0.0	0.0	0.0	0.0	0.0	0.0
0.0	0.0	0.0	0.0	0.0	0.0	0.0	0.0	0.0	0.0	0.0	0.0	0.0
0.0	0.0	0.0	0.0	0.0	0.0	0.0	0.0	0.0	0.0	0.0	0.0	0.0
0.0	0.0	0.0	0.0	0.0	0.0	0.0	0.0	0.0	0.0	0.0	0.0	0.0
0.0	0.0	0.0	0.0	0.0	0.0	0.0	0.0	0.0	0.0	0.0	0.0	0.0
0.0	0.0	0.0	0.0	0.0	0.0	0.0	0.0	0.0	0.0	0.0	0.0	0.0
0.0	0.0	0.0	0.0	0.0	0.0	0.0	0.0	0.0	0.0	0.0	0.0	0.0
0.0	0.0	0.0	0.0	0.0	0.0	0.0	0.0	0.0	0.0	0.0	0.0	0.0
0.0	0.0	0.0	0.0	0.0	0.0	0.0	0.0	0.0	0.0	0.0	0.0	0.0
0.0	0.0	0.0	0.0	0.0	0.0	0.0	0.0	0.0	0.0	0.0	0.0	0.0
0.0	0.0	0.0	0.0	0.0	0.0	0.0	0.0	0.0	0.0	0.0	0.0	0.0
0.0	0.0	0.0	0.0	0.0	0.0	0.0	0.0	0.0	0.0	0.0	0.0	0.0
0.0	0.0	0.0	0.0	0.0	0.0	0.0	0.0	0.0	0.0	0.0	0.0	0.0
0.0	0.0	0.0	0.0	0.0	0.0	0.0	0.0	0.0	0.0	0.0	0.0	0.0
0.0	0.0	0.0	0.0	0.0	0.0	0.0	0.0	0.0	0.0	0.0	0.0	0.0
0.0	0.0	0.0	0.0	0.0	0.0	0.0	0.0	0.0	0.0	0.0	0.0	0.0
0.0	0.0	0.0	0.0	0.0	0.0	0.0	0.0	0.0	0.0	0.0	0.0	0.0
0.0	0.0	0.0	0.0	0.0	0.0	0.0	0.0	0.0	0.0	0.0	0.0	0.0
0.0	0.0	0.0	0.0	0.0	0.0	0.0	0.0	0.0	0.0	0.0	0.0	0.0
0.0	0.0	0.0	0.0	0.0	0.0	0.0	0.0	0.0	0.0	0.0	0.0	0.0
0.0	0.0	0.0	0.0	0.0	0.0	0.0	0.0	0.0	0.0	0.0	0.0	0.0
0.0	0.0	0.0	0.0	0.0	0.0	0.0	0.0	0.0	0.0	0.0	0.0	0.0
0.0	0.0	0.0	0.0	0.0	0.0	0.0	0.0	0.0	0.0	0.0	0.0	0.0
0.0	0.0	0.0	0.0	0.0	0.0	0.0	0.0	0.0	0.0	0.0	0.0	0.0
0.0	0.0	0.0	0.0	0.0	0.0	0.0	0.0	0.0	0.0	0.0	0.0	0.0
0.0	0.0	0.0	0.0	0.0	0.0	0.0	0.0	0.0	0.0	0.0	0.0	0.0
0.0	0.0	0.0	0.0	0.0	0.0	0.0	0.0	0.0	0.0	0.0	0.0	0.0
0.0	0.0	0.0	0.0	0.0	0.0	0.0	0.0	0.0	0.0	0.0	0.0	0.0
0.0	0.0	0.0	0.0	0.0	0.0	0.0	0.0	0.0	0.0	0.0	0.0	0.0
0.0	0.0	0.0	0.0	0.0	0.0	0.0	0.0	0.0	0.0	0.0	0.0	0.0
0.0	0.0	0.0	0.0	0.0	0.0	0.0	0.0	0.0	0.0	0.0	0.0	0.0
0.0	0.0	0.0	0.0	0.0	0.0	0.0	0.0	0.0	0.0	0.0	0.0	0.0
0.0	0.0	0.0	0.0	0.0	0.0	0.0	0.0	0.0	0.0	0.0	0.0	0.0
0.0	0.0	0.0	0.0	0.0	0.0	0.0	0.0	0.0	0.0	0.0	0.0	0.0
0.0	0.0	0.0	0.0	0.0	0.0	0.0	0.0	0.0	0.0	0.0	0.0	0.0
0.0	0.0	0.0	0.0	0.0	0.0	0.0	0.0	0.0	0.0	0.0	0.0	0.0
0.0	0.0	0.0	0.0	0.0	0.0	0.0	0.0	0.0	0.0	0.0	0.0	0.0
0.0	0.0	0.0	0.0	0.0	0.0	0.0	0.0	0.0	0.0	0.0	0.0	0.0
0.0	0.0	0.0	0.0	0.0	0.0	0.0	0.0	0.0	0.0	0.0	0.0	0.0
0.0	0.0	0.0	0.0	0.0	0.0	0.0	0.0	0.0	0.0	0.0	0.0	0.0
0.0	0.0	0.0	0.0	0.0	0.0	0.0	0.0	0.0	0.0	0.0	0.0	0.0
0.0	0.0	0.0	0.0	0.0	0.0	0.0	0.0	0.0	0.0	0.0	0.0	0.0
0.0	0.0	0.0	0.0	0.0	0.0	0.0	0.0	0.0	0.0	0.0	0.0	0.0
0.0	0.0	0.0	0.0	0.0	0.0	0.0	0.0	0.0	0.0	0.0	0.0	0.0
0.0	0.0	0.0	0.0	0.0	0.0	0.0	0.0	0.0	0.0	0.0	0.0	0.0
0.0	0.0	0.0	0.0	0.0	0.0	0.0	0.0	0.0	0.0	0.0	0.0	0.0
0.0	0.0	0.0	0.0	0.0	0.0	0.0	0.0	0.0	0.0	0.0	0.0	0.0
0.0	0.0	0.0	0.0	0.0	0.0	0.0	0.0	0.0	0.0	0.0	0.0	0.0
0.0	0.0	0.0	0.0	0.0	0.0	0.0	0.0	0.0	0.0	0.0	0.0	0.0
0.0	0.0	0.0	0.0	0.0	0.0	0.0	0.0	0.0	0.0	0.0	0.0	0.0
0.0	0.0	0.0	0.0	0.0	0.0	0.0	0.0	0.0	0.0	0.0	0.0	0.0
0.0	0.0	0.0	0.0	0.0	0.0	0.0	0.0	0.0	0.0	0.0	0.0	0.0
0.0	0.0	0.0	0.0	0.0	0.0	0.0	0.0	0.0	0.0	0.0	0.0	0.0
0.0	0.0	0.0	0.0	0.0	0.0	0.0	0.0	0.0	0.0	0.0	0.0	0.0
0.0	0.0	0.0	0.0	0.0	0.0	0.0	0.0	0.0	0.0	0.0	0.0	0.0
0.0	0.0	0.0	0.0	0.0	0.0	0.0	0.0	0.0	0.0	0.0	0.0	0.0
0.0	0.0	0.0	0.0	0.0	0.0	0.0	0.0	0.0	0.0	0.0	0.0	0.0
0.0	0.0	0.0	0.0	0.0	0.0	0.0	0.0	0.0	0.0	0.0	0.0	0.0
0.0	0.0	0.0	0.0	0.0	0.0	0.0	0.0	0.0	0.0	0.0	0.0	0.0
0.0	0.0	0.0	0.0	0.0	0.0	0.0	0.0	0.0	0.0	0.0	0.0	0.0
0.0	0.0	0.0	0.0	0.0	0.0	0.0	0.0	0.0	0.0	0.0	0.0	0.0
0.0	0.0	0.0	0.0	0.0	0.0	0.0	0.0	0.0	0.0	0.0	0.0	0.0
0.0	0.0	0.0	0.0	0.0	0.0	0.0	0.0	0.0	0.0	0.0	0.0	0.0
0.0	0.0	0.0	0.0	0.0	0.0	0.0	0.0	0.0	0.0	0.0	0.0	0.0
0.0	0.0	0.0	0.0	0.0	0.0	0.0	0.0	0.0	0.0	0.0	0.0	0.0
0.0	0.0	0.0	0.0	0.0	0.0	0.0	0.0	0.0	0.0	0.0	0.0	0.0
0.0	0.0	0.0	0.0	0.0	0.0	0.0	0.0	0.0	0.0	0.0	0.0	0.0
0.0	0.0	0.0	0.0	0.0	0.0	0.0	0.0	0.0	0.0	0.0	0.0	0.0
0.0	0.0	0.0	0.0	0.0	0.0	0.0	0.0	0.0	0.0	0.0	0.0	0.0
0.0	0.0	0.0	0.0	0.0	0.0	0.0	0.0	0.0	0.0	0.0	0.0	0.0
0.0	0.0	0.0	0.0	0.0	0.0	0.0	0.0	0.0	0.0	0.0	0.0	0.0
0.0	0.0	0.0	0.0	0.0	0.0	0.0	0.0	0.0	0.0	0.0	0.0	0.0
0.0	0.0	0.0	0.0	0.0	0.0	0.0	0.0	0.0	0.0	0.0	0.0	0.0
0.0	0.0	0.0	0.0	0.0	0.0	0.0	0.0	0.0	0.0	0.0	0.0	0.0
0.0	0.0	0.0	0.0	0.0	0.0	0.0	0.0	0.0	0.0	0.0	0.0	0.0
0.0	0.0	0.0	0.0	0.0	0.0	0.0	0.0	0.0	0.0	0.0	0.0	0.0
0.0	0.0	0.0	0.0	0.0	0.0	0.0	0.0	0.0	0.0	0.0	0.0	0.0
0.0	0.0	0.0	0.0	0.0	0.0	0.0	0.0	0.0	0.0	0.0	0.0	0.0
0.0	0.0	0.0	0.0	0.0	0.0	0.0	0.0	0.0	0.0	0.0	0.0	0.0
0.0	0.0	0.0	0.0	0.0	0.0	0.0	0.0	0.0	0.0	0.0	0.0	0.0
0.0	0.0	0.0	0.0	0.0	0.0	0.0	0.0	0.0	0.0	0.0	0.0	0.0
0.0	0.0	0.0	0.0	0.0	0.0	0.0	0.0	0.0	0.0	0.0	0.0	0.0
0.0	0.0	0.0	0.0	0.0	0.0	0.0	0.0	0.0	0.0	0.0	0.0	0.0
0.0	0.0	0.0	0.0	0.0	0.0	0.0	0.0	0.0	0.0	0.0	0.0	0.0
0.0	0.0	0.0	0.0	0.0	0.0	0.0	0.0	0.0	0.0	0.0	0.0	0.0
0.0	0.0	0.0	0.0	0.0	0.0	0.0	0.0	0.0	0.0	0.0	0.0	0.0
0.0	0.0	0.0	0.0	0.0	0.0	0.0	0.0	0.0	0.0	0.0	0.0	0.0
0.0	0.0	0.0	0.0	0.0	0.0	0.0	0.0	0.0	0.0	0.0	0.0	0.0
0.0	0.0	0.0	0.0	0.0	0.0	0.0	0.0	0.0	0.0	0.0	0.0	0.0
0.0	0.0	0.0	0.0	0.0	0.0	0.0	0.0	0.0	0.0	0.0	0.0	0.0
0.0	0.0	0.0	0.0	0.0	0.0	0.0	0.0	0.0	0.0	0.0	0.0	0.0
0.0	0.0	0.0	0.0	0.0	0.0	0.0	0.0	0.0	0.0	0.0	0.0	0.0
0.0	0.0	0.0	0.0	0.0	0.0	0.0	0.0	0.0	0.0	0.0	0.0	0.0
0.0	0.0	0.0	0.0	0.0	0.0	0.0	0.0	0.0	0.0	0.0	0.0	0.0
0.0	0.0	0.0	0.0	0.0	0.0	0.0	0.0	0.0	0.0	0.0	0.0	0.0
0.0	0.0	0.0	0.0	0.0	0.0	0.0	0.0	0.0	0.0	0.0	0.0	0.0
0.0	0.0	0.0	0.0	0.0	0.0	0.0	0.0	0.0	0.0	0.0	0.0	0.0
0.0	0.0	0.0	0.0	0.0	0.0	0.0	0.0	0.0	0.0	0.0	0.0	0.0
0.0	0.0	0.0	0.0	0.0	0.0	0.0	0.0	0.0	0.0	0.0	0.0	0.0
0.0	0.0	0.0	0.0	0.0	0.0	0.0	0.0	0.0	0.0	0.0	0.0	0.0
0.0	0.0	0.0	0.0	0.0	0.0	0.0	0.0	0.0	0.0	0.0	0.0	0.0
0.0	0.0	0.0	0.0	0.0	0.0	0.0	0.0	0.0	0.0	0.0	0.0	0.0
0.0	0.0	0.0	0.0	0.0	0.0	0.0	0.0	0.0	0.0	0.0	0.0	0.0
0.0	0.0	0.0	0.0	0.0	0.0	0.0	0.0	0.0	0.0	0.0	0.0	0.0
0.0	0.0	0.0	0.0	0.0	0.0	0.0	0.0	0.0	0.0	0.0	0.0	0.0
0.0	0.0	0.0	0.0	0.0	0.0	0.0	0.0	0.0	0.0	0.0	0.0	0.0
0.0	0.0	0.0	0.0	0.0	0.0	0.0	0.0	0.0	0.0	0.0	0.0	0.0
0.0	0.0	0.0	0.0	0.0	0.0	0.0	0.0	0.0	0.0	0.0	0.0	0.0
0.0	0.0	0.0	0.0	0.0	0.0	0.0	0.0	0.0	0.0	0.0	0.0	0.0
0.0	0.0	0.0	0.0	0.0	0.0	0.0	0.0	0.0	0.0	0.0	0.0	0.0
0.0	0.0	0.0	0.0	0.0	0.0	0.0	0.0	0.0	0.0	0.0	0.0	0.0
0.0	0.0	0.0	0.0	0.0	0.0	0.0	0.0	0.0	0.0	0.0	0.0	0.0
0.0	0.0	0.0	0.0	0.0	0.0	0.0	0.0	0.0	0.0	0.0	0.0	0.0
0.0	0.0	0.0	0.0	0.0	0.0	0.0	0.0	0.0	0.0	0.0	0.0	0.0
0.0	0.0	0.0	0.0	0.0	0.0	0.0	0.0	0.0	0.0	0.0	0.0	0.0
0.0	0.0	0.0	0.0	0.0	0.0	0.0	0.0	0.0	0.0	0.0	0.0	0.0
0.0	0.0	0.0	0.0	0.0	0.0	0.0	0.0	0.0	0.0	0.0	0.0	0.0
0.0	0.0	0.0	0.0	0.0	0.0	0.0	0.0	0.0	0.0	0.0	0.0	0.0
0.0	0.0	0.0	0.0	0.0	0.0	0.0	0.0	0.0	0.0	0.0	0.0	0.0
0.0	0.0	0.0	0.0	0.0	0.0	0.0	0.0	0.0	0.0	0.0	0.0	0.0
0.0	0.0	0.0	0.0	0.0	0.0	0.0	0.0	0.0	0.0	0.0	0.0	0.0
0.0	0.0	0.0	0.0	0.0	0.0	0.0	0.0	0.0	0.0	0.0	0.0	0.0
0.0	0.0	0.0	0.0	0.0	0.0	0.0	0.0	0.0	0.0	0.0	0.0	0.0
0.0	0.0	0.0	0.0	0.0	0.0	0.0	0.0	0.0	0.0	0.0	0.0	0.0
0.0	0.0	0.0	0.0	0.0	0.0	0.0	0.0	0.0	0.0	0.0	0.0	0.0
0.0	0.0	0.0	0.0	0.0	0.0	0.0	0.0	0.0	0.0	0.0	0.0	0.0
0.0	0.0	0.0	0.0	0.0	0.0	0.0	0.0	0.0	0.0	0.0	0.0	0.0
0.0	0.0	0.0	0.0	0.0	0.0	0.0	0.0	0.0	0.0	0.0	0.0	0.0
0.0	0.0	0.0	0.0	0.0	0.0	0.0	0.0	0.0	0.0	0.0	0.0	0.0
0.0	0.0	0.0	0.0	0.0	0.0	0.0	0.0	0.0	0.0	0.0	0.0	0.0
0.0	0.0	0.0	0.0	0.0	0.0	0.0	0.0	0.0	0.0	0.0	0.0	0.0
0.0	0.0	0.0	0.0	0.0	0.0	0.0	0.0	0.0	0.0	0.0	0.0	0.0
0.0	0.0	0.0	0.0	0.0	0.0	0.0	0.0	0.0	0.0	0.0	0.0	0.0
0.0	0.0	0.0	0.0	0.0	0.0	0.0	0.0	0.0	0.0	0.0	0.0	0.0
0.0	0.0	0.0	0.0	0.0	0.0	0.0	0.0	0.0	0.0	0.0	0.0	0.0
0.0	0.0	0.0	0.0	0.0	0.0	0.0	0.0	0.0	0.0	0.0	0.0	0.0
0.0	0.0	0.0	0.0	0.0	0.0	0.0	0.0	0.0	0.0	0.0	0.0	0.0
0.0	0.0	0.0	0.0	0.0	0.0	0.0	0.0	0.0	0.0	0.0	0.0	0.0
0.0	0.0	0.0	0.0	0.0	0.0	0.0	0.0	0.0	0.0	0.0	0.0	0.0
0.0	0.0	0.0	0.0	0.0	0.0	0.0	0.0	0.0	0.0	0.0	0.0	0.0
0.0	0.0	0.0	0.0	0.0	0.0	0.0	0.0	0.0	0.0	0.0	0.0	0.0
0.0	0.0	0.0	0.0	0.0	0.0	0.0	0.0	0.0	0.0	0.0	0.0	0.0
0.0	0.0	0.0	0.0	0.0	0.0	0.0	0.0	0.0	0.0	0.0	0.0	0.0
0.0	0.0	0.0	0.0	0.0	0.0	0.0	0.0	0.0	0.0	0.0	0.0	0.0
0.0	0.0	0.0	0.0	0.0	0.0	0.0	0.0	0.0	0.0	0.0	0.0	0.0
0.0	0.0	0.0	0.0	0.0	0.0	0.0	0.0	0.0	0.0	0.0	0.0	0.0
0.0	0.0	0.0	0.0	0.0	0.0	0.0	0.0	0.0	0.0	0.0	0.0	0.0
0.0	0.0	0.0	0.0	0.0	0.0	0.0	0.0	0.0	0.0	0.0	0.0	0.0
0.0	0.0	0.0	0.0	0.0	0.0	0.0	0.0	0.0	0.0	0.0	0.0	0.0
0.0	0.0	0.0	0.0	0.0	0.0	0.0	0.0	0.0	0.0	0.0	0.0	0.0
